\ The attitudes of the telescope.
|field|                ra|                dec|                pa|
| long|            double|             double|            double|
|     |               deg|                deg|               deg|
| null|              null|               null|              null|
     0  264.4165142057306 -29.706933121689925  302.1372365201943 
     1  264.4146341456202 -29.702618890300453  300.9605433803421 
     2 264.41735346555237 -29.702788974511602  303.8305897255194 
     3  264.4151066555085 -29.703188556289327  302.4006885591073 
     4  264.4985612482406  -29.59058021765109 302.54573861053353 
     5  264.4994163854563 -29.590424420096447 301.96093319549436 
     6  264.4992269423104 -29.589146925613655   303.932338697969 
     7 264.49608759461154 -29.589639196600142 300.39581922063104 
     8 264.28745400658994  -29.63062458726008  302.7345946549963 
     9 264.28812416515814 -29.631769954205303 301.96028421139897 
    10 264.28672660512547 -29.630942571844678  302.8109906407629 
    11 264.28657042954814 -29.631026633416802 302.76135490448655 
    12 264.37042328994073 -29.516950427719685  301.5808374051465 
    13  264.3690904371785 -29.518472438700044  303.0208993228755 
    14 264.37040050999474   -29.5183092026935  303.6875327885262 
    15  264.3693333433458 -29.518658266816537  302.2082176371694 
