\ This script generates Case-5 astrometry challenges. The telescope used in this
\ challenge is affected by distortion. Astronomical sources are retrived from
\ the Gaia EDR3 catalog, while observations fields are not in the Galactic
\ center region. In total, 10 fields are obtained for each distortion pattern. A
\ list of source positions on the focal plane and original ICRS coordinates is
\ provided. Solve the position angle and distortion parameters.
\distortion_K=(48.77725635611796,)
\distortion_S=(-1.43752271353587, -0.5569769299914513)
\distortion_T=(-55.31674870030141,)
\distortion_scale=1.0033126343140357
|                  x|                  y|                ra|                dec|field|
|             double|             double|            double|             double| long|
|                   |                   |                  |                   |     |
|               null|               null|              null|               null| null|
  19622.007060725435 -18904.211845156642 350.92089730858436 -33.473216462843226     0 
  18800.463235556246  15677.618771285017  350.6450669687385  -33.34261787756943     0 
  15551.647535428569  15146.540718383896 350.66317920782393  -33.32262543253729     0 
  19257.044234069093  -9401.457384247155 350.84665803970756 -33.438228744036444     0 
  19117.094326301565  -9926.576760748965  350.8515387364464 -33.439154840271506     0 
  18582.195191497485 -15025.719021189456  350.8949150702498  -33.45334201445347     0 
  15463.348973388049  -16038.10523517846  350.9170091761803   -33.4361657908605     0 
  15511.709255549767 -15194.701094494663 350.91008781997937 -33.433578980618776     0 
  14100.941956579534 -13694.666559991314  350.9044647637949 -33.418918338764485     0 
    16908.2716711969  -5280.412110646155  350.8236163196435  -33.40775618143936     0 
  14446.282997351593 -2585.0588593043994  350.8125532631241 -33.381226909583916     0 
  14574.665915517602  -8600.419400700324 350.86119625526464 -33.404009767312814     0 
   9073.542802652513  -4342.804859221568   350.851174708411  -33.35094174021759     0 
   9642.567936754782  -16973.37100541074 350.95053042843915  -33.40036490552166     0 
   7298.095900193211 -15497.314838326962 350.94931961045586  -33.37928126275895     0 
   8369.196753434879 -13549.045124625287 350.92904229138344 -33.379626415399805     0 
    7547.40132901665 -12074.075131543774 350.92089939309557  -33.36872815866938     0 
    209.999179110063 -17338.035946224874 350.99487180956345  -33.33764104145065     0 
   -180.961757470634  -18773.19058258058 351.00767993608275 -33.340133337190366     0 
   6723.555971106388  -6018.302207516977 350.87547739974406  -33.34096641509573     0 
  19491.401457969965  1602.1957889729574 350.75575148882876 -33.399880088461174     0 
  14358.754703525914  3767.5716278509913  350.7607051231732  -33.35704621851504     0 
   8226.962537604062 -1736.9470210403256  350.8335597851811  -33.33545427938251     0 
   6716.312577745664    -22.652919257715 350.82623742050595  -33.31864853260369     0 
   9908.626636055555   7319.432474751407  350.7514110059579  -33.31322462902934     0 
  11455.467418998654   7432.140224802576  350.7435760654742  -33.32344138575265     0 
  15122.496090749755   9325.857087359664  350.7118884656929  -33.34145969711977     0 
   9127.835627070443   4990.093425578219 350.77405237291794  -33.31655546160202     0 
  3554.0271677768906   6041.018438502202 350.79049210916384  -33.27418871583939     0 
   3549.676897628512   7451.856278055106  350.7789103285607  -33.26891102567529     0 
  1752.9064287727615   -968.002751162211  350.8563306464018  -33.28792987469327     0 
  -7402.527873461335  -5550.578061141064 350.93395994008495 -33.242471311632585     0 
  -9899.647066757725 -1614.5056883966265 350.91283275982624  -33.21101531285525     0 
  1525.2434636887797    4128.39747583711  350.8153771151291 -33.267340993834914     0 
 -3277.3235369574027    2610.91355850014 350.84935439267736  -33.24006822370702     0 
  -4587.465681268929   4609.645884313203  350.8387730509945  -33.22374314822808     0 
  -4571.412790634621   7159.464024163046 350.81779624830386 -33.214457352324764     0 
  -10861.90110887804   7444.461362283129  350.8433141038056  -33.17131765185346     0 
  -11768.78637975297   5660.775492478267     350.8617781592 -33.171806787817175     0 
   -6594.74895657659  -18796.41491436983 351.03486669484573  -33.29689876154803     0 
   -8368.83018294154  -18298.08446794883  351.0383484821982 -33.283186103383706     0 
 -10641.797769146593 -17308.778418317695 351.04002439658257  -33.26438847432104     0 
 -12026.301335187925 -19900.101488786146  351.0651856752618 -33.264711523882234     0 
  -8826.194374620629 -14113.518309342446 351.00794880171145  -33.26473440121636     0 
   -7931.29411513532  -9570.169592201457   350.968423489007   -33.2538893541787     0 
  -14152.49246901852 -10454.805814317842 351.00114364354454  -33.21571939351196     0 
  -9850.949988021526 -4644.8605659683835  350.9371121804141   -33.2226247554089     0 
 -10627.914632974114  -4423.791823456142  350.9386270113754  -33.21660670770209     0 
  14193.718490285979  13288.736706157464  350.6839333398331 -33.320307303640234     0 
   8348.064122050298  12785.018642245126  350.7138219774019   -33.2821439283078     0 
   8198.360948169915  12913.000563521135  350.7134537816985  -33.28064255386493     0 
   6808.079476419128  18050.903266400517   350.678429722382 -33.252291271881916     0 
  1093.3126419002008  11612.577480025278 350.75592855731315  -33.23669876387627     0 
   9334.212943984878   20143.36590907456 350.65075709862424  -33.26191651233309     0 
   8483.695438539638   18830.18654174834  350.6648357448975  -33.26088917120502     0 
   5181.161117173558  19115.541710295274  350.6772285451299 -33.237363225396315     0 
    -885.94961875845  11548.638684324844 350.76536921670936  -33.22342981137527     0 
  -4209.338199186454   8901.733180693527  350.8019169915673  -33.21052755016415     0 
 -1473.3998665790848  13959.196916199444 350.74843993190285  -33.21069895732962     0 
  -11937.50328405094  13168.772784210221 350.80167147282236  -33.14384007097101     0 
  -13903.99702801966  11198.247935844152  350.8262122746903  -33.13800673386881     0 
 -10008.005669559798   16537.10961108217 350.76603167382206 -33.144687108769475     0 
  -6582.620632981133  17265.845866110394  350.7448385945596  -33.16470232544218     0 
 -11143.537193496835  17958.765132583667 350.75975933613705 -33.132401343968496     0 
 -13151.019981183705    17395.5115895208  350.7731850983082  -33.12136597684624     0 
 -14272.313845664037     20124.260489921  350.7565535978401 -33.105012539865044     0 
 -14483.990051550958   7795.297962071759  350.8562319660781  -33.14634932192695     0 
 -14535.749478357831   7667.915435495634 350.85748595593327  -33.14647022546829     0 
 -16946.803484884775  11517.729554415353  350.8368705727694  -33.11737058010993     0 
   -20209.7754611518  16047.252644653609 350.81484004100133  -33.08141443207321     0 
  3655.5573091880883  -19365.67112858559  348.5746021326537 -31.920427910460486     1 
  13160.483259115585 -20321.146683047114  348.4884487201146 -31.917961667959354     1 
  17895.849294458385 -18469.484900157826  348.4481691825249 -31.899306553179784     1 
  13777.678327505424 -18069.078686450383 348.48503866856475 -31.900842129049106     1 
    13206.7906360368 -14916.535336911056  348.4931572488988  -31.87808428929599     1 
  -11452.02983434567  -19892.94003043403  348.7081742270062  -31.93630771216596     1 
 -11656.704687045363 -17314.923255401816 348.71330793084536 -31.917798574354883     1 
  -8921.473545817662 -19775.731421652858 348.68621922977394 -31.933706553726754     1 
  -8663.199755541433 -17326.371291322757 348.68705421131926 -31.915733398189808     1 
  -7009.828910686388 -16595.967545262403  348.6733503428999 -31.909131562378576     1 
 -1863.3782686304141  -16894.21700879324  348.6270394939421 -31.907164395564543     1 
 -1449.1152940182903  -16544.49885036936 348.62372832415076 -31.904231035790662     1 
  -6078.029361794605 -15678.933458466936  348.6662014713865 -31.901646719811907     1 
  -5890.131941343409 -14469.597168593942 348.66600770983626 -31.892537330461654     1 
 -3551.0638482649397 -13861.729437038543 348.64579789320754  -31.88608464375692     1 
 -5977.2863569966585  -8148.876903354784 348.67442547566196 -31.845060313093512     1 
 -14243.494680126552  -10774.92054323546 348.74418755170757 -31.871431910301762     1 
 -15449.289501100086  -3732.781442183112 348.76323431149063  -31.81939693873061     1 
 -14782.599665315993  -4344.901305680205  348.7567439043777 -31.823490645728384     1 
 -20059.221914334365  -946.4498989564264 348.80576513690085  -31.80211821369186     1 
 -19993.198424781036  -544.8321021561077 348.80566177766894 -31.799036041527305     1 
  -6880.386068854811  -7359.603987389246 348.68346043050076   -31.8398260848096     1 
  -7627.422072845033   -2087.21884811643 348.69632175404905 -31.800107231733744     1 
 -14856.006523572663  -3281.500932896195  348.7586322689552  -31.81548613730696     1 
 -11391.382873254559 -103.95651547344787 348.73200268743375 -31.788248479000604     1 
  -12355.01703384069   5727.114909211022 348.74677752114786 -31.744430505376673     1 
  -17371.47637389971   4576.855806361271  348.7889609172908 -31.757947502350884     1 
 -15812.265611605204   7929.922627000181  348.7789885552799 -31.730984810515796     1 
 -18349.503692012222   9806.326435183324  348.8024098289551  -31.71929711893893     1 
  -18142.38595129009  11734.103815580744 348.80241515650545 -31.704573794417204     1 
  3196.8214591666483 -15339.330451733409  348.5831713764272 -31.891148077095785     1 
   6919.994449861063 -13711.356826990894 348.55118805228443 -31.875422500736036     1 
    5241.15018849953 -10028.441698061328 348.57046762987625  -31.84918448415376     1 
   5251.792392378005  -8846.787908872106 348.57167668020577 -31.840156093736418     1 
  10857.350036145619  -4658.546062511025  348.5250499556668  -31.80242456835369     1 
   6645.568296303172 -4158.1134707636675  348.5641211787798 -31.802718240817338     1 
  3109.5182868753086 -2365.4839259656305 348.59853810980064 -31.792256425084712     1 
   6412.156521088618   1941.493336012227  348.5730693572969  -31.75556736416272     1 
  -5023.295105602035 -2339.4159282310984  348.6726327144333  -31.79969037755824     1 
  -3023.967595437433   -1214.78170685091  348.6558216066113 -31.789153711267012     1 
  -4160.159548088576   2618.838294306811  348.6704110770826 -31.760534964400723     1 
  -3103.802308815591   3387.805028991892  348.6616895374629  -31.75355977115155     1 
  -8187.710769971187   3903.748106296299  348.7080068627484 -31.754451291402585     1 
  -5570.630047784589   5242.599818465269 348.68599513496315 -31.741589092388146     1 
  -5272.557807711172   7473.240129527225 348.68568102590496 -31.724069580721896     1 
  -6924.781769328413   7980.292535580486  348.7010301349305  -31.72180334532145     1 
  -8654.800956054924   8617.095077890073  348.7171013412996  -31.71863557730982     1 
  -8240.323595441254   10199.73958350648 348.71501015588217 -31.706088486084845     1 
  -255.3168150732052   6731.240905023798   348.639432863453   -31.7248500631875     1 
  -763.5211675996217   5794.389071749426 348.64304530983065 -31.732613628123982     1 
  2741.4116367528036   5128.563829500491  348.6102909817757  -31.73435097144948     1 
   958.2273061889147   6626.348123032318  348.6282472672042 -31.724469151032608     1 
   2720.182422350741  6898.0874847762625 348.61243730251516  -31.72063056229346     1 
  15845.214774947612  -4680.465235446126 348.47976337482345 -31.797566027167395     1 
   12218.11816713001 -2989.3141957609664  348.5144590827007 -31.788158658642867     1 
  17433.055326571517  -1280.278523034425   348.469104422014 -31.769745364528784     1 
  18115.578623641577  -2581.507409675813  348.4615805160067 -31.779102867499212     1 
   16577.50280199027 -1460.2851301676262 348.47660773970534 -31.771985287222194     1 
  17443.862943033768   -514.528441041061  348.4698409798362  -31.76381972507293     1 
  11419.606421529652   5358.059399595826 348.53105309709093  -31.72414330343779     1 
   9623.849750559097   6231.790931490571 348.54845509825236 -31.719089355760527     1 
  12914.146394665366   5786.946712865812  348.5179192355003   -31.7193899571591     1 
  18220.644067586865   7941.229500258572 348.47247689034106  -31.69783138437126     1 
   18534.54950851617  12486.361019574748  348.4751138604598 -31.662824772779775     1 
   18968.87610582721  11405.770081530469  348.4699300830166  -31.67066801096596     1 
   3108.088998026185   18404.78373079588   348.621235067739 -31.632195534351368     1 
 -11868.261119213435  10898.242226964223 348.74767188239497 -31.704454203834395     1 
  16001.011333488854   16466.89563716395  348.5026021665958  -31.63490883851981     1 
  13786.183216531772  16743.608979612676  348.5228150286659 -31.634736929886433     1 
  7655.0195188311955   19512.13852057445  348.5813199247262 -31.619533949554356     1 
  -13329.92994157363  12207.274068928602  348.7616283090028  -31.69602669287074     1 
 -12801.962352615312  14448.469128651095 348.75908130145865 -31.678551346725463     1 
 -10540.906108980176  13857.572034071483 348.73882814309707 -31.680621345398762     1 
  -18347.85658977187  16401.637204482286 348.80809940243887  -31.66992226623564     1 
 -16043.224955210699  17400.572904175508 348.78942002288824  -31.65998208346006     1 
  14105.733664391051  -20162.02602155009  351.2334674099712  -32.84703234371287     2 
  14138.455003660936 -20109.054890056996   351.233030867812  -32.84674156656018     2 
   14645.70585886983 -15554.328813885475 351.21531368782337  -32.81610722063936     2 
  -4811.763637492638 -18883.818357471246 351.39347010256853  -32.79216252713456     2 
  -14300.55059106466  -16576.21162698948 351.46691623648013   -32.7517125424421     2 
 -14204.367820485693 -16441.637528145115  351.4657874013422  -32.75100875065715     2 
   793.7850674276028 -20071.599604069226 351.34858313621334 -32.814569982669674     2 
 -1109.4104853831857 -14412.069696149154 351.34963549136216  -32.76979546665977     2 
  13026.322774798784  -12676.49164859715 351.22096583135846  -32.79185527384112     2 
   5520.773752275795 -12101.022438999038  351.2851940153783 -32.769634679411325     2 
  -7838.191629596789 -13389.826344204408 351.40465220873654 -32.745474220435646     2 
 -11974.398613236686 -13155.697521671054  351.4388541101711 -32.733322166864355     2 
 -13491.972761874656 -13294.897126238693    351.45182693394  -32.73048043604914     2 
 -2996.6776158888574  -9202.725022154185  351.3515110652396 -32.727376748099545     2 
  -4964.940404843462  -8415.638169647693  351.3663585864868 -32.716695861684904     2 
  -9456.863289778981 -4818.1295749597775 351.39481548892604 -32.679177426246014     2 
  -9242.947467345824 -1659.2289627021864  351.3839791805213  -32.65651788674125     2 
  17569.778206048442 -11340.773319131325  351.1774000152848  -32.79283819151846     2 
    19297.8057663281  -11235.96929118001 351.16213683750055  -32.79602436977794     2 
  20109.702307818345 -11716.153040834284 351.15658343071675   -32.8012840040513     2 
   18660.15307117511  -9908.050274642876 351.16366818315186  -32.78504445218812     2 
  14432.206774167136 -11074.154277273365 351.20393331679924  -32.78364466866924     2 
  12950.368431926025  -9169.688943543677  351.2112744971444  -32.76636310317508     2 
  15626.602084872431  -8480.433585566738  351.1857858468544 -32.767686735152424     2 
   2766.438187857752  -5307.644513671933  351.2898180375157   -32.7131750824141     2 
   7736.798620328699 -1639.3443059040312  351.2350485327274   -32.6983213762802     2 
  14951.637793111246  -4748.989431891664  351.1805909025936  -32.73883343313349     2 
  13568.701287558662  1721.1114764564584  351.1735936489993  -32.68769610826006     2 
   7758.342365784358   7900.104390851873  351.2067636984591  -32.62751465246236     2 
  -5981.349890070629  2868.7996954337227  351.3426482408146  -32.63108155292069     2 
    2296.67358559078   6822.505134848271 351.25826695771366  -32.62202954593859     2 
 -158.43571331810367   7769.335112726603  351.2771388061199  -32.60902152389491     2 
  1227.6879679008136   8799.311324290456 351.26186644250794  -32.60479927417155     2 
   81.10188329006523  10498.645140119515 351.26694600730605  -32.58950489758767     2 
  -4555.986945106678   8146.313719061075  351.3145926629288  -32.59562200854916     2 
  17944.484504481887    3625.85851267266 351.12978621083346 -32.684246071028525     2 
   15311.96203887218   5007.348451714446  351.1486964953915  -32.66760426211702     2 
   7309.255090736326   9290.770755096928 351.20667191234395  -32.61611851864034     2 
  13631.038644353035  11458.728136476831 351.14485822607855  -32.61582375195281     2 
   15165.15850914599  12608.928017806029  351.1282676913041  -32.61120910874712     2 
  11549.966468373823   16787.70300316833 351.14804520482807  -32.57179211618778     2 
  16248.183042579145  17723.730519171473 351.10487459996585  -32.57678932357035     2 
  16124.756808975297  18863.606330097373  351.1028780770731 -32.568298576278494     2 
  3004.5368507178678  13109.005749393436 351.23351859865807 -32.577485326274335     2 
  6973.8902739712885  16222.983978753353  351.1896276544023 -32.564551179673565     2 
  -20454.09049526187 -17748.346871155554  351.5193398827705  -32.74426769253202     2 
 -19845.028759140398   577.5339409812442  351.4660535179972 -32.614955472194644     2 
 -18179.566917253218  2130.9571488436204  351.4480189137821    -32.607566146349     2 
  -19363.16180137828  3383.8118986563422 351.45406775827377  -32.59580267739767     2 
 -19410.484400170462  3433.2037318393604   351.454309991702   -32.5953389422555     2 
 -16017.998687258709  6898.1219580818815 351.41620372675266  -32.57799839551562     2 
 -14085.403424754415   8154.727687037721 351.39630697737493  -32.57329221635244     2 
 -13145.936372711827   7964.219025577889  351.3889623175808 -32.576816664366994     2 
 -14690.747718424718    8774.35615747023 351.39953659627463  -32.56744089004085     2 
  -16393.52640494463  12639.228019159073  351.4021283480745 -32.535946521175156     2 
  -12042.87680708014  12460.809349695473 351.36614085000133  -32.54684243687973     2 
  -8339.750404950115  14975.079731497717 351.32694907692814  -32.53717227818693     2 
  -10590.37854290535   18954.38315741377  351.3342158132912  -32.50391226844342     2 
 -14812.063285821961  19516.156995365553 351.36808081527585  -32.49091621182537     2 
 -16499.193298727998  20080.987885328308  350.8420789852379  -32.47210535071849     3 
 -11296.239593139133  16503.960758748362  350.8258986438087  -32.42868107810907     3 
  -19956.61635863499   5978.354905777393 350.71181217878393 -32.467758433823946     3 
   -8568.63230706258  10562.939591474114  350.7817182335572  -32.39680225879109     3 
 -10951.085239627324   6993.765178171211  350.7440492042083  -32.40641975456831     3 
 -10487.788259766958   7872.226797599581 350.75298546485436 -32.404966023797655     3 
  -7145.978675701463   8654.076666593073 350.76879569347705 -32.382343188876625     3 
 -19014.372548602583 -2217.1516522518823  350.6433542473563  -32.44327570252127     3 
 -14787.671803027604  -10892.72582627684  350.5791955914271  -32.39356747447813     3 
 -10910.614886186842  -9213.500034603432 350.60275763727174  -32.36966210570769     3 
 -12701.902978069358  226.73400721604364  350.6801828743669 -32.404140378325394     3 
  -8452.105243680979  1968.1780047042446  350.7064207838316 -32.377224260923285     3 
 -3806.3266751260044    5926.50707755282   350.753696195263   -32.3517758369857     3 
 -2030.2795080817093   4767.092321876652 350.74819191592195  -32.33600140126822     3 
  -7879.633773761826 -6860.0905338322455  350.6305714713665 -32.353014122827176     3 
   335.8621120272783  -1585.180622054752 350.69819882075114  -32.30405125601796     3 
  -9174.519222693028  19224.775654096866  350.8550572493808  -32.41891937894894     3 
 -7423.2899183160835   19339.01574313478  350.8608640824472  -32.40655616484539     3 
  -6135.539436256321    12485.8596112998 350.80513576049685   -32.3831269171023     3 
 -1009.9880604263316  16929.836606356515 350.85772893826385  -32.35477191112311     3 
 -1507.7048265716146  12895.495204910578 350.82129534996545  -32.34989027362552     3 
   -4586.95752023098  10209.776784449186 350.78938255888914 -32.366893699336934     3 
   4623.469607635369  18812.439491887155  350.8890703689494 -32.317005894506586     3 
   5676.220492147681  12991.419733889916  350.8414826529272  -32.29649903192957     3 
  10676.086452296206   19324.98606354807 350.90922926376845  -32.27315265738697     3 
  11931.935504863022  16887.989274864107 350.89162500037844 -32.258423132894556     3 
    7701.38880684814  10342.613500366399  350.8236369964897   -32.2754392190215     3 
    8541.63624684473  12945.473178691156 350.84867695493796  -32.27493880069452     3 
   9712.537255052988  11965.084024980059  350.8431886190031 -32.263985760767056     3 
   6700.196200670983   8336.015697388255  350.8032722831879  -32.27847905817282     3 
   7117.095443416248   6343.637078631461 350.78675225209173 -32.270883848246456     3 
  1174.9767542511865   867.2026995107453 350.72217501608634 -32.303285056275435     3 
   5784.224923031257  1053.3730317746986  350.7361980628816  -32.26903988218335     3 
   8423.821461240837 -2680.0678255194894  350.7101842543262  -32.24082104533964     3 
   8403.006053852923   4532.329285721163 350.77412895217606  -32.25714446829419     3 
  10818.353052402623   5027.990445039115  350.7849694847802  -32.24011359277411     3 
  13525.093761690197   3529.722736480617  350.7788873890158 -32.216487767022045     3 
  14497.177696159926   5241.902608259054 350.79658933716496  -32.21308925438368     3 
  15335.662986439298  2596.0310250291054  350.7754204056871 -32.200911718641834     3 
  14712.774648362523  15829.580446723252  350.8895902012906  -32.23541851361959     3 
    14287.1355915616   9939.225868767713 350.83737210282214 -32.225259315995686     3 
   18446.51291164617  10300.224490238501  350.8511409826166   -32.1952975051716     3 
  -15577.52958377521  -19528.06989521602 350.50573093534314  -32.37887527903125     3 
 -11112.218108326386 -11416.670749810324  350.5834566516603 -32.366012400408195     3 
  -7309.878633380371 -15691.003920250127  350.5565131964105 -32.328530207424876     3 
  -4970.350630372397  -17361.65995256507  350.5482421232588  -32.30762594015975     3 
 -3294.2000043163966 -12611.002199811704  350.5925644443451 -32.306090275669966     3 
   4205.421570136923  -4751.125922642647   350.680546615345  -32.26787872146498     3 
  3581.5718104786392 -10848.918544143737 350.62556738822417  -32.25893223263168     3 
   3397.035704929155  -18451.20194068593  350.5603315818913  -32.24362420026346     3 
   8479.875141299284 -14893.705013720437 350.60387538536605 -32.213668653500214     3 
   8169.242856925794 -16886.734976880725  350.5861205747945  -32.21173124408816     3 
  10708.482165326259 -19805.672278387134   350.568485509172 -32.187004143999026     3 
  11936.641370380821  -2875.278074544379 350.71792967151356 -32.214070185611206     3 
  10862.885467327267 -12140.363679631198 350.63395046279965 -32.201891933518965     3 
  13287.299223830116 -12850.967494522261 350.63443676112865  -32.18247784071071     3 
   18521.01545475032 -13956.884557803556 350.63933579306786 -32.142002763412215     3 
   18058.75973206439  -6893.723956217371  350.6991524101235   -32.1600346468213     3 
  19458.617349623826  -8585.057571476622  350.6882179966837 -32.146265302363936     3 
  13921.807132403466  -18430.30447224076 350.58875671765264  -32.16635034719998     3 
  15766.647253398223 -17706.774024539467 350.59991790838313  -32.15440407539503     3 
  19231.743378899133 -18856.491870934315   350.599884346456   -32.1272147359379     3 
  -12777.64514832372  20462.174216919946  349.2791884703027  -32.25383517515429     4 
 -19297.070949256748  12644.051199246473 349.32637028069513  -32.18748155472031     4 
   18779.53445507493 -17114.947426394425  349.6937800025075  -32.38507777251403     4 
   17525.00640723021  -5257.169377296749 349.59042501664266  -32.40763497877895     4 
  20223.312615249175   2484.414692601726 349.53159927691706  -32.44758252545704     4 
  18161.491221646953  306.13986987372493 349.54426189475413  -32.42699128700682     4 
  17949.596467601692    -401.53327778484  349.5497592672451  -32.42359027231303     4 
  16473.086734833487 -1575.7575253042946  349.5554831627148  -32.40974545569803     4 
  14684.865951807911  1786.5254526345063 349.52080377841554 -32.405532156637356     4 
  12929.242936705801  -2683.473677040728 349.55433273855914  -32.38084431410495     4 
  18581.342599031017 -11483.879326567181 349.64648704522205  -32.39866871196418     4 
  14904.331144049384 -15240.646502076526  349.6672343862154  -32.36207514155337     4 
  13998.924482319144 -5585.1450882606405 349.58268958694134  -32.38101591468745     4 
  14508.868390635536  -4443.483152161677   349.574375425214 -32.387782567450515     4 
  12835.467050005365  -4298.444138083932 349.56804869962195 -32.375880022796935     4 
   8557.843190696274  -5854.247559620384  349.5684260608616  -32.34022831367788     4 
   8102.631546183926  -9215.503215747229 349.59596545652863   -32.3280696739108     4 
   8027.768469609194 -12451.562835440125  349.6232953652634 -32.319118002609116     4 
   7568.759245698798 -13890.097791602506 349.63403416574516 -32.312049045027415     4 
   8353.809449075783 -11201.911053529877  349.6136890379063 -32.324748864319254     4 
  15407.554246096553   15669.91580702302 349.40279597421596  -32.44623828262194     4 
  8076.0478415084535  14596.996233558728 349.38911097412523  -32.39008006625166     4 
   9008.598592070217  20167.742554482695 349.34476250534203  -32.41085953781816     4 
   2437.028747162315  16199.060939270306  349.3581851310396 -32.352717263952094     4 
  14468.660739146728   7268.264453975207 349.47237250308984  -32.41822564466349     4 
    7342.97690517654 -1658.1708010582797  349.5282198300515  -32.34227786731652     4 
   5470.656847510394   7993.213709635186  349.4381353481498  -32.35377197166591     4 
   3936.445118856178   9086.397434725584 349.42390090722176   -32.3452767200484     4 
   4981.878506760981   5211.739380973646 349.46087647437724  -32.34285392103473     4 
  3384.0355016279036   7077.776008190542 349.43966675031595   -32.3359189432724     4 
  -3388.525441443509   4165.809828213593  349.4442776149132  -32.27830432447101     4 
   6930.225502544156 -1786.2100892639633  349.5280580672344  -32.33888326876893     4 
   2360.717560476069  -3490.024663043866 349.52871325434234  -32.30060383800504     4 
  1968.3330331544464   -1972.96276405708  349.5142857751282 -32.301664411125934     4 
   376.0365451400512  -4260.949939357502 349.52923694738456  -32.28397180478975     4 
   4460.240767632893 -10714.011741751456 349.59755142316055  -32.29739046590126     4 
   3379.514301324454  -8263.934231967685 349.57320049981263 -32.295741497225904     4 
  2187.2647727393937 -12975.788972995393  349.6097156981072 -32.274992575403814     4 
  -260.2865508957304  114.56699699880197 349.48917410086773  -32.29067584395847     4 
  -5245.051835667287  -1382.160938314298 349.48682050489674  -32.25027694097477     4 
  -7964.003547198177  -6744.334973572087  349.5247419606313  -32.21701941360037     4 
  -4791.177215878674  3296.1753329628127 349.44757169483734 -32.265763659977154     4 
  -6013.929987639475   7150.137211057875  349.4105068333298  -32.26699381636439     4 
  -7926.576370578409   5525.272540343363   349.418843582061  -32.24884328656556     4 
  -7859.463904884335    5596.33697108092  349.4184296194138   -32.2495151847881     4 
  -8941.567191950151   19756.24594824702  349.2953830383518 -32.279247303093406     4 
  -9342.983812170492   17271.40618987884  349.3148587132283  -32.26977913860164     4 
 -13745.835043964513   12911.12071624473 349.33914221658404  -32.22682529809939     4 
 -14408.882267715016  11202.517162615633  349.3516903515542 -32.217605068741584     4 
  -9736.777874682006   4427.461589555963 349.42294391810157 -32.232929758735956     4 
 -11828.518041417265  396.46207980678514 349.45146026690344 -32.207553973341696     4 
 -18995.033190859132  -6424.295329169081 349.48827992452016  -32.14084600730047     4 
  -20226.11156527228  -5000.821865540183  349.4725807599764   -32.1359692929459     4 
  308.18881611933676  -18579.03678477198  349.6507015951833  -32.24752750445431     4 
 -1961.7483373724795 -20086.959155428314  349.6559822277607  -32.22763545750673     4 
 -2107.3794282489375 -20182.325244796055  349.6563049711499  -32.22637029892319     4 
  -4420.662864730637  -19676.61398710613 349.64486178781146  -32.21108189623734     4 
  -11952.77149107382   -18541.1185249357  349.6115932790926  -32.16090135295454     4 
  -10046.29169111277 -11210.679252043636  349.5563624612416  -32.19126507374405     4 
 -11328.468185394604 -14548.343755055159    349.58043824758  -32.17436864444544     4 
 -13473.982813281576  -14169.26424385063  349.5705087117274  -32.16036139266716     4 
  -9899.225055927422 -19727.797038436485 349.62787409901495  -32.17245752864753     4 
 -14942.863195598584  -19336.51152025025  349.6086043904611 -32.138670934047504     4 
 -15908.010472425554 -17984.293773046546 349.59445628112974  -32.13510133929106     4 
 -20179.613836757657 -13825.450275354688  349.5467204003084 -32.115682193218504     4 
  -17070.95184059651  -701.0037198129698  349.9397781828793 -31.216420856844945     5 
  -16918.92023912327  235.88558718439873 349.94787328604485 -31.214289116544563     5 
 -16045.311568148609 -7485.0735471333055 349.87851328574624 -31.216033666929636     5 
 -10251.759344278105  -6742.414403453437 349.87690871440356 -31.172659980711277     5 
  -7411.965134494518  -5194.698478181375  349.8867244385043 -31.149699563825063     5 
  -6930.063274205626   -6043.69365569736 349.87847995281936 -31.146963830254585     5 
 -13474.669263823564  -18876.62872783137 349.77618713698234  -31.20768681013686     5 
 -11895.206010575503 -15819.547509486269 349.79988777981106 -31.193560482983063     5 
 -10116.377662630333 -16430.942089071646  349.7919724007975  -31.18103082277883     5 
  -8971.896593228985  -17582.07879693641  349.7803965128552 -31.173612431098274     5 
  -9455.367242546592 -18903.343465679514 349.76985415230456 -31.178353511789755     5 
 -3990.8678173675453  -5873.779440244466 349.87591736035967   -31.1244318233177     5 
  -4895.752517453044  -11532.28951825148 349.82697271594316 -31.137279936554453     5 
  -4363.212538376595 -18240.325751145036  349.7679918641836 -31.139865793923338     5 
 -3952.0752300705685  -19978.75039359239  349.7525984952631 -31.138422568523975     5 
   12358.47191805806 -19961.465441185985 349.73121611162367 -31.014828500810566     5 
 -19054.701036370527  16326.731739324505 350.09117575300235 -31.210003940012797     5 
  -16555.39641383923   19849.61516281235  350.1187407597425 -31.187306683100225     5 
 -20091.405815040947    9425.94767858141  350.0325723045522 -31.226297055246494     5 
 -17833.736907023438  13930.894292233299 350.06929962308135  -31.20437380993987     5 
 -14513.226640703395  15302.510356707575  350.0776560442801 -31.178440496665885     5 
  -13810.31354903853  12751.382214274343  350.0546685700142  -31.17655106220289     5 
  -5571.589423397992   17923.87470528119  350.0903784830177 -31.108349674431015     5 
 -13074.170606101761   2003.939888102772   349.958633384301 -31.184126313172218     5 
 -11823.566181990038  3940.7304264999407  349.9743133416316 -31.172596414168858     5 
 -2797.9992861600645   11034.86606751654 350.02632355535616 -31.095673765655985     5 
  -5384.127368501849  -657.2522997223115 349.92464218017426 -31.129283824712942     5 
  -3779.666265188145   7599.519992817529  349.9968415421246  -31.10734769573133     5 
  -1195.188649732051  4128.5580063085745  349.9622191491786 -31.091566397546416     5 
  -321.0063202985428  2589.9276239979754 349.94715899516945 -31.086609757310903     5 
   493.5591703771755   2364.855266004722  349.9440366211059 -31.080565918980444     5 
  3773.6078581081206  6300.8416281472455  349.9752325232649  -31.05049726501871     5 
   3815.535465529289  15917.339569757261  350.0610952456248 -31.038920746103315     5 
   2860.605107923629   15432.59344874159   350.058076309365 -31.046846797091803     5 
   3458.466530459434  16224.945703484083  350.0642715544149 -31.041314102492308     5 
  3839.2977581450227  12632.552317479825 350.03196875400823 -31.042566604108785     5 
   5907.201632137085  14648.094896785724 350.04710718362446 -31.024249364961598     5 
   4281.681052263612   9677.302166386462  350.0049542312691 -31.042596144152398     5 
   7047.534297111134  19148.269212046012   350.085050425646 -31.010390870092913     5 
   9045.454244256878  13831.387226013592   350.035607869578  -31.00095641124162     5 
   4162.802233854078 -3339.7871126282257 349.88756224161574 -31.058690323301292     5 
  3919.8787564577997  -3548.427731921036  349.8860089649569 -31.060815998985113     5 
   3392.831000574563  3460.6115007254907  349.9500695965549  -31.05678294633357     5 
   5803.451255226554   4813.756790346793  349.9590768673095 -31.036455974436716     5 
   8498.817772405135  2686.4559331656956  349.9362149093508 -31.017976600950874     5 
  10569.653350241644  -7134.076213588824 349.84506588666045 -31.013421258820955     5 
  14725.904109996805  -572.2263063396715  349.8985513026137  -30.97360519466293     5 
  14979.645447978759   793.3197601888719 349.91050997985786 -30.970053417652366     5 
   7582.209355830861  7068.3468580560175  349.9770427035276  -31.02000762202725     5 
  10437.309497223432   8714.278884958467 349.98798433836737 -30.995983913921403     5 
  12676.660164904086   9315.572945424397 349.99031160615914 -30.978021791215838     5 
  12745.600030041789   6618.519141657273 349.96598592313137 -30.980538670138053     5 
   10193.18783275194  12798.178059979555  350.0248489158734 -30.993263427553504     5 
  12129.011195021565  11373.635245974183  350.0094776703037  -30.97994034545358     5 
   19418.69955220457   2964.816675590236  349.9241969773758 -30.933670869156337     5 
  12659.443883294434  -14300.42832599562   349.779329650924 -31.005838943796025     5 
  15061.395226880752 -14166.554190826479  349.7776272318737 -30.987365652978387     5 
  19991.952009981564  -6937.414072490324 349.83517321871255 -30.941115577379186     5 
   18339.34040181195  -17334.29031408017 349.74672405868256 -30.966505947649203     5 
  18796.701136730597 -16284.299469350599  349.7551768424372 -30.961757208628036     5 
  18449.597339034135 -13887.743501396404 349.77615357281877  -30.96136708909423     5 
  19662.662134996666 -11348.696171121508 349.79682597896266  -30.94906174064261     5 
     19497.562791648  -385.8646968430105  349.8940873822372 -30.936967502215722     5 
  -20341.04443566519   15661.69623024539  349.2637005395785 -30.713452495267596     6 
  -19662.27595490133   13943.38613934559 349.25331066494675 -30.703381314018564     6 
 -17985.399803825734  5689.9484013404035  349.1961381367874  -30.66362786963585     6 
  -16575.94073071547  3272.1031217661816  349.1831099175816 -30.645789897809436     6 
 -13379.289448332049  12699.460352744138 349.27050212544873 -30.659254787210468     6 
  -10666.60987547748  15920.728875721383  349.3074308028178 -30.653006871481693     6 
   -9152.93035086721   13205.14793474231    349.29283426392 -30.633498292294735     6 
 -6474.6334529204705   14471.42635919052 349.31450604453386  -30.62030527299888     6 
  -7109.689509738326   8554.262724619355 349.26510675299426  -30.60309438195639     6 
  -6638.560958830687    7750.75628966533 349.26080054897625 -30.596987148954838     6 
  -7783.927815677827   4652.000220598436 349.23127051280767  -30.59318520826967     6 
  -7905.258600939439  3340.1207130708276 349.22035707580545 -30.589111381738505     6 
  253.98106636848135   6031.981031067158 349.27738458118205 -30.543879781557923     6 
 -18229.609815679032  -7442.460811808852 349.09367785651017  -30.61642358432811     6 
 -16204.055271656256 -3231.2524216262645   349.134057398004 -30.619207078628857     6 
 -15401.790134347528  -4775.387034838504  349.1253896764969 -30.608195328855338     6 
 -10417.101329134088  -5558.217660459448 349.13980370166604 -30.572424271703333     6 
  -9487.798372621957    716.165548196877 349.19284434183777  -30.58986880005918     6 
  -8280.828586593429  1801.4191764819027  349.2065688513063 -30.585873980023614     6 
  -8726.740142157836  398.35635969109353  349.1935821471396 -30.583596481422703     6 
  -9841.102750691478  -1525.209988859605 349.17371440714993 -30.583803845295222     6 
  -6553.578821582125   323.9810309913201  349.2023069399649 -30.568728097284286     6 
  -6444.717086889647  -70.24015522934765 349.19965799021077  -30.56651079571376     6 
  -7554.453119499593 -1612.8428278094275  349.1827323340028 -30.568170395397935     6 
  -7517.207225325344 -1665.1937159425408  349.1824789920916 -30.567722680574057     6 
  -1987.747100206099   3175.608809098448  349.2447834068288  -30.54848146218238     6 
  -8121.223487558707  -6580.156932045794 349.14145845712386 -30.553214017431763     6 
 -4820.3805281468185  -9449.881444551078 349.13312180498946 -30.520120036797483     6 
  -4857.845537755913  -9416.830424740778  349.1332188335125  -30.52049814381867     6 
  -1198.191775989143  -8018.751664333772  349.1597154469822 -30.500880818619795     6 
  1577.6330805250432  -5720.459505544249   349.189789309566 -30.490535373441976     6 
   2672.477153392058  -4137.290018050521  349.2070836066999 -30.488980812897818     6 
   4223.046251427314  -5573.885837643228  349.2025258166731  -30.47293561523169     6 
  1749.4768985173343 -10679.350011334764  349.1517449344039  -30.47079771984426     6 
   4416.520828936239 -6589.5636300497645  349.1953633963753 -30.467803288221575     6 
 -14481.507998246243  -17129.98001156572  349.0359290832787  -30.55555967209649     6 
 -14353.211016868587  -17609.29670813395  349.0329194198458  -30.55292244430222     6 
  -6747.964728223639  -13712.42424154269 349.09243699303397  -30.51710566122541     6 
 -11694.140907693261  -19398.35508935906   349.030256338576 -30.528786163457934     6 
  -4737.955293379471 -19682.181856771895  349.0561598898146  -30.48146887746558     6 
  -3095.247779714572 -12854.172901511247   349.114246334284 -30.495663442655157     6 
   -743.435390941994  -17246.17341668149  349.0909232224666 -30.463493951593943     6 
  3399.2390050254508 -10931.922924536764  349.1569482291332 -30.458592782018034     6 
   3018.258055953631 -14252.015691828386 349.12970609838004 -30.448949450464152     6 
   3405.323993277472 -13854.704492832878  349.1344237458508 -30.447773571722085     6 
   4581.178421907104 -12919.244823807461  349.1467206764324 -30.443201092355473     6 
   5572.267977302823 -10571.405467541286  349.1692357752397 -30.445084912359274     6 
    8065.53923098299 -18898.353750997663  349.1163675888967 -30.398076631425056     6 
   4640.417592762466  12928.085845515576 349.35135429905347 -30.539512784715612     6 
  12061.098457242724  15068.375357566558 349.40028564289395 -30.496680833241975     6 
    3113.64030838712   10675.26747012522 349.32687254313566 -30.541617509630882     6 
   2545.554287581901    8648.20117420993  349.3083004377162  -30.53796358280108     6 
   7215.394730841989   9768.454361903425 349.33773072314153  -30.51008924205947     6 
  16335.913020447675    8656.05961377215 349.36847022373456 -30.443498319483005     6 
   16161.28664096186    8473.54415116434  349.3662899390942 -30.443995792263696     6 
  16483.886313075993  20038.830707904523  349.4568449947847 -30.485120296337993     6 
  16247.147132721246  15533.454088732033  349.4215960888787 -30.469951803880466     6 
  17042.468610315736   15174.14267563324 349.42215807569653  -30.46322566324398     6 
    6659.37307350156  -729.5970539153735  349.2517053000972  -30.47439875831931     6 
   8666.717990215386   1532.088534270924 349.27858626058645 -30.469110537693485     6 
    12459.2039329137  -5224.727028328841 349.24157126243443 -30.417861265758024     6 
  13539.658421143098  -752.8630167073326 349.28180599450303  -30.42715017587028     6 
  15717.662934386633 -10176.200038679935 349.21698278789063 -30.377769054896977     6 
   14848.96325639882 -13123.102596321783  349.1902434265082 -30.373038412311452     6 
   18958.06228845562   -8447.82615099626  349.2447348180713 -30.362395011331643     6 
   18968.26484383441  -12648.20168147543  349.2120571015213 -30.347397070405666     6 
  18177.045877779685 -15636.389176289651  349.1855640662962 -30.342182046686933     6 
  19147.634300583864  -18518.80473523048  349.1678984332855   -30.3259912421071     6 
   19166.91882595011 -18553.035080948255  349.1677244617711 -30.325750392926334     6 
  18227.903245086174  -15325.36350021952  349.1881713460843  -30.34292466385265     6 
   18987.78165177619  -12856.80182191429  349.2467468178427 -30.937109980787678     7 
  16445.703813892545  11397.598281907982 349.04991785803975  -31.02043951508217     7 
  17091.193816909796  19669.314784377435 348.99024316481587  -31.05710074087014     7 
    7487.53598185303  18924.295056643106 348.94959777631317  -30.99177325756053     7 
   6770.086256460766   16510.53159160309 348.96429503432637 -30.977404340536783     7 
  3611.4571980249657  14254.808968606658  348.9662530306015 -30.947329445180955     7 
 -1610.0472638234971   18348.79964793634  348.9108975868139 -30.929387746638472     7 
 -1259.0246119758435   15754.56398434984  348.9318878688966 -30.921141977844062     7 
  -2485.492729798414   16846.62556746577 348.91799875681045  -30.91749628123354     7 
  -1978.226074693738   14716.84019728592 348.93631832684406 -30.912132479483166     7 
  -4317.849330841392  17901.132394502773 348.90170157755165  -30.90972542549764     7 
  -10670.68834177367  15652.729792049951 348.88956001284396 -30.859017338250464     7 
 -10065.953467739144  13655.428038033058  348.9070906551718  -30.85469853682286     7 
 -16283.273927458444   17444.81681083631 348.85196129234157 -30.830465346715318     7 
  16983.414121673766   4541.014169912122  349.1053145087036 -30.996061380348035     7 
   15009.62614606445 -1905.5849085219322   349.145604738083 -30.956400963815344     7 
  15198.380126440074 -5933.0367441256585  349.1773055419707 -30.940912523977108     7 
  6868.6682900564865   6943.679941793674 349.03800757148673 -30.938982514840188     7 
   5472.925463388661  3945.3359761901415 349.05447874873215  -30.91723459676014     7 
   7833.481021724749  -4230.728807698224 349.12913455636783 -30.899060862438034     7 
   6029.789825596168   467.9746826560205  349.0841254110635  -30.90651180181472     7 
  14664.778225733407  -8164.540070184729  349.1917214600422 -30.928137143502436     7 
  13434.815597564493 -13365.790133865441 349.22491906170416  -30.89861500335517     7 
   9131.917804913915 -6371.7336205216325 349.15180034394666  -30.89885578633131     7 
    8344.37927947398  -8991.322749339903   349.167990351107 -30.882835133079062     7 
   6674.400104199326 -12306.387952129702  349.1850331257125  -30.85825652733671     7 
   6051.517083510456 -14301.996171845281  349.1969810275129 -30.846108099625194     7 
   5409.637197134767  -14080.37895990772 349.19226073072656  -30.84276614002657     7 
   4693.154255013112 -14861.916865357109  349.1946541204631 -30.834928720467673     7 
   1702.328779747478 -11884.439857257157 349.15796393774406 -30.827150885571776     7 
  1544.9223183190102 -15961.189199838536 349.18771979169384 -30.809952267693046     7 
  -393.0843961883566 -15618.980004492068 349.17585291818074 -30.798668067830544     7 
 -1075.3628446142377  -17194.10283349751   349.184246564777 -30.788120835731107     7 
  2811.7895602590074   8250.862871884883  349.0083612393198 -30.917316971888372     7 
 -1458.4780203326966  2478.8146719669553 349.03244618403903 -30.864953739257356     7 
  -5155.239961480889   5005.396613058807  348.9953781860018  -30.85099601587692     7 
  -5361.446841854925   7825.846453519107 348.97278772700395 -30.861323061426493     7 
  -8701.664641820425   6948.127571847264  348.9639259724089  -30.83582823634296     7 
  1464.8057305376785 -6486.5658699645355  349.1157232345283 -30.847419860205488     7 
 -1328.5181363001677  -5847.845055628563 349.09732918176894  -30.83157505743037     7 
 -3399.7320567381776  -5151.686398749609 349.08200218873077 -30.820796304445757     7 
  -4707.768816778084 -3519.6034964301493  349.0631728196224  -30.81887053631424     7 
  -9816.115089252397  -5636.315506322004 349.05506415047006   -30.7772825419027     7 
 -12037.338741024603  -13574.04606327653 349.10462968238056  -30.73226379498635     7 
 -12150.920854943872 -16624.484770343624 349.12681678117707 -30.720066545344736     7 
 -15191.763513902664  -13701.94428586892 349.09064472742904 -30.712296732667312     7 
 -17381.108467118098 -17947.607456427744   349.111790959189 -30.683362403843212     7 
 -12523.666273880983   6489.387530202694  348.9498780696224 -30.809258353174354     7 
 -13878.337145330239  10239.633288300573   348.915532026104  -30.81605684165882     7 
 -11956.877824021727   4628.772102931038  348.9665948998662 -30.805238359302482     7 
 -14058.690212450894  3415.9741283234043  348.9662152136682  -30.78687357114038     7 
 -14916.850447538976  1019.2706138013459 348.98051571038025 -30.771707065067865     7 
 -14963.664583427731   3518.349956097984  348.9613311350285  -30.78156854155933     7 
 -17728.415764451805   886.4772874803556 348.96878660094774   -30.7536184102228     7 
 -16256.572349334541  13280.047023878804  348.8824960881691 -30.813490967504737     7 
 -20287.370385760336   6800.059557283279  348.9130772940824  -30.76176572993706     7 
 -17772.897423275997 -11126.047658876132  349.0592837523238 -30.706299460046253     7 
 -15944.272855245956 -12780.638593413725  349.0802180051265  -30.71116684286217     7 
  -19237.32873444167 -13209.862316388591 349.06805030530035 -30.689655796552156     7 
 -19301.236333487854 -14667.414240612306 349.07858237861336  -30.68387792538853     7 
  19553.067333937408 -18771.826392584426 349.20457169527464  -32.06303850767742     8 
  18741.943325634096 -17637.307377762863  349.1975925169997  -32.05486261166955     8 
  18427.174116702263  -18836.46196272219 349.20850682123313 -32.055208271488176     8 
    15187.6960045368 -17011.388295712444  349.2030506336596  -32.02807035982992     8 
   15087.19396119937 -14022.958095079652  349.1781991546081  -32.02063356528196     8 
   15462.27827491423  -13742.07483212567  349.1746969976373  -32.02271069496144     8 
   9995.223479711589 -15962.653833022812 349.20969636516287  -31.98801040996305     8 
  10399.757992170005 -18729.296057044703 349.23158292007093 -31.997270362836005     8 
   8258.598250584535 -17023.069467411675 349.22367244924186  -31.97776365615066     8 
   6358.003857348719  -20407.41639226384  349.2571820204654  -31.97168422363924     8 
   3254.357508547802 -19681.146166639355  349.2600764965394 -31.947370413664434     8 
  12832.275428062498  15102.121516344374 348.93268467426145  -31.93319049091953     8 
  12473.634242478694  15574.511043727278  348.9296864790898 -31.929376441343468     8 
  11118.124042931671  16470.055281394783  348.9259478323929 -31.917178206783035     8 
  20361.587966555162  -10170.46911121414  349.1296013873441 -32.049829132015645     8 
  15371.620533013443 -12825.994073081825 349.16718818052993  -32.01996633820203     8 
  15817.768628340787  -6110.242755678345  349.1081265873857  -32.00752994976956     8 
  12442.568038285921  -8055.688662201253 349.13499411305884 -31.987421770840847     8 
  18439.565043314025 -31.775692026300362  349.0475502174661  -32.01199025969092     8 
   9252.777428953657  -5565.627229043237 349.12285574255424  -31.95786048166326     8 
   11720.74438316883   715.7323380207118 349.06070192444855 -31.960772672985073     8 
   5390.223891468392 -10176.752480628951 349.17406203283895  -31.94041790515143     8 
  2385.0370665422747 -11744.522135196901  349.1961539787757  -31.92199662478686     8 
  3019.8429996610303  -18230.97838784092  349.2487955895058 -31.942242153271025     8 
  321.74722888320207  -8175.575133332805  349.1715242515025 -31.897982920957542     8 
   4722.478424302527  -2349.842051301661 349.10817165335015 -31.916278759953954     8 
  -3184.564584472239 -11410.641901115556 349.20905651296147 -31.880149855554986     8 
  -2272.766765578739  -5778.631072075001  349.1582771014911 -31.872864140023577     8 
 -3626.2423576454644  -6296.050680283297  349.1665815178963  -31.86418234825877     8 
   16073.05388370061   6299.967914561037   348.999260469629 -31.979042310480487     8 
   16060.81397904003   6220.645919708729 348.99998502719654 -31.979150390446087     8 
  11059.028003092058   4838.955438404944 349.02656157164284  -31.94564574877761     8 
   12267.10553803318   7279.368726720568  349.0017412184124 -31.948528165171858     8 
    8506.80027809918   6138.157867153758 349.02269638305256   -31.9234425038859     8 
   5374.705303191077  -437.7669548632924 349.08952637429775 -31.916408688891618     8 
   4305.927530760433 -292.30777320977165 349.09140090658263 -31.908083651265468     8 
   6338.020684208796  3580.8281137261347  349.0514709104416  -31.91363194192476     8 
   6547.647645223608  3936.3561011993443  349.0477374497254 -31.914312798006154     8 
  3948.1920549881497  3971.7423683155434 349.05510154340504 -31.894853638450225     8 
   2380.634170844092   4681.971858836253  349.0535115229116 -31.881429267708455     8 
   13037.10238790652    10874.0281505964 348.96834786960767  -31.94524896464404     8 
  10617.563484959988  15768.617655127477  348.9333369994662  -31.91522085137588     8 
  3204.9662247536585     8424.7692225838  349.0183791224273 -31.878337559969108     8 
   4082.279280302579   8668.875557065148 349.01365747030286 -31.884256600193822     8 
   3040.961239445184  8094.7410493233165 349.02174089357914  -31.87792988285845     8 
  -109.8694934348701   7737.141595276946  349.0341860173807 -31.855443613313195     8 
   4696.167890802223  11475.659372715532 348.98747016924204  -31.88192984561359     8 
 -252.34705476448048   -89.4369138650737 349.10299148350396 -31.873678072238597     8 
   81.98426773567003  1512.6300392796065  349.0880111275807 -31.872188064193686     8 
  -862.5232474777301  357.68392324628013   349.100866016686  -31.86804670728615     8 
  -3885.799910398201  1272.0989229403385 349.10167602619396  -31.84346133014019     8 
  -3693.215323980572  -3920.879482782314 349.14625948715906  -31.85777138974143     8 
  -4425.674149404913 -4026.0168159209543 349.14925257375984  -31.85264834156675     8 
  -9128.085519462322 -6547.0879905649135  349.1840360627474 -31.824668231507307     8 
 -10232.817121932478 -1790.9968797317508 349.14627715329624 -31.804824606751904     8 
 -1337.0400964202781   5006.247743054397 349.06163796910295 -31.853058068538758     8 
  -7086.416118813273   8159.260157260103 349.05110488325664 -31.803277929811948     8 
 -10445.358687561937   3000.894330926544  349.1055037017699  -31.79150375297847     8 
   5272.716956111893  14513.304269063568 348.95960236404676 -31.878794063862024     8 
  -450.6164840131549  19806.650872006838 348.93162050488206 -31.824188426816896     8 
 -2005.2479457485856   19643.92732310266 348.93763689349055 -31.813263090463668     8 
  -9164.368893414543   8790.328466255998 349.05174008012733  -31.78677395822494     8 
 -10025.685174050845   9684.641947012022  349.0465510065495 -31.778484858750925     8 
   -9588.61432107098   12314.31763413734  349.0226609445424 -31.775463732930188     8 
  -8096.860820920579  11136.777584419415 349.02836354222745 -31.788910844440224     8 
 -11710.375682378653  11401.264073303288  349.0367470987192  -31.76248506549911     8 
 -6723.2200658458205   16138.33966497357  348.9814478212674 -31.787195449405843     8 
  -9040.633912974316  15374.484501500137  348.9948872383799 -31.772344612249828     8 
  -10786.53147491151  12063.284848576066   349.028354352412 -31.767508680859297     8 
 -10739.492688558597  12100.577284735447 349.02789601724567  -31.76775683136298     8 
 -14073.844201435779   7065.601975155233  349.0808106770872 -31.755944159482006     8 
  -16536.19495094576  12874.167229516957 349.03831722464844 -31.725393204802078     8 
  -4243.054143970955  -19034.03113446801 349.27541725870253 -31.891203457064073     8 
  -4174.604871016145 -17574.543553819785 349.26327084011893 -31.888128245181004     8 
  -4746.988084542685 -17417.132584960844  349.2635141913456 -31.883583462155602     8 
  -7504.576108091764 -16197.189423365095 349.26079846076794 -31.860591620580994     8 
 -15807.527458574112 -19185.515914194755  349.3059959007692 -31.809094789408228     8 
  -7148.533683856469 -14265.976879603744 349.24385161390353 -31.858350620130416     8 
 -16004.584054543868 -11378.953798864706  349.2428133078968 -31.787873393867912     8 
 -14977.721975579729  -6357.261395665445 349.19810259511956 -31.782412231421233     8 
 -13754.186052554995  27.364473590569297 349.14039107727837 -31.775186742313867     8 
 -15131.475961498145    744.132408789559  349.1380334191162 -31.763715112932417     8 
 -16821.434175111885   5001.232704729749  349.1062660506277 -31.741638318973987     8 
  19905.164766129168 -16549.331859111437 351.05455111996935  -33.53919188917778     9 
   17675.27715415509 -19523.960507740743 351.08839270191794 -33.537174922583695     9 
  10179.254236940598 -18190.412084724252  351.1175367047142  -33.48484539220946     9 
   7249.576298935223 -15405.482041199532  351.1119580970609  -33.45469500304553     9 
   3688.088059303729 -16465.540195431342  351.1382475599251 -33.436191011519824     9 
  18387.554737932758 -10433.132722582444 351.01599638823694 -33.504977227641554     9 
   17717.45794956255  -6370.614906720113  350.9881947547999  -33.48377978242154     9 
  20478.425579181374 -2806.6259051093452 350.94630461174944  -33.48608977984604     9 
  16104.135054725546  -4777.647024404854  350.9842658019848 -33.466770452489314     9 
  15667.038611680004  -9807.467165107662  351.0254043915409  -33.48521513183453     9 
  10273.569711045144 -10120.052704471895  351.0560639904332  -33.45202579504161     9 
  14976.360471584787  -7563.825080884042  351.0117322880478 -33.471395243271786     9 
  13206.786379046369  -6944.895250555201  351.0162179241394 -33.457443528636574     9 
  12718.057782083688  -6330.195360240321  351.0140223608453  -33.45168525259106     9 
  11316.706539799923  -7099.425629188981  351.0273270624358  -33.44593526707392     9 
   4323.727235887955 -11550.035478611931 351.09801823985305  -33.41961669332176     9 
  12343.864323476786 -3099.8324246964007 350.99089908535734 -33.435423539639864     9 
  11024.574479187006   -4431.67456211351 351.00817776587695  -33.43262349484093     9 
   4318.096430759577  -2747.114444581263  351.0302691146477  -33.38170785935619     9 
   2788.536632313068 -18918.833038780667 351.16094878225346 -33.440577025357875     9 
  -179.3857172613987 -14544.354312880188   351.143679538346 -33.403181543919985     9 
   281.0528428181406 -15046.965583947445  351.1450865554371 -33.408277131016526     9 
 -1222.7072659098483 -17442.143216463784 351.17038551315414  -33.40866812767377     9 
   -9179.95213338749 -19199.905824031724 351.22212918243315  -33.36524703941693     9 
   -10150.6651418069 -19532.123969699405  351.2291184844194 -33.360511940475035     9 
  -8577.392721392225  -18773.38217629815 351.21618761730224  -33.36726530342572     9 
 -11073.445891598929 -19242.185836845532   351.231414469423  -33.35346903946458     9 
 -16247.533079635254 -20050.807088796268 351.26104115742766   -33.3245907687079     9 
 -19749.923377242154 -17156.502569670076 351.25641722938866 -33.290771045825544     9 
   828.2294488306358   -12979.0812573348 351.12682276030625 -33.403053548412984     9 
    807.844808147404 -11399.744775292033 351.11501027651224  -33.39619138069569     9 
    838.899362743204 -11346.045032289867  351.1144444425121 -33.396163128363106     9 
   584.5146890086043   -9495.35526342956 351.10169236807604   -33.3865821267654     9 
 -1891.4875753570977  -10649.78416344328    351.12312328126  -33.37550333911358     9 
  -4699.240127509128  -7683.620882888133  351.1148580949228 -33.344578315059245     9 
  -6127.474415548307  -9437.322905917868  351.1353346979052   -33.3429804667189     9 
 -13018.463691864525  -9606.844566564423 351.17043031176405 -33.299962743949315     9 
  -12918.38586157225  -8875.198262950964 351.16449707048315 -33.297428887949316     9 
 -1347.7477391073555 -3534.3954977532253 351.06587016996554  -33.34824623585821     9 
  -1460.068840737275  -3760.180190943075 351.06819504267776 -33.348498922175075     9 
  -6449.815802130126 -3899.3519810278763  351.0947950533011   -33.3169095285078     9 
  -7083.942775716811  -6448.182405623915  351.1174713934119  -33.32390864691897     9 
 -15617.619354417982 -13183.271351975689  351.2090710849538  -33.29916230750289     9 
  -19607.13845731194 -15053.745947470905  351.2408437363704  -33.28264881957391     9 
  -20181.44261753889 -15968.407131686601 351.24992997217026  -33.28306783498238     9 
  -18251.67716246963   -13316.1003927745 351.22220638257585 -33.283482008021195     9 
  -20344.46459429372   -9465.24604550858 351.20376509905714  -33.25417331574807     9 
   20022.06645070037  4137.1830067172305  350.8949150702498  -33.45334201445347     9 
  16825.808637385537  3397.7230109412217  350.9170091761803   -33.4361657908605     9 
  16965.013262173805   4198.307780048631 350.91008781997937 -33.433578980618776     9 
  15731.494613478975   5745.411507336431  350.9044647637949 -33.418918338764485     9 
  19490.267394500283   13838.18493778746  350.8236163196435  -33.40775618143936     9 
  17320.619888625584  16765.064028103698  350.8125532631241 -33.381226909583916     9 
  16761.571573902293  10687.266191394843 350.86119625526464 -33.404009767312814     9 
  11705.375781237937  15407.216124461702   350.851174708411  -33.35094174021759     9 
  11003.583603187963  2979.7992438036795 350.95053042843915  -33.40036490552166     9 
   8841.755671860335    4587.99193186277 350.94931961045586  -33.37928126275895     9 
  10080.794728749494    6360.36120021822 350.92904229138344 -33.379626415399805     9 
   9410.533544084925   7860.813335271253 350.92089939309557  -33.36872815866938     9 
   1745.300929017378  3523.8456239231646 350.99487180956345  -33.33764104145065     9 
   1251.843664215221  2212.8356871943265 351.00767993608275 -33.340133337190366     9 
   9178.553851854014  13922.470208772442 350.87547739974406  -33.34096641509573     9 
  11124.710389061273   18148.47113278804  350.8335597851811  -33.33545427938251     9 
   9774.928766824802  20060.813621646983 350.82623742050595  -33.31864853260369     9 
    4669.42722617366  19556.091428408683  350.8563306464018  -33.28792987469327     9 
  -4861.751683932993  15874.000056688486 350.93395994008495 -33.242471311632585     9 
   -7072.12620807926  20192.176142526598 350.91283275982624  -33.21101531285525     9 
  -4981.307901385713  2885.4781134152345 351.03486669484573  -33.29689876154803     9 
  -6670.699854525495   3558.385223013961  351.0383484821982 -33.283186103383706     9 
  -8816.776443897028   4762.590673181441 351.04002439658257  -33.26438847432104     9 
 -10707.651441208245  1948.4350854246313 351.07133412620425  -33.26455342709567     9 
  -10313.40266110938  2488.4736580673357  351.0651856752618 -33.264711523882234     9 
  -6846.434184500409  7599.1729147140095 351.00794880171145  -33.26473440121636     9 
  -5665.762249577198  11923.674112651986   350.968423489007   -33.2538893541787     9 
 -11842.134089742858   11817.40429197838 351.00114364354454  -33.21571939351196     9 
 -19051.274560164602  1296.2985698531747 351.11741675115684  -33.21593458079112     9 
  -7231.227112661586    17084.4771587037  350.9371121804141   -33.2226247554089     9 
   -7988.48874721151  17404.340549066852  350.9386270113754  -33.21660670770209     9 
