\ This script generates Case-5 astrometry challenges. The telescope used in this
\ challenge is affected by distortion. Astronomical sources are retrived from
\ the Gaia EDR3 catalog, while observations fields are not in the Galactic
\ center region. In total, 10 fields are obtained for each distortion pattern. A
\ list of source positions on the focal plane and original ICRS coordinates is
\ provided. Solve the position angle and distortion parameters.
\distortion_K=(37.596651634338706,)
\distortion_S=(2.3730958411291407, -2.7281623643842168)
\distortion_T=(70.13971554680496,)
\distortion_scale=1.01142822814515
|                  x|                  y|                ra|                dec|field|
|             double|             double|            double|             double| long|
|                   |                   |                  |                   |     |
|               null|               null|              null|               null| null|
  17553.345935419507  -2962.911300230575  327.7527175735222 -18.470797328472393     0 
  16718.413062325875   -8089.18588363968  327.7905746520601 -18.455936424806264     0 
  13873.581790654838  -16693.64829595567  327.8503391268585    -18.420566116381     0 
    8711.79025490761 -14461.477338395056  327.8271312386878  -18.38749467674597     0 
  19683.937492668298   18982.63346857751  327.5827426100619 -18.520926857992006     0 
  11966.967337398879  20367.342702280304 327.55786656528477  -18.46808723682165     0 
  16592.650853503754     7777.9906770718  327.6671548160901  -18.48203113545874     0 
  16726.879281922094   5714.810044386092  327.6837379395048  -18.47962317756519     0 
  15885.894740780317  11357.746795272946 327.63742149026206 -18.482703185121622     0 
  15910.482719230293  11499.897427855025 327.63632278490627  -18.48310112070492     0 
    14578.6515197242  -79.66492549997227  327.7260655828734  -18.45462188170857     0 
  11476.267165673378   -691.023489709549  327.7261580472971  -18.43119447668029     0 
  12533.017133219577  12216.423573979891 327.62488659105907 -18.459933686744574     0 
  7926.4854179749145  10892.647849668989 327.62769166718175  -18.42405204394829     0 
  6972.7621401008955  11092.513395536724 327.62440840232574  -18.41727883147636     0 
   7385.756226550597  13511.874990186388 327.60543107155803  -18.42413245625077     0 
  7308.7267549629805  13620.855997574758  327.6044061943486 -18.423728598711303     0 
   8159.938918444969   8834.910481089544  327.6447754420185 -18.422514490947314     0 
   8795.880087263049   8900.854384334512 327.64532441937456 -18.427324677966176     0 
   9453.133201171544   9415.322915537572 327.64228171968534  -18.43299436758618     0 
  7070.5083642804475   5750.335234494603 327.66783804531815  -18.40945474537672     0 
  6761.9441872931875  11186.967684089746  327.6232716234466  -18.41585688167528     0 
   4824.573538605862  5914.2072530604555  327.6627116755908  -18.39294185636395     0 
  4425.3674734101005   5137.962771526253 327.66830149932593 -18.388688215083324     0 
  12211.642081644692 -4043.8698250407942 327.75337426026204 -18.430815628851537     0 
  10875.652301592581 -3778.0446547322604  327.7493291508712 -18.421582222601376     0 
   8422.688703205195   876.5425338443665 327.70901350777024 -18.411455268186323     0 
   6318.795727755447 -15317.675959241085  327.8300291022379 -18.368621469221743     0 
   3779.165347358618  -12186.32547064962  327.8029395039357  -18.35521095304042     0 
  1887.0776298049534 -11753.627396925864    327.79674666195 -18.341887128234198     0 
    4381.06948037881  -2268.065290122809   327.727370358189 -18.376201679728887     0 
  1185.3861631411175  -59.16022425312604  327.7045458603087  -18.35579815602477     0 
   2780.295601996722  -4484.042430346722 327.74218603632346  -18.36055151131413     0 
   600.8360078783054  -6419.748990201847 327.75374264093665 -18.341001802194786     0 
  -654.2519476032585 -2931.9690782749635 327.72427211699915 -18.337197419142143     0 
  -1617.581529861483  -2704.229864571299 327.72083138538795 -18.330255280644128     0 
  -3557.895523085777  -5033.761779971667  327.7359115525926  -18.31176873866015     0 
  5442.9357007586195  16635.360202767424  327.5764199698377 -18.414425975083038     0 
   4999.006118936989  14881.246784356392   327.589977027127 -18.408418637905754     0 
   2444.059512507754   16377.25034250838  327.5730541428772 -18.391449131045427     0 
   4195.777763923517  11934.639200587062 327.61264532952066  -18.39780518471157     0 
  1816.1051650960521   12988.31060807062  327.5997437093953  -18.38145950445148     0 
  1514.0202133146233  12792.938731496768 327.60080066683895 -18.378860660282122     0 
   351.6202795489819  14105.448732998222  327.5879002315116 -18.372052879736405     0 
  -2110.443900518899  13801.514388590484  327.5858857507611  -18.35274343395605     0 
 -2289.6454624343605   9806.074899409185 327.61843806295906 -18.345116334476725     0 
 -2953.9565872578964  12217.798696280737 327.59738868313536 -18.343795915096916     0 
  471.17521183055925  18347.122763576484  327.5531991148892 -18.379458602600028     0 
   -1066.76301934354  15682.143603764405 327.57230584046164  -18.36365033665685     0 
  -4204.882292416937    12987.4612683255 327.58873895171797 -18.335362461468808     0 
  -4745.106455309908  12132.274333759024 327.59479848744155 -18.329861655333097     0 
  -7125.091239825179  11921.754965208196 327.59213201520015   -18.3111265666712     0 
   -4379.73123604212  18397.486426434076  327.5437037013486 -18.342348753023433     0 
 -1717.6236242325997   4763.934819204895  327.6606603402951  -18.34149462435004     0 
  -7689.405266830238  3474.7599816035636  327.6604261622564  -18.29353652847468     0 
  -6031.849942385404  -4406.694134296423  327.7266686253133  -18.29390004124116     0 
   -9466.68397552542 -4092.7538611193495 327.71806478737744 -18.268093053752384     0 
 -10168.328978267595  -2375.446626167539  327.7031170865737  -18.26534373863163     0 
  -6660.560355709144  11346.303652535846 327.59774477147147 -18.313827061261318     0 
  -9780.327523801174   5817.304751199929 327.63746484340896   -18.2810241663152     0 
  -9039.840671879376  11876.530638756207  327.5889426422475  -18.29620370003777     0 
 -11198.301166840674  12061.149884262248 327.58337854370865 -18.279715015014354     0 
 -10661.184994459258   4278.687891236911  327.6484199395863  -18.27181215046822     0 
 -13368.700397848661  -986.7208379238667 327.68609067796666 -18.242826497129343     0 
 -12470.360826079019   2061.283139514938 327.66312351696627 -18.254397835204664     0 
   9744.697366658858 -18774.445605088997  327.8599171876605 -18.387500731609837     0 
   6036.029619538272 -16782.023487774117  327.8403585473086 -18.364083507008054     0 
   4859.453838607329 -16507.788979534882 327.83664789652056  -18.35594793500164     0 
  2864.9453029184806 -15149.670046665895  327.8236733336124  -18.34354168293078     0 
  3238.0717197486247 -15274.877737818679 327.82516423187354  -18.34608717792131     0 
   2862.504363151724 -15216.328208483745  327.8241631804069 -18.343413675127408     0 
  -7295.073863768743  -9021.492060034914 327.76057620026154  -18.27709125256595     0 
  -5847.041222678337 -18762.959704532077 327.83642916069317 -18.273118940171898     0 
  -5793.908628600653 -18771.854005965346 327.83658242041975  -18.27350141403805     0 
  -5248.359158728363 -19763.749583819415   327.844706349918  -18.27605954270483     0 
  -6704.978839225388  -16950.94636870353  327.8216665581402  -18.26944719101982     0 
  -9410.268404118799 -19900.868207070263  327.8386928040788  -18.24487577093753     0 
 -10544.666127095943 -14288.766897751319  327.7951243752216 -18.244549323495505     0 
 -10430.726707297621 -20478.945904783453  327.8411230400082 -18.236443736556573     0 
 -11850.140470709008 -4014.2844769434955  327.7131046485237  -18.24992799629204     0 
  -13108.65283362603   -17251.7715083219  327.8126983617692 -18.221005414697345     0 
  -17424.59305778858 -12172.484896185731  327.7664279585592 -18.195604699587186     0 
  -16989.34145416007 -16273.245703620012  327.7982708205665  -18.19326182690537     0 
 -14198.945591374324 -2616.9715848528053 327.69761943868167 -18.233987099668738     0 
 -13884.199009919204 -2539.9658634480393 327.69759010487934  -18.23652180646435     0 
  -17625.95755541138 -1024.3914457970698 327.67838739847133  -18.21000518887555     0 
  -17941.00038787572 -17471.705799354153  327.8054089852968  -18.18453328132009     0 
 -19505.834032409086 -19584.931325751866 327.81802759853827 -18.170121677657576     0 
  -8508.336167533016   19138.06049168867  327.5297908383744 -18.311531681156286     0 
  -9497.658366636962  16194.230748534705 327.55232607446976 -18.299331200093434     0 
 -12921.939569260536  19676.513478146648 327.51697944645525 -18.278033886477964     0 
 -14755.980738190075    12811.5735283653 327.57046902016316  -18.25318795650401     0 
 -16163.735210234961  11199.042539459893  327.5811640014248 -18.239756075628485     0 
  -19989.93617561956    12034.1230189497 327.56699835779966   -18.2113209853482     0 
 -18289.505513182947  3844.5815221912667   327.637640943145 -18.212115126550653     0 
  -18969.40293189256   18251.74187800401 327.51737248706746 -18.228766622264214     0 
  -19419.29619005666   13314.63248438978  327.5574750955086 -18.217701326309623     0 
    17866.5746569351  19613.820289733987 327.84579432656074  -16.69154278777971     1 
   17401.21933131774  16169.202968869336 327.86343956880955  -16.67076084909833     1 
  14901.169829975368   6247.002454993009 327.90726213406094 -16.604075577327436     1 
   9739.040187895162  17292.124521233327  327.8144351590338 -16.637327651744368     1 
    6869.00211130481   19382.50762360165 327.78566445865204 -16.633544043422962     1 
   6578.527039188634  17616.777931828183  327.7945299463465 -16.622371753248935     1 
   3580.017665281388  20442.352739120193 327.76033980064653 -16.621756305231568     1 
  1981.6067682589116  20159.495323131276  327.7527295419817 -16.611596114300934     1 
 -1375.5834081491284  19994.650729481473 327.73403765604144 -16.592435661048317     1 
 -2705.0107351147767   19215.48115863474 327.73089129095496 -16.580861107935853     1 
  10699.374236802909  13531.874666263793 327.84203242292335 -16.621874902514833     1 
    9646.76094718423  16315.564811399008  327.8197005533443  -16.63152523738135     1 
   8510.643394398596  13744.327582160671  327.8284912698319 -16.611462896361594     1 
   5549.100264747935  15097.979966284713 327.80362472048296  -16.60306668610696     1 
  12085.399813097176   7141.708920907473  327.8868833489409 -16.594203849542115     1 
   11734.21940553192   7004.184969387444 327.88575281766424 -16.591596556656587     1 
    8904.38319526785   7101.602060361068 327.86956918013584  -16.57708647809944     1 
  12006.776939309162   4756.549308884563  327.9001192381985   -16.5807278365955     1 
   8306.222075322226   8806.991153235253 327.85631932236674  -16.58326119801496     1 
   7897.077443938759    8070.05203938066  327.8583221830809 -16.577016108741955     1 
   6136.673678941437   6405.564160679441  327.8581193254268 -16.558372183989125     1 
  3591.4405808531246  10172.845962785259  327.8215879512223 -16.565348967153792     1 
   3588.165478706305   9863.391056327882 327.82339491300837 -16.563622357051244     1 
   2560.658361754003  10715.688950792726 327.81245821156097 -16.562735099901303     1 
  439.56130936975654  14617.988184043465 327.77694327017974 -16.572718605536668     1 
   162.0966843972034  13240.899135020418  327.7835526826016 -16.563585967440062     1 
 -190.88253501821717  11114.304283455209  327.7941686869691  -16.54987904277145     1 
   2771.118675735276  3537.9749840980026  327.8557223533271  -16.52426973531791     1 
  -9635.641358076178   16839.44378341103 327.70410388582013   -16.5293346092375     1 
   -8864.66000899674  16189.217515637934 327.71261775456605 -16.530016758779393     1 
   -9731.32901243903  13678.805763720136  327.7225993443873  -16.51124087027742     1 
   -8984.59750598061   13946.50076496706  327.7254258160814 -16.516889723421645     1 
  -6922.755590514561  11736.218702557073 327.75093879179343 -16.516089294644832     1 
  -2908.527665890557   5049.133369400627 327.81424603342913  -16.50132920288176     1 
 -11095.545552953368   16522.30030589569 327.69731988271326  -16.51943658704724     1 
  -9981.644317595916   5137.635343884392 327.77224721243874  -16.46252619461028     1 
 -19043.807270664238  19005.846372298864  327.6348887039157 -16.488901239265015     1 
  -18966.19528874609    7201.03110514401  327.7065937004677 -16.423973314771484     1 
 -17880.257949401162   6642.493997261836 327.71640298267397  -16.42691518427934     1 
 -18990.231404180795   5904.228697181398 327.71422451558385 -16.416727182439224     1 
  -20231.56059194375   6562.041370965588 327.70290231166854 -16.413479805341815     1 
 -18806.503674938027  3238.8573370661666  327.7312297982998 -16.403191934649374     1 
   20250.71274056356   723.6992109509398  327.9661587635211 -16.601658068419912     1 
  18032.061196564304     660.71704446836 327.95510359327784 -16.589917952699217     1 
  17316.702618531763  -474.5006269661715 327.95764346632353 -16.580055967709924     1 
  17524.008823133987  -3672.952523868574 327.97612509134086 -16.563828778900866     1 
  13056.543109347951   981.6805172060001 327.92711580126235  -16.56565149090035     1 
  15774.113607232173  -5738.026177657097  327.9782247482896  -16.54354982345019     1 
  14882.515691536659  -3708.214037018493  327.9626446637609  -16.54981187993607     1 
  19617.612707242602  -10209.11806540619 328.02113501499855 -16.539685050440937     1 
  14435.049651057934   -5907.90056871336  327.9721984174892 -16.535583464982913     1 
  19775.547948434516 -14625.835909962727  328.0442842908148 -16.517196138068716     1 
   17071.75828582364 -19304.337848629057  328.0540937298162  -16.47880103806307     1 
   10621.63537107196   -2605.02631683918 327.93400588734096 -16.533172523387673     1 
   8303.940069688768  -8320.539488117056  327.9527650310713  -16.48987827491903     1 
  3200.5626386504923  1598.4658353562356  327.8693399520935 -16.515961772657278     1 
  2945.8563823774325  1406.7501043595914  327.8690017510509  -16.51351707972667     1 
  2396.0868996845675  2160.8031705732724 327.86155065161125  -16.51464564208435     1 
  2225.2625883949468 -3361.2216031039793 327.89205121266116  -16.48355172605684     1 
   4713.401936905222 -10089.124309399062  327.9428701735876 -16.460996902599724     1 
  3890.5905602457615 -10685.940222009056  327.9415915674863  -16.45335531106536     1 
  2422.8064161395096 -11667.094085227494     327.9388223634 -16.440176012989888     1 
  1432.2761227977678   -5880.20259098852 327.90170292267845  -16.46559216121945     1 
 -200.72349296993235  -7007.925871264206  327.8988118522797 -16.450578237349998     1 
   1393.536587811465 -10943.133056470364 327.92925658578963 -16.438378171519997     1 
  11856.253825675481 -16025.324154093829  328.0116884170037 -16.468228101686577     1 
   7179.644772520425 -17448.181885584287  327.9946008802499  -16.43580511699587     1 
  5597.3800020254075  -18393.02464629943  327.9910473339477 -16.422426228805644     1 
  -95.24133269219799 -15149.863299390363  327.9435159984786  -16.40826712118686     1 
 -1267.5723802767081 -14895.320706360277  327.9356986927404  -16.40319563149599     1 
 -1189.9388226719952 -20064.037923535754  327.9630582248522 -16.377256006589878     1 
   -2575.19746986242 -208.50438976459105  327.8467980117367 -16.474294106687903     1 
  -2547.975227385168 -114.46626233471027  327.8464123839766  -16.47495825340032     1 
 -2992.8491041950615   75.03457708168607  327.8427561958839  -16.47353437805634     1 
  -4371.775628172332  -534.7482432642163  327.8383163374763 -16.462575891411817     1 
  -6722.535248773961 -1113.5905743374433 327.82802859699905  -16.44640399159815     1 
  -7039.018132968682 -2473.2077755654636   327.834037586689 -16.437277688437586     1 
  -7571.022809664049   -3848.27488618926  327.8388468892652 -16.426913832804054     1 
  -8091.370656686502  -3160.753505756563  327.8318783252133 -16.427740760951192     1 
 -2969.3594192634814  -6600.550526732818 327.88088507134233 -16.437534891876943     1 
  -8012.041649980561  -7096.411970696934 327.85476786929524 -16.407109196333252     1 
 -12553.920205253196  -2922.763451290579 327.80442256161666 -16.404361815124517     1 
 -15517.995832621304  106.39502586112171  327.7692604533627  -16.40433173271824     1 
 -13168.600384279967 -3854.2297124916686  327.8062077316809  -16.39598315327593     1 
  -16298.66982302013 -1151.2761422107521 327.77203333719774 -16.393248469919786     1 
 -15964.766620256318 -5295.2185762684385 327.79810860251445  -16.37297024770081     1 
 -15954.299872145473  -5370.548369161439  327.7986045887846 -16.372629017346934     1 
  -1758.544789533175 -17047.471270681668  327.9443277167538 -16.389462808666995     1 
   -5774.98542462118 -15376.764997305827   327.913096639776  -16.37614725987665     1 
  -13919.48477098349 -12037.467359567938   327.848277970737 -16.348950916355083     1 
  -16394.22753784371 -18555.613235286914 327.86966139522673  -16.30287276676638     1 
 -11787.002241176366 -20032.511274854598  327.9038441340337 -16.320235327771595     1 
 -20217.814421614712   631.6858766159422  327.7383332579237 -16.381337060135948     1 
 -17700.743631005887  -4494.454754481582  327.7832607410807  -16.36772263136876     1 
 -20042.607947575998  -9248.744118169207  327.7968353320671 -16.330197823911526     1 
 -19932.359262171063  -8049.833291351541  327.7906309586625 -16.336985129133293     1 
  -19060.51047064838 -16808.067873418604  327.8447954264357  -16.29730630966355     1 
  -19331.31993924757 -17172.484713661932  327.8452176721506 -16.294074134285626     1 
 -19168.021118405817 -16161.091937856243  327.8406284212037  -16.29993563063372     1 
 -19837.734619831328 -16094.718095921453 326.66297466282305 -17.901362667497597     2 
 -17011.631228050104 -19110.722451406426  326.6299991418024 -17.900154322714595     2 
 -19904.067188147437 -12637.516086221844 326.68329919464287  -17.88505407060108     2 
 -19068.515937787728 -11520.506925509728  326.6850557188087 -17.874960658822058     2 
  -14709.47380188462 -10690.061129082073 326.66511023255083 -17.846508438265595     2 
 -16771.322482202835   -5558.28742921772  326.7072335834959 -17.832253532865995     2 
 -18496.759254516743   4176.918855326396   326.776580650681 -17.791538753822802     2 
 -19527.206394746878    7265.97336966404 326.80173964784115 -17.781080120124468     2 
  -19699.67920709808   6940.932678679341 326.80071668531895 -17.783787154028463     2 
 -15474.712509617568   6964.699808888598 326.77635126362804  -17.75949191375712     2 
 -13698.928231877606   8171.827714722199  326.7735603373956  -17.74285847094855     2 
  -19708.27860963713  11085.218161567653  326.8266362684542 -17.761778312780702     2 
 -16424.737952750445  10762.411873046874  326.8055361943997  -17.74467690611287     2 
  -15777.26264911734   9379.422891581225 326.79314024728706 -17.748352637442387     2 
 -16122.208983677298  15939.901837556237 326.83619021827707 -17.715163237683313     2 
 -14757.245037627632  15961.914535647145 326.82838571434047  -17.70718674945357     2 
 -19895.115246972327  18977.256249906364 326.87716206364325 -17.720536014911282     2 
 -13054.396444467704 -18048.540972796574  326.6138051391499 -17.873244908585395     2 
 -11835.530693012168 -14594.995378072357 326.62643333538944 -17.849696249704735     2 
  -8560.014703985355 -18559.714267604013  326.5861222180666 -17.850663539305028     2 
   -6503.69682359252 -14288.166408844889  326.5985709418002  -17.81820509259875     2 
  -1888.345438376608 -17472.233572516165  326.5558825416291 -17.807983058101275     2 
 -2945.0335506146257   -17344.9254416895  326.5622502315069 -17.813287277477865     2 
   549.9037643617511  -15841.67006729078  326.5517648393454 -17.786220302965095     2 
 -390.16628763064796 -10713.394906711485 326.58534767430365 -17.765671805018787     2 
  -2905.269357531311  -8565.395984453306  326.6113522630359 -17.768939067140806     2 
 -10472.950364310787 -3799.6375662094874 326.68177526323706 -17.787462582921922     2 
 -10749.842474777946  1074.3321679540104  326.7128049467982 -17.763582174280835     2 
  -8580.501593599323  -4980.914746465984 326.66400453505844 -17.782782528659137     2 
 -13432.403860697488   2438.306745636083 326.73657381950574 -17.771764881530775     2 
 -11337.321050104583  1584.5093178914767  326.7192889243506  -17.76426166793791     2 
 -12526.365734734032   7035.215987850246 326.75971216005934 -17.742181587901527     2 
 -12960.841364731072   8647.962777892244 326.77224467717895 -17.736070195990923     2 
 -6881.2786964885145   5221.408157814147 326.71603000064226  -17.71940376170698     2 
  -6633.784275263678   7819.713391592983 326.73061650674225  -17.70411113612301     2 
  -5766.898942301146 -3390.2040632507997   326.657596514456 -17.758464808535958     2 
   -6369.36368996647  -4394.072186053597 326.65502260912774 -17.767128115168045     2 
  -3574.723170472915 -3193.5667889843508 326.64648237227067  -17.74492519745975     2 
  -4981.459246838551 -1326.5646946819909  326.6654970886088 -17.743176306988868     2 
  -4397.520608671824 -1176.1435276962052 326.66311340663435 -17.739048132756096     2 
  -5121.736901031946  2217.0532548606307  326.6876652331652  -17.72527989655159     2 
  -5063.398548351992    7814.09093418373 326.72159453957653 -17.695131117802145     2 
  -4620.114319646252   6993.283394110585 326.71401057819287 -17.696978485027174     2 
    837.589826507272 -16911.508631843808 326.54441428629957  -17.78992197691668     2 
  6357.1681239870795 -16146.084234420287  326.5197299360345 -17.755247354718154     2 
  1424.7354465333651 -11603.782970331347  326.5705575610894  -17.75995952249625     2 
   4626.662854010399   6166.849112585676   326.657092202933 -17.648875315529928     2 
   4598.000025923838  -8255.810661446123 326.57249857834125 -17.724926905023626     2 
   4486.183162936351 -7329.1596591519265  326.5783634525348 -17.720761449653214     2 
  16230.113224621518  -17489.27408099346  326.4635847993361 -17.707687399455946     2 
  12048.837870818383 -15519.968662261896 326.49428263403917 -17.720598261761488     2 
  1512.1481206314731 -3696.6664097281314 326.61541331375935  -17.71862920139842     2 
   2711.714184056984   -6157.81716150979  326.5946017388444 -17.724681773859317     2 
   4009.118626475289 -1352.3687313685623 326.61557252299525 -17.692206316221238     2 
  3621.8575647287335  3494.9974026615414 326.64651674506956  -17.66873801525308     2 
    922.134208815517  5108.3027175923335  326.6712152461949  -17.67542432081063     2 
    5199.48551109669   2791.905893379035 326.63366854129947 -17.663595905326765     2 
   4524.856130425026   7663.201343983036  326.6667246410372 -17.641478497919948     2 
   9809.862442918426  -5503.589797710822  326.5607095790446  -17.68153057530573     2 
  11388.361356377565  -4350.641075874071   326.559085332872 -17.666786542063733     2 
  10418.302810111241  -4252.170738655321 326.56467432026994  -17.67162746955547     2 
   9338.040199178471 -2337.3326410919167 326.58132988559566  -17.66757661885072     2 
  15000.787123901722  -6586.980222549511  326.5281130110671 -17.658655668271344     2 
  14403.060829167716   6484.715313761548 326.60648153243255  -17.59331802830028     2 
  -13101.84759775136   9837.924203129443  326.7804717072099  -17.73051612614362     2 
 -12148.127374770731   9446.758833461265  326.7725071891669 -17.727120960079578     2 
  -9865.727924967481  11794.664156537247 326.77392001769044 -17.701396468462804     2 
   -7406.57849618616   15518.90967177263  326.7829391296245 -17.667272527116467     2 
  -6808.993803149537  15568.262305464956 326.77979343356446 -17.663580325466615     2 
 -13211.351351702773   17309.13104351601  326.8278318021335  -17.69104661432224     2 
 -10684.680893132047  17957.166885848786 326.81719773981087  -17.67302591466096     2 
  -6061.347839148723   9676.711803315939  326.7388213542841  -17.69088450592712     2 
  -5640.982968902232  11705.972643358782   326.748998933632 -17.677596746210916     2 
 -2016.1934992491063  11820.221241089346  326.7289691203967  -17.65626750344065     2 
  -4715.893585022959  19401.724436421682 326.79165073114945 -17.631107410689697     2 
  20.634663802913607  17609.332435474294 326.75330154635014 -17.613804508078786     2 
  4040.6342520219105   8891.483243425628  326.6768839784748 -17.637650672662577     2 
   3499.680271121824   8859.464353608153 326.67969341947355 -17.640860550827195     2 
   6254.057372650572  10859.345506054055 326.67665142223063 -17.614805955989404     2 
  2719.4542467092665   17340.18983783617  326.7363146289802  -17.60008056934534     2 
   4652.763867650554  15191.369170891145  326.7121514792184 -17.600697246223344     2 
    8228.42626665235  15127.080817744656 326.69190479227757 -17.581274646841212     2 
  11168.494497222895  10632.405916116642 326.64849256808145 -17.588953158962656     2 
  15805.375871224323   8736.666526256242  326.6125484234375  -17.57393546808121     2 
  15655.488855599328  11506.407722846947 326.62990256415253  -17.56018910023149     2 
  13989.472681551842  13213.373750525572  326.6490102075456  -17.56012297582625     2 
  11879.244774571349   16609.00859642951  326.6810243527103  -17.55364254827831     2 
  17912.741972794658   -17801.3863940043 326.45397689522173  -17.70016441831002     2 
  19134.774635835147 -15740.411050876723 326.45881857448325  -17.68323346913684     2 
  17444.927623708136  -6412.447723568653  326.5169405914839 -17.644523611776492     2 
  17632.076316727682  2501.2648055493905 326.56651925347705  -17.59695300705999     2 
   20449.10655468337   6523.003677301534  326.5757199907923 -17.561012338592906     2 
  18530.892694209473  17493.837920717044  326.6509351353987   -17.5139281921777     2 
   16799.78257232219  18976.345703554387 326.66511023255083 -17.846508438265595     3 
   7539.358399575338   19627.90843401102  326.5985709418002  -17.81820509259875     3 
  456.93892370039737  18752.122636831013  326.5517648393454 -17.786220302965095     3 
   2654.658015513467  14555.605495384505 326.58534767430365 -17.765671805018787     3 
   5638.314140801494  13411.599404832645  326.6113522630359 -17.768939067140806     3 
  14590.025027639467   11336.37796026728 326.68177526323706 -17.787462582921922     3 
  16488.279326747932    6776.30641909068  326.7128049467982 -17.763582174280835     3 
  12291.740393046124  11867.026341813587 326.66400453505844 -17.782782528659137     3 
  19792.752389710993   6235.962634367028 326.73657381950574 -17.771764881530775     3 
     17277.754416562   6454.921894538336  326.7192889243506  -17.76426166793791     3 
  13910.149735872707  1592.4323059374672 326.71603000064226  -17.71940376170698     3 
   14570.80162539877 -1062.9494657055964 326.73061650674225  -17.70411113612301     3 
   9963.518130837809    9531.72994534058   326.657596514456 -17.758464808535958     3 
  10254.981162700991  10650.294911961431 326.65502260912774 -17.767128115168045     3 
   7857.497347107082   8684.255758883603 326.64648237227067  -17.74492519745975     3 
   9824.099772238389    7354.83142125563  326.6654970886088 -17.743176306988868     3 
   9290.892606910224     7037.2321474064 326.66311340663435 -17.739048132756096     3 
  11104.268111198742   4009.645183364683  326.6876652331652  -17.72527989655159     3 
  12952.900151892602 -1508.9005739896493 326.72159453957653 -17.695131117802145     3 
  12212.866623842492  -818.4126543907828 326.71401057819287 -17.696978485027174     3 
  -71.41600541427965  19580.740109677285 326.54441428629957  -17.78992197691668     3 
  -4883.480602929315   17169.34800877198  326.5197299360345 -17.755247354718154     3 
   722.7210604102163   14777.30155290989  326.5705575610894  -17.75995952249625     3 
  2825.9354445329204 -2701.8350514304902   326.657092202933 -17.648875315529928     3 
 -1330.0569220585626  10807.457063276584 326.57249857834125 -17.724926905023626     3 
  -981.1267093444845  10008.481083140976  326.5783634525348 -17.720761449653214     3 
 -13701.499286694958   15160.17569332786  326.4635847993361 -17.707687399455946     3 
  -9723.811448633147  14823.667900236856 326.49428263403917 -17.720598261761488     3 
    2804.22037641764   7604.974021026905 326.61541331375935  -17.71862920139842     3 
   982.4618363289994   9495.019266771775  326.5946017388444 -17.724681773859317     3 
  1127.1319755772204   4666.633905426113 326.61557252299525 -17.692206316221238     3 
   2946.337667994845  185.56592962358482 326.64651674506956  -17.66873801525308     3 
  6059.6279653988795  -579.3707848520103  326.6712152461949  -17.67542432081063     3 
  1236.4030076345757    390.405500122579 326.63366854129947 -17.663595905326765     3 
   3403.306952162173  -4140.249203810849  326.6667246410372 -17.641478497919948     3 
    -5329.6756825005   6712.489521977325  326.5607095790446  -17.68153057530573     3 
 -6435.2858119045995  5178.6975732956025   326.559085332872 -17.666786542063733     3 
  -5544.926884544665   5387.337541941754 326.56467432026994  -17.67162746955547     3 
  -4058.896708396221   3960.971196525473 326.58132988559566  -17.66757661885072     3 
 -10168.325564677452   6081.540582063647  326.5281130110671 -17.658655668271344     3 
  -6121.728598655873  -5898.648205126813 326.60648153243255  -17.59331802830028     3 
  19453.025179700413   -4191.58852857374 326.77392001769044 -17.701396468462804     3 
   18284.12320753982  -8757.934293418592  326.7829391296245 -17.667272527116467     3 
   17668.01346380423  -8974.077256318695 326.77979343356446 -17.663580325466615     3 
  14648.682897065004  -3097.970202857416  326.7388213542841  -17.69088450592712     3 
   14959.82173249541 -5285.5237459891205   326.748998933632 -17.677596746210916     3 
   11278.13213190143  -6426.787797993879  326.7289691203967  -17.65626750344065     3 
   16983.85033963541 -13624.349340142237 326.79165073114945 -17.631107410689697     3 
  11356.688828155742 -13005.233236926188 326.75330154635014 -17.613804508078786     3 
  17726.482611832696 -17316.073826425407 326.80870289117524 -17.610557096919113     3 
  16111.709118854742 -18212.703391772528   326.801556815462  -17.59885678292469     3 
  13375.187136207587   -18468.0386808898 326.78507830167626 -17.586894332138943     3 
   4271.123766734487  -5214.987162115558  326.6768839784748 -17.637650672662577     3 
   4783.742190515926  -5026.211689498919 326.67969341947355 -17.640860550827195     3 
   2795.527175251363 -7819.9062261641275 326.67665142223063 -17.614805955989404     3 
   8531.424815963323 -13467.933412187369  326.7363146289802  -17.60008056934534     3 
   5836.448036346755 -11771.424677095672  326.7121514792184 -17.600697246223344     3 
  2351.1546452104435 -12715.340018915967 326.69190479227757 -17.581274646841212     3 
   7797.503291694845  -17754.57773729522   326.746469202488  -17.57010685740245     3 
   8173.832374042267  -19215.84072968499  326.7539411972031 -17.562417994361223     3 
  -1905.734479103203  -9016.130479456258 326.64849256808145 -17.588953158962656     3 
  -6711.968179655507  -8502.973395486066  326.6125484234375  -17.57393546808121     3 
  -5735.293552151767 -11191.022557363382 326.62990256415253  -17.56018910023149     3 
  -3681.538547648602  -12416.64578784532  326.6490102075456  -17.56012297582625     3 
  -601.0494397080548 -15274.352293285856  326.6810243527103  -17.55364254827831     3 
 -15210.377274237593  18635.939655446076 326.43757590755354  -17.72594245946973     3 
 -15167.066298258007  14884.113499757352 326.45397689522173  -17.70016441831002     3 
 -15747.441268401564  12755.604070166433 326.45881857448325  -17.68323346913684     3 
 -12223.100124673647   5166.264440689959  326.5169405914839 -17.644523611776492     3 
   -10099.2831400039  -3066.809855398629 326.56651925347705  -17.59695300705999     3 
  -11436.75926824967   -7735.13794315188  326.5757199907923 -17.561012338592906     3 
  -20250.20478581318   870.0423372785161  326.4763643590069  -17.58497685643723     3 
 -16695.465213250693 -2548.4713741262553 326.51655001482516 -17.575430763250917     3 
 -16849.213389499582 -2228.0594902471526  326.5141029944328 -17.576987512519835     3 
  -16572.03929925639 -3846.8512786910346  326.5228149937147 -17.567271745813475     3 
  -16411.56100110645  -3867.100889236275 326.52406311308255  -17.56773954149864     3 
 -17236.978986144284   -4953.84803532101 326.52255163672555 -17.557470425232772     3 
  -18965.47892691542  -6296.959117254359 326.51555466858747  -17.54222916824559     3 
 -6428.7799167539215 -18074.689059131113  326.6509351353987   -17.5139281921777     3 
 -13105.822682119939 -14184.181684416775  326.5891928057211 -17.513275785681863     3 
 -15936.106298009294 -16997.481623036052  326.5799610655245 -17.485236261114096     3 
 -17572.991497301817   -18695.9096521965  326.5748921936476  -17.46883430312347     3 
  1589.8707048746169 -19956.833957516596  326.3369931903822  -16.45880775815159     4 
   9179.326969594014 -19545.500867682855  326.2978230735847 -16.416860854340875     4 
   8103.705480699711 -15986.682707247104  326.3210234199746 -16.403686991367383     4 
  12634.150338384563  -20044.79503748613 326.27730771114415  -16.40152584942605     4 
  13704.167123213845  -16940.96237282581  326.2866578767491  -16.37961126240229     4 
   19633.35775517019  -19520.43546301357  326.2443576355663 -16.362914296920554     4 
 -19448.435388986807  -12106.81120582433   326.500280485654  -16.52855367005346     4 
 -20382.064007536523 -3735.8191420301337 326.55260801898515 -16.488731570767694     4 
 -14151.345356376072 -11626.275428414665 326.47118966461574 -16.498301287062606     4 
 -13616.979435357463 -10729.639775888952 326.47287766387103  -16.49072097410574     4 
 -12040.091902125503  -9548.381253714579 326.46991588980706  -16.47605188409216     4 
  -9724.867146846298 -10462.300490259177  326.4511871309714 -16.468655763735814     4 
 -16502.427446537815 -5004.9290669020065  326.5219280194387 -16.475147549629607     4 
   -15773.3558369097 -2936.4113371604726  326.5291862030716 -16.459943007808036     4 
  -16531.36881646678   -2852.84722813651  326.5342534364016 -16.463518377446352     4 
 -19725.221476938797   4523.295634454722  326.5960616344162  -16.43950447714596     4 
 -18982.953871414724    7826.15938943943 326.61074769608183 -16.416889174428196     4 
  -19582.11072576211    9351.25014501749 326.62332262538376  -16.41144697694853     4 
 -19379.908752555602  11367.189782638092   326.633883795626 -16.398885885855428     4 
 -16804.537963705807    860.907395413658  326.5571011699353 -16.444407220445118     4 
 -15216.270262973107   11837.33138781432 326.61112663826685 -16.373758581279343     4 
 -12138.299016865492  10358.575286277424 326.58364507672843 -16.365571522453372     4 
 -11922.029208377637  13187.506385886098  326.5988514444249 -16.348221566472546     4 
 -17737.799952067297   17603.14483957579  326.6603928714942  -16.35437096923988     4 
 -18241.798515413717   19887.36947697613 326.67687599796557  -16.34401085656069     4 
 -14253.321305159168  15687.789233045114   326.627785012906 -16.346511648050154     4 
  -9427.524632616716 -11008.580683196085 326.44647701202126  -16.47000237915384     4 
  -6763.498436152754   -9671.50941132621  326.4379862243083 -16.448618655115684     4 
  -6234.150814801338  -5203.107409902512  326.4592606861051 -16.421379451030937     4 
  -548.4686851839384 -12161.061494259855 326.38869124454374 -16.428923282777763     4 
   1243.266596568558 -12967.820784860365  326.3743044690206 -16.423741212682486     4 
  2277.8213103688627   10802.72332907822  326.4992319494576 -16.285585760143842     4 
  392.59581226891027 -10078.715058693191 326.39427651321324 -16.412650838645863     4 
  2280.3547322482145  -14124.78943467216  326.3624979735137 -16.424443112162287     4 
  3856.8096150992387 -10544.725607553451  326.3721899691823 -16.396780798841924     4 
  -1654.945809392634  -1767.868037236352  326.4512581966012  -16.37772351911418     4 
   4635.772839742419  -5801.774227149307 326.39291231125884 -16.366623414346748     4 
   4581.763714811562 -2230.1710943043704  326.4125549549693  -16.34704159735432     4 
   4146.686502237524 -1270.3563024435955  326.4203047320856  -16.34397736765054     4 
  3373.0642219734245  -466.6372097327791 326.42918381245016 -16.343577773060698     4 
  -7928.707978243373   4921.872769223281  326.5265366809346  -16.37378480103535     4 
 -3748.1615419066043    7101.99277796899   326.513881697584 -16.338855932350327     4 
 -10276.744489570407  13191.337963739768 326.58881085792933  -16.33930192003601     4 
 -1218.4055035313736  1955.5256570465765 326.46951457126187 -16.354455516387056     4 
   3326.375685435294   917.0614189890034   326.437120780115 -16.336046395398665     4 
   3535.861227883716   839.7447942839739  326.4354794834193 -16.335368798256063     4 
  1908.6838752048047   6854.058738641552 326.47881768097136 -16.309993186027548     4 
  -742.9281898349682   9639.625094231476 326.51049293458755  -16.30828245506637     4 
  1869.0390738055742   9273.791050935437  326.4928741456167 -16.296449600158805     4 
   5106.438862512682   -7576.26313820252 326.38079385291144  -16.37392199484379     4 
   8125.054185789784 -10675.547524699667  326.3478153516018  -16.37496766671879     4 
   7039.829940361753  -8975.449784376484 326.36262888592836 -16.371392772322036     4 
  12241.865611226078 -11579.216041023454 326.32093049786187 -16.358374420117308     4 
  10244.962183562713  -7342.832297344737 326.35352265641757 -16.345607301322683     4 
   11570.81584740915 -173.12012205083283 326.38444845208676 -16.298869921476115     4 
  16265.605853441142 -15013.735188624421 326.28280439350925  -16.35613936515648     4 
  13266.306625834226  -10998.59945581602 326.31842223995454  -16.34990759668813     4 
  18183.146553058257  -14558.27397014443  326.2752418139858   -16.3439011336266     4 
    17145.0065113975  -11966.06398956923 326.29329150730206  -16.33521563077656     4 
  18069.018028019786 -12951.162932231055  326.2836846487706  -16.33583169889679     4 
  19321.275737683336 -11291.957383700936 326.28550988269814  -16.32049755353799     4 
  5402.0517143417455   2139.591293791079 326.43194556906747 -16.318160503909546     4 
   7888.564486747159  2207.7731146972915 326.41812069541794 -16.304693362662757     4 
   8092.036325047619   5953.046260100559 326.43782583265335 -16.282500534580954     4 
    7363.82137335578    7689.78378043191  326.4517810974915 -16.276483478359275     4 
   6711.330433547829   9117.822042281372   326.463639707942 -16.271810058651806     4 
   6726.481901915165   9122.832805576198 326.46358043095813  -16.27170246674939     4 
   3703.104705714925  14124.534428078383  326.5099403980788 -16.259197443329285     4 
   6643.067656895713  14367.032963753216 326.49405515273764 -16.242464794500986     4 
  12378.194558113408   6035.531495452213 326.41405946849426  -16.25985392848839     4 
  16494.297243065932   624.5110703196815  326.3619239666011 -16.269175899568197     4 
  -7417.122536281648  19676.912785156892  326.6092954424891 -16.286794581794545     4 
  14057.931457251774   11311.89401271177 326.43420082659105 -16.221673945096004     4 
  18658.090828639997  10709.419233117353  326.4054531256349  -16.20209411530232     4 
   19186.23078914369   9018.086445917135  326.3932134447086 -16.208899156934798     4 
  -8337.828525197616  19589.706903894534 326.61441231409685 -16.292243180468105     4 
  -8968.518899209399  19850.745118090366 326.61979970994264 -16.294149015714424     4 
  -8321.067668006133  19619.602417659782 326.61448490942547  -16.29198243901763     4 
  -7040.699447140816  17579.579478815067 326.59471993799633 -16.296737859886953     4 
   6437.435283440685  15827.669867823775 326.50367130115814 -16.235287617383875     4 
  5451.7250338443155  15808.075296395764  326.5093473730013  -16.24052135569992     4 
   5555.601550835442   15709.48511746521 326.50816696272176 -16.240537317901172     4 
   3638.768864234705  18788.093628671417 326.53733536535657  -16.23315699311092     4 
   5751.037569165942  19202.233068499776  326.5272242160962  -16.21984839323454     4 
    7477.39497915485  19288.576033674777  326.5175689500122 -16.210467182973588     4 
    17621.7124185998  14732.568944774754 326.43368172954223 -16.184852187133973     4 
  18349.600365917766  14838.192153622995  326.4302688659581 -16.180697592417374     4 
  17931.992824938763  19509.630849259887 326.45905076361606 -16.156985414688318     4 
  20231.537324939596 -347.47655842217387 326.33696286078026  -16.25579624457781     4 
  19978.308692387352  10774.900775046657 326.39867499018635  -16.19524958925657     4 
  19072.342499667306  16997.225780013374  326.4384863129909 -16.165260609451412     4 
   19367.86063334986  19837.627431191082  326.4529629499174 -16.148255840600136     4 
 -19029.782954780698 -17165.027540171217 326.47049926687913 -16.552438620475524     4 
  -17440.66901414355 -15966.383921079876  326.4674273999462 -16.538120535824998     4 
 -13939.194640280353   -19405.1680991697 326.42864311402724 -16.537467354606513     4 
 -12956.955798749848  -17358.35441649095  326.4335338353654  -16.52192300114169     4 
  18829.634522280187  15549.607307965744 325.74290523065224 -17.844415474289086     5 
  17737.744335829062  19162.255540035905  325.7127359416134  -17.85044241802197     5 
  18087.265732537704   9797.756983465491  325.7814349934271  -17.81890286682663     5 
  16139.539025739181  14907.280167840796 325.73754410370856  -17.82512856831732     5 
   16610.56187469556  10586.384500251597  325.7704134837369 -17.812418152411144     5 
   14548.71896370608  11437.782021112796 325.75666599789326 -17.802329260362903     5 
  13007.179375965836  10406.360319819329  325.7583466574623 -17.788576944604202     5 
  12837.331722554196  11832.634088801902  325.7473954221731 -17.792709108255412     5 
   9206.206451535392  17345.065724566666  325.6932297508226 -17.789056294829255     5 
   7312.656719375175   17218.51530915394  325.6867286413318 -17.776080420448054     5 
   8204.763602349562  11485.102964778265 325.73224177697307 -17.761002833567925     5 
   3587.244569121287  16040.906518310312  325.6806502942436 -17.746845900006722     5 
    5372.34219128151  14206.326136286978 325.70125022643447  -17.75211716863984     5 
  1216.9024271968697  16772.406839257666  325.6657488523353 -17.733480636752766     5 
   698.3463236866562  16404.906780356425 325.66638679378366 -17.728603367958424     5 
  -859.0006754356433  18688.548619755296  325.6431428585984  -17.72636168985427     5 
 -3119.6263575398903  18024.717790296592  325.6388905401452  -17.70843425322504     5 
 -10022.179451516304  17533.356517384116   325.614299271423  -17.65886500537933     5 
 -12630.364677944197  19166.882566910608  325.5913635869279  -17.64675787689883     5 
 -16092.793548607253   19231.09819410139  325.5766308485959 -17.622884690634308     5 
  -18303.58021583126  19158.031969742315 325.56808531694037 -17.607228507851524     5 
    18626.7293065957  1523.6980367092274 325.84163443614364  -17.79178198700695     5 
  19943.341048034934  -9459.477692966995 325.92031859982785 -17.759235780697857     5 
  19064.446786844554 -13357.486642172125   325.942788982514 -17.739259093675052     5 
   18074.22964588533  -9208.122074769772  325.9125282322886 -17.748348546267806     5 
  18515.913052627875 -13549.118342264788 325.94225212075975  -17.73508461009422     5 
  17799.427594571007   4741.844621741903 325.81623670361984 -17.798467295799323     5 
  17126.750377502838   5536.141575327033 325.80824039740395  -17.79712559269587     5 
  14069.511740534172   8300.928032234626 325.77744564394027   -17.7877077801544     5 
   16056.53172746046  -792.8663804833258 325.84872336538336 -17.766771019267043     5 
  15450.002888784707 -3373.8431110445417 325.86437115405073 -17.753255627446986     5 
  13651.444063893803  -690.7780011468835 325.83951122529743 -17.751611857691977     5 
    8938.44860784957  -5288.386832497098  325.8544032926989 -17.703578367427752     5 
   8959.735822961653  1606.5964055001662  325.8062762099107  -17.72935444322654     5 
   8733.996883542017 -495.39954350302656 325.82028913853867 -17.720030114648793     5 
   7506.129090235352  -801.3304971158827  325.8178944137726 -17.710722133170908     5 
    8077.26185001469 -4389.0642438216555  325.8450629307636 -17.701199308165933     5 
    5669.16628017979 -1567.2550517945972  325.8164342564459  -17.69558760709979     5 
  12684.025101298845 -16801.687808080198 325.94389584849546 -17.685828812335906     5 
  12601.193995755706 -15966.923653549926 325.93827754531526 -17.688325836070177     5 
  10364.098103805374 -16490.800802678117 325.93405377539443 -17.671878298641364     5 
   8194.103804307635 -16006.098785261662  325.9234336861439  -17.65941270968753     5 
   8175.429626175512  -5746.445700917388 325.85478830599544  -17.69682345112089     5 
   4844.825044557082 -14036.005409843256  325.8986728787136 -17.644356869450682     5 
    5219.22386230891  -18075.22934590054  325.9263383628704  -17.63239163745091     5 
  1623.4268807228384 -13521.882527401232  325.8835159456444  -17.62468244015955     5 
   812.9182251050672  3728.3680596972413  325.7599714561579 -17.682398863120174     5 
    1346.57946220993   847.8141547018838  325.7828018725746 -17.675338943114085     5 
   332.2357682897921 -184.72425377779538  325.7862668686508  -17.66460706090881     5 
   600.7396866336927  -1222.993887809512 325.79471225355746 -17.662596463859334     5 
   82.36061342886944  -347.2660421198786 325.78646035361476 -17.662302382301796     5 
  -2997.837930585025  326.03843174211704 325.76959152128774 -17.643715959952857     5 
  -5522.994313271013   4213.350312873968 325.73135077112585 -17.640693231623715     5 
  -6546.055615111233  6058.2393026513755  325.7137127773159 -17.640451174456224     5 
   -4333.70283351096 -1786.2656568974517 325.77948615918496  -17.62677915777485     5 
  -5255.275443292735 -3812.0782974292697 325.79029403016517  -17.61305672955546     5 
  -4962.637971072595    -4855.8042694626  325.7988358845829 -17.611268348723225     5 
  -2831.526844498616 -13605.350990905734 325.86741575458933 -17.594401785271398     5 
 -2438.2639576177644 -16130.133782972734  325.8857257915974  -17.58817355216478     5 
 -3151.9435821524144 -16238.104108058385 325.88375745042435 -17.582999508975714     5 
  -6427.260593843419  -10144.83832105466   325.830034839583 -17.582274855641245     5 
  -6009.898842092285 -15710.548005674194 325.86939669673063 -17.565589123829888     5 
 -12857.334369457281 -455.05277094681094  325.7357656392125  -17.57291001374051     5 
 -13700.412440571798   -5784.71043641149  325.7706129218852  -17.54803703913087     5 
 -10720.270676439131  -7941.418636311165  325.7977896889687 -17.560792637526873     5 
  -8984.391865402225 -13242.823397808606  325.8412611135695 -17.554034865834428     5 
 -14080.057715630759 -13227.882308455193  325.8210137589349 -17.519599208547607     5 
 -12937.220906716684  14497.125320828665  325.6250030054552 -17.627331595263847     5 
 -15708.620028287038   13977.07271080071 325.61749146699856 -17.606108572820766     5 
 -12924.898444149965   8732.363178536623  325.6680005854525 -17.606076943075866     5 
  -13390.18628110156  2795.8352934012796  325.7099017353098 -17.581041942580946     5 
 -13878.650102741769  2350.6961951432395 325.71116924885246  -17.57604084503548     5 
 -15877.293026361502    8762.98443191023  325.6556616483669 -17.585677837130035     5 
  -17155.97581976044   7035.486459854364 325.66322720926405 -17.570466536579676     5 
 -16217.827921278504  5351.0371788832645 325.67953825300594 -17.570800057071345     5 
 -17261.611242657353  12860.975330406762  325.6194388387178   -17.5911783955498     5 
 -20371.101607149092   17422.56906909547 325.57256478468355  -17.58644377789981     5 
   -18774.2447591064   5956.435709496636 325.66456477431353 -17.555331885905666     5 
  -19714.77702027491   5780.806886478141 325.66199595746696 -17.548202409122617     5 
  -20020.62659084513  4210.8516079707215  325.6723277807693  -17.54040318201556     5 
 -15386.144691662463   2406.037563036045 325.70460659388675 -17.565823332698567     5 
  -16821.92502098781  1901.9983812764192 325.70242088515226 -17.554089165703157     5 
 -18946.860921822263  1018.0754934592711 325.70017138575935  -17.53628589088534     5 
 -20220.635042917453  -141.2047165246517  325.7033968531934 -17.523414616564878     5 
 -14159.713635497244 -13987.146102761564 325.82587917161356 -17.516482222412964     5 
  -19590.55021103473 -16735.053818626933  325.8227056416697 -17.470962296425235     5 
   20327.42234811295 -18426.152165773612 326.23543169054346 -17.235455125957653     6 
  13930.623632218178 -16401.503129740784 326.26208705137634 -17.197232232394683     6 
   8739.636531282487 -18147.070948610486 326.30155887394636 -17.182457620339346     6 
    19261.0887240969 -14462.991333280039 326.22122038153645 -17.210908991955883     6 
    16920.6739629596 -7449.5585756670625 326.19815385687946 -17.163636863559958     6 
   8117.099251856078 -10432.339767068313  326.2656130255301   -17.1387611172795     6 
   12051.06496177326  -13390.63220978857  326.2576351545599 -17.173028496790323     6 
   11291.03674464596  -11336.12210592478 326.25146253541163  -17.15860472340389     6 
  10093.858447791727 -12299.659725953241  326.2635590687652  -17.15815346959418     6 
  10680.800367418633  -8609.904507045649  326.2408242359672  -17.14102413445327     6 
  2845.8225851466145 -17964.272727426338  326.3357809909328 -17.153640922081202     6 
   2151.013529527905  -15198.73657808011  326.3259739723634 -17.135652357885302     6 
  -2138.855213670869  -15749.64059758487  326.3546208040331 -17.117495653739702     6 
   5709.405544696831 -11116.990068335112 326.28359099175964 -17.130915847137633     6 
   -5.03628114711071 -11857.553680934987  326.3218929844472  -17.10694166453034     6 
  1678.4003960087932  -9507.856245363088   326.299532313531 -17.102337005683623     6 
 -3406.4355912711712 -10004.021195895155 326.33298262656626 -17.079588099937443     6 
  -5489.428940121495 -11836.009326833437 326.35505324942295 -17.079222441609858     6 
 -3749.6684454374385  -8811.035542889073  326.3288963816739 -17.071145880582552     6 
   15934.35293650037  -785.1114951272662  326.1685940775011  -17.12241390991894     6 
  16848.820049588958  -304.0088449864323  326.1607523823239 -17.123977409116634     6 
  10599.246124748799  -3761.351235981343  326.2157008439025 -17.113841599275805     6 
  14385.097320631141 -1860.4134489633652  326.1833202891148  -17.12117748658013     6 
  11767.896138964023  -2888.063115705724  326.2041470853394 -17.114536129130926     6 
   10626.48100575601 -2121.0364670303848  326.2068151535884  -17.10474631325488     6 
  19924.392167765374  2403.8363324841903 326.12880091412796  -17.12296097686129     6 
    16406.2786407011   4663.494632080558 326.13685038779016 -17.093706863928475     6 
   13336.29803769222  2594.5661240980894  326.1656890485274 -17.090936837962634     6 
  12340.410636963219   6590.911165119186  326.1501335544815  -17.06299415595982     6 
  3889.0037417221906 -5855.9929779314325 326.26700324845365 -17.092887054231742     6 
   5702.240519063489  -835.5696276243368 326.22938050427484 -17.073314253813393     6 
  3680.2624944248214 -2026.6554178171582  326.2479476817866 -17.070068871905413     6 
  -5078.625570134506  -3769.043373319237  326.3106228736277 -17.035498094130283     6 
  -7305.503726669878 -3859.4648378963047  326.3247484115433 -17.024465471917114     6 
 -1435.9630534258847   492.9733297958056  326.2656384449299 -17.029450856293312     6 
  -6467.873922278876 -199.87945471983085  326.3002187472909 -17.007406883007626     6 
   6736.216549190595   3735.301058065219 326.19866249480566 -17.051969029808333     6 
   8496.114502543434   6226.364127736406  326.1747658948659 -17.046158403135383     6 
   7935.394333030127    7561.76349607996 326.17092518495224 -17.035489223611776     6 
   1833.348956760869   5546.996126671686 326.21851461126914 -17.016442092988225     6 
  -5232.979638978163  2209.9055631653514  326.2797395003833 -16.999609791035034     6 
 -19261.465336325426 -19262.410303743894 326.47415228396966 -17.049146774944848     6 
 -17493.780268195238 -16972.335976338305 326.45278122882564  -17.04577646356903     6 
 -18265.726182860875 -16079.463119624603 326.45302689856265  -17.03680549959362     6 
 -19265.906096135786 -14695.321920244092  326.4522136917468  -17.02384320998287     6 
 -10875.989167830203 -13428.149452025129 326.39573781352476 -17.060457572785104     6 
  -12315.92703324373 -13327.545323829845 326.40391754283826  -17.05244607889455     6 
   -13435.4025241593   -9886.90863340828  326.3933344712911  -17.02718662647424     6 
 -10865.557489671908  -7262.246049097359  326.3642735974401 -17.025582377242678     6 
  -16563.02509283392 -12063.230461619572 326.42312800509734 -17.023177364014035     6 
  -17282.42296413733 -10704.011464162266 326.42064192604244   -17.0116637485154     6 
 -16155.837155038254  -7359.629544947558  326.3969108834998 -16.998350033444826     6 
 -10663.887690518484  -4126.952615271946  326.3467299716797 -17.008461004576212     6 
  -9325.703723943032  1159.3499883013892  326.3105563884806 -16.984345830892828     6 
 -16502.019747180577  -3097.348180429624  326.3770023719456 -16.971571998673795     6 
  -16697.76767793966 -2402.5022273510294  326.3745695416416 -16.966423912798707     6 
   -16578.5236996632 -2874.6090438160345 326.37630711058875 -16.969850028195676     6 
 -19622.367106462094  -5878.361527307839  326.4102489530531 -16.971361353828648     6 
  -15815.92996884442  -639.1066790631072  326.3599424675953 -16.960644135117686     6 
 -14436.325794555187 -365.36031642782075  326.3500562601075 -16.966349304471002     6 
   -9439.73681108796  2336.9795984529537  326.3049670300094 -16.976726779574552     6 
 -15008.402386899252   4424.607479710616 326.32810170308267 -16.934585801292517     6 
 -16258.248519216795   3580.705173299076 326.34029048682373 -16.933000969027418     6 
  -18194.03722363917  3169.7983117613453 326.35433995087715 -16.925133857140466     6 
 -14250.581731925744   7252.517617605337 326.30824880362337 -16.921517652127843     6 
 -17576.866309478777   7362.756962627596  326.3281488329113  -16.90304207300402     6 
 -19814.982530456793   7121.688774344166  326.3431780484231 -16.892519086345885     6 
  16371.625570498281  11288.751782079586  326.1018118803931  -17.05506841194653     6 
  15138.694886653182  14718.101497345786  326.0906916085703 -17.028836984358747     6 
  10910.811559037253  13621.907225200628  326.1209114441234 -17.014413008489214     6 
  11124.443522736357  15896.484324082016  326.1075712960146  -17.00189186668226     6 
   11601.22957809613   16506.60708184743  326.1015706773768 -17.000631895721916     6 
   11313.60874540967  17402.593407631826 326.09849645308896  -16.99381725465904     6 
   4406.540674505005   9788.028094434763  326.1800687743568  -17.00437054127764     6 
  4003.8924906107804   10045.86963122118  326.1811039423146 -17.000763982567367     6 
  1578.6216090616288   9149.913550186635  326.2006139010281  -16.99363448481602     6 
   4401.986003848538  12603.546028142722  326.1649320509305 -16.987461886143503     6 
   5405.383080086891  15172.062562279896  326.1451326519567 -16.977154777405786     6 
 -1299.4285159064004  10034.211136246633 326.21337607688014 -16.973342174564117     6 
  -3285.530287211309   9102.507760587947 326.23058946626577 -16.968547737283068     6 
  -5190.134311495466  10091.070521029787  326.2369496091016  -16.95253052715087     6 
 -3340.4447717917565   13898.78151324455  326.2049615443358  -16.93919469767592     6 
 -2170.3905393142313  15048.868312052373  326.1915824917387  -16.93837946947157     6 
    4543.58805677242  15835.040994531548  326.1467287489077 -16.968705930444013     6 
    7687.37937016645  19610.009975313937 326.10797648995657  -16.96208659505474     6 
  1997.7624981741862  18483.511032256523 326.14781980244743  -16.93940521562844     6 
 -11008.483689554656  10425.273697739985 326.27106848578535 -16.919557872965864     6 
  -6421.796463542428   14598.53250981292  326.2201118111712 -16.918582343133597     6 
  -7584.025422584875  14462.887347816853 326.22801272149803 -16.913216956407833     6 
 -10695.596962714942  13894.421801722463 326.25032311659834 -16.900062184474606     6 
 -12362.404749820626   13192.35500483351  326.2644453608283  -16.89542707994745     6 
 -11179.896633065253  12561.966822529104 326.26054710895545 -16.905610902051684     6 
 -11975.654382394885  15709.566559902029  326.2483957908251 -16.882099098854308     6 
 -11141.911417929505  14962.558399777106 326.24728958685176  -16.89114000040557     6 
 -20073.027961518863   9793.654123673696  326.3304109211265 -16.874851576598388     6 
 -16409.619115687223  13557.962790654488 326.28749753552796  -16.87148181819729     6 
 -15991.685384246448  15776.316671406712   326.272884289162  -16.86013746492536     6 
  -8647.817011459878   19087.92371823036  326.2095335103827 -16.879250300027213     6 
 -14383.852816562066  16238.420797268775  326.2604301984841  -16.86593776527253     6 
 -18440.986425004437  17552.400467289124  326.2783880698727 -16.836108278908544     6 
 -18441.979493630017  17045.900911279943  326.2811406550741  -16.83920670944833     6 
  2653.2586952532483 -18601.236440459044 327.20696438536896 -16.100681464805657     7 
   5030.067841220721 -19238.270259645436 327.19304518655633 -16.088585720707723     7 
  2504.5693781914206 -15326.876338013122   327.227302041421  -16.08785038565416     7 
   7046.147497321325 -16067.787343809747  327.2033450143083 -16.062734449462717     7 
   7968.764521964263 -15119.967433310785 327.20514152563044  -16.05298677499837     7 
   9061.513312689833 -14624.355380383748 327.20353604744486 -16.044120181018496     7 
   5274.085925094531  -8626.704613562915 327.25667374399126  -16.04170375412362     7 
  3686.9194056796323  -3103.530760657507  327.2990440757871 -16.027427909126956     7 
  3570.8123947745203  -3294.640602276187  327.2983253996993 -16.029004003463747     7 
  10206.677393114995  -17954.98548099536 327.17901736487266  -16.05129370940899     7 
  10265.530833312798  -17013.10875381622  327.1843146830529 -16.046930570119386     7 
  10682.956563317735 -15815.321153430672  327.1896889504814  -16.03925962936938     7 
  14207.535230566478 -17054.131453453963 327.16811273290665  -16.02310315104977     7 
  17364.061629727064 -15898.115011394731 327.16240612672067 -15.999158032211932     7 
    11798.5566997622 -10711.895524374215  327.2158563619798  -16.01037732107099     7 
  10994.338612541087  -9833.108812937833 327.22461576614404 -16.011478559597503     7 
  11106.858357323463  -7994.382629171592  327.2355365346548  -16.00274157005794     7 
  14056.088676526759  -9962.528626632422 327.21111206961916 -15.993337916468203     7 
  20305.205480523768 -14082.082564354492 327.16164150543386 -15.973835202279394     7 
   6537.195279801685 -2460.6285431119118 327.29048835925744 -16.006684976249563     7 
   6001.440625219242   4255.514388888272 327.33700447967414  -15.98016155182231     7 
   6134.873691672069   1497.017611816827  327.3181375165991 -15.991623183455829     7 
  10560.527951227812  -3482.920253930043  327.2663281355707 -15.986225615722383     7 
    9833.61635285303  1498.4015244078926  327.3016902872153  -15.96860204964995     7 
   8004.681809508763   5910.732799607892  327.3389680896595 -15.960278148490247     7 
  11359.378731316681 -1753.2596027564296  327.2739652864309    -15.973646672434     7 
  12525.805305918784  -798.5642740111921  327.2750870519718 -15.962262334090548     7 
  19164.735332089655 -1948.3291809386003 327.23999075956243 -15.927383787927926     7 
  13048.590146133565   4754.999354353024  327.3089495828234 -15.934400439801486     7 
  15655.965384496025  3058.0352500724216 327.28663022120935  -15.92616219436485     7 
  15898.117917253054   9909.762236571205   327.330555748098 -15.894402333562365     7 
  16681.581879036392   6052.690234850133  327.3017681979062 -15.906754682246877     7 
  19033.851066765066   9358.212833927457 327.31340800721233  -15.87826684478355     7 
    5749.83048762624  12904.698522957564  327.3963909462946 -15.943169413077307     7 
   7705.604031647018  15187.059194169069  327.4028473102388 -15.920909156891177     7 
  12570.739350145139  18439.918000071968 327.40259581343804 -15.876988702007417     7 
  17089.476821233293  11561.279104127989 327.33632609465263 -15.880062445309854     7 
   18244.10949144988  12939.489075143676 327.34046443145337  -15.86722999739849     7 
  20177.270553924187  13178.948485737887   327.333721885333  -15.85490920281206     7 
   20384.55715517455  19090.266036093268  327.3721300339455 -15.828257891818648     7 
 -18884.789925427707 -1310.1004831520097 327.41721264762316 -16.163774326252124     7 
  -18633.44496916413 -186.73425318902588 327.42357864964697 -16.157323285316675     7 
 -18578.221519867468 -11120.704393171152  327.3508792565499  -16.20314071136019     7 
 -15650.755838232053  -7013.696135572505 327.36364155594134 -16.167562351853984     7 
 -16000.353781135538  -2161.232670409088 327.39755070442664 -16.149051144842765     7 
 -14931.116473285387  1219.4784248092883  327.4151813778623  -16.12750191737251     7 
 -13905.240439556266  -2292.906901570214   327.386585924203 -16.136222597941586     7 
  -12857.98685760988  -5671.099462057999 327.35913377237836 -16.144079705925087     7 
  -8961.251221803897  -19141.57428105824  327.2553786921088  -16.17549899208067     7 
  -6394.638096714081 -13587.025412269262 327.27790292962874  -16.13653453555158     7 
  -6367.495628503446 -13682.699018433741  327.2771793048595 -16.136763383810738     7 
  -5806.179497577454 -13397.343515134993 327.27639367098453 -16.132020460747587     7 
 -10795.280839117744  -5915.345469080448 327.34771855691076 -16.131960959421136     7 
   -9397.40985715189  -3989.741196702444 327.35378378085596 -16.114707022593972     7 
  -9456.864484126398  -4037.727966768276  327.3537482362952 -16.115295963936184     7 
  -7729.594972772034 -157.21222777750933  327.3713814809308  -16.08724446411559     7 
  -5181.538567475118  -4902.273980861576 327.32795852439915 -16.091696736021145     7 
  -5480.339970981066 -15625.213638434434   327.261050087258 -16.139262831957698     7 
  -3787.352882823175  -13578.14859343424  327.2660640799898 -16.120025461259132     7 
 -2525.9270667717597 -14265.406383173948  327.2560983522914 -16.114961499077857     7 
 -1336.7376145087358 -13916.566675554452  327.2529229097058  -16.10599721097507     7 
  212.15038415326956 -16028.059884121752  327.2330851402978  -16.10516110233996     7 
  1840.5700650037866  -14122.45440249603 327.23756578433586 -16.086899504818852     7 
  170.91314220536927 -12539.975371290671  327.2547322821316   -16.0906542856112     7 
  -558.1023668307869 -10803.443552662715 327.26886267558694 -16.087823469413976     7 
  1058.8890001076559  -4198.698822504881 327.30380915505447   -16.0488713184053     7 
  1377.2082574093376 -3785.5856824807383 327.30504808320984 -16.045036088389562     7 
 -18738.098890852183   8941.014793957484  327.4865234095626  -16.11790175400548     7 
  -17780.93394362774  16839.433584163566 327.53654017625615  -16.07641306950739     7 
 -15935.373104133809  3589.7267481941763 327.43615956214023  -16.12354773560144     7 
 -15725.512726129593   5542.801424470215 327.44849826979186   -16.1135732510133     7 
  -11324.67674388504  1584.6417315099777 327.40027772148153 -16.102702856731735     7 
 -15813.391712058246  13183.966253166267  327.5016152706682 -16.080073760436534     7 
 -19629.511436796587  20161.892946127584 327.56856678855587  -16.07346091482502     7 
 -16419.588853540143  18574.831389775463  327.5419337942023 -16.059821054336677     7 
 -13017.169193271657  16506.459116690134   327.511009000732 -16.047066193409808     7 
 -13496.763568345563  18289.901947810118  327.5257056308831 -16.042173954365538     7 
   -10424.0959172857  19370.866016198925 327.51821681585005 -16.017452082346928     7 
   -8096.06513451541  1987.7328794331138 327.38754590398025 -16.080130428404413     7 
 -3885.1265595988266  -323.4077586806685 327.35213417453946 -16.063302292970754     7 
 -2740.7305813951157   739.1874061692167 327.35385934207693 -16.051269033588593     7 
  -2837.215346180546  2024.7083310251496  327.3629086785981  -16.04617836512441     7 
 -2955.8491534947166   4166.322207569827  327.3778723916225 -16.037400646762173     7 
  2193.2577700560346  -467.4681868156654  327.3230531547191 -16.025195052253412     7 
   3732.852978418437   150.0089604437263  327.3201143965168  -16.01271898801493     7 
   3861.772898014959   1939.915946495753  327.3313521830903 -16.003940413923488     7 
   -871.761396270343  10111.545179806171 327.40840361135133 -15.997472121886442     7 
  -421.9575921050887  12525.021501244748 327.42277527010265 -15.983804380064242     7 
   1859.976096453139    9838.26423792558  327.3936796217179  -15.98131869326404     7 
  -7628.722822737881  15938.260836637193 327.48087869164476 -16.014764980462672     7 
   -7657.18017091488  18681.450490364132 327.49998692748443 -16.002675287752023     7 
   -2708.41621018248   16900.67537696426 327.46377059544795 -15.978852850040818     7 
  -797.9410431432497   18919.29389585152 327.46850579780914 -15.957704286117364     7 
  4077.1804464421743  12778.034117017274 327.40331561371954 -15.954206259622651     7 
  -20254.33634144637  16858.883970303228   328.011670386178 -18.891355769449845     8 
  -18869.49473620005  19407.430704306837 328.03464124123354 -18.884103423938594     8 
  -17212.28243557503   18008.79082565422  328.0250051935487  -18.86900048410039     8 
 -18793.072818385135  15159.530472909995  327.9992759460383 -18.877375585701493     8 
 -15844.049011878184  16958.800898029476  328.0179239309633 -18.856672514703522     8 
  -14582.28905559787   18178.05830643724 328.02965856227723 -18.848451347749524     8 
 -15360.948095301559   8618.795429139522 327.94903266721036  -18.84086363150827     8 
 -12087.018377752755   8103.329846359178  327.9488246239676  -18.81431978878732     8 
 -19143.801874764416   1127.890305031443  327.8828225570231 -18.859811555764434     8 
 -19191.432981998187  -478.3636483632632  327.8697267270428 -18.857862375848487     8 
 -16412.358665759337  4069.6104701243266  327.9101726524941 -18.842625546328787     8 
 -14250.666170149123  2453.0392104467805  327.8995721793755  -18.82335286499921     8 
 -18636.877346523732 -3118.9470255291644  327.8491027200968 -18.849738729032353     8 
 -17165.473496389346   -916.657748703261 327.86859216885415 -18.841406050907196     8 
 -13495.484418449265   418.2731933427456  327.8839074102669 -18.814576911345956     8 
  -13844.83213225912  3521.9964042715305  327.9088350401429  -18.82167509885411     8 
 -12118.462692108216  6618.8883809681565 327.93649883474853  -18.81246930424695     8 
   -9515.95028833197   8782.125031130483  327.9576788387036 -18.795033346060332     8 
 -11076.656202240194  -64.22220365054997  327.8830160664869  -18.79498676574685     8 
  -18970.89361878195 -10760.415863146429  327.7884751833743 -18.841465226970442     8 
    -18926.294046565 -10718.367456287378  327.7888515759331 -18.841181074642318     8 
  -18029.13323409435 -12467.848683494301 327.77640458699034 -18.831839934219698     8 
 -17360.810499378946 -13867.466940508266 327.76648479114704  -18.82478701834299     8 
 -17660.990261042254 -16193.055954621814 327.74856167949423 -18.823911151526822     8 
 -14966.291828623429 -14944.020691572545  327.7611346251312   -18.8050120348158     8 
 -13276.861919808607 -13103.797121125193  327.7771902325333 -18.794505821759248     8 
 -13170.447113010356 -15979.907309797998 327.75548995772937  -18.78994735342085     8 
 -14109.122331235645   -4127.58209093516 327.84647558135947 -18.813053114251613     8 
  -15496.67869886335  -7975.689470245585  327.8142744145919 -18.818518254063477     8 
 -13884.535491245813 -7894.3201958074105  327.8168746472092 -18.806149925760444     8 
  -9670.444407231827 -4169.3413612380455  327.8517141474851 -18.778478917593826     8 
  -9357.318484767673  -5713.761106560482  327.8398047788264 -18.774006041573557     8 
  -9868.174186311402 -160.22821992202964   327.883769918691 -18.785416386293395     8 
  -5572.575463559427  2661.0147231925816 327.91228482173165  -18.75573223976565     8 
   -9585.73260838032   -9386.97027540469  327.8105724812234 -18.770980209433443     8 
  -4153.977002171674  -6345.264877551554 327.84162622191855 -18.733084772157174     8 
  -2201.627234478448  -4096.501024060684  327.8621209770826 -18.720925223023077     8 
 -2055.3385928245275   -4388.38800686422  327.8599907097955 -18.719441791450556     8 
 -1246.1614664552803 -6812.5190362816265  327.8418724580178  -18.71029862479833     8 
 -11952.176300311754   16388.59834749556 328.01796978210956 -18.825081164301594     8 
  -9020.835790948628  18039.983006004277  328.0353531590736 -18.804311625713556     8 
  -9172.593009665829  15808.370995379086  328.0165679532698 -18.802303126525032     8 
    -6818.8663108265  12394.095654809564  327.9910664584713  -18.77891576606304     8 
  -4702.441710225888  17047.530616679604  328.0323844783838  -18.76893081312776     8 
  -4852.932075426287  15748.103537044255 328.02139857593977 -18.768251408912704     8 
 -2561.9426547606035   17621.04348472389  328.0397512615563  -18.75302068851276     8 
 -2563.0774304057895  18501.119625688843  328.0470482256098 -18.754295733758585     8 
  -167.0648451346451   19986.32098003678 328.06219933714203 -18.737813723998745     8 
  1643.1841485546336  13956.842478239307   328.014537054941 -18.715216513534138     8 
   4773.641547902238  13049.799252901286 328.01090142790025 -18.689979971498964     8 
  6199.9234833690025  19675.972462509028  328.0670453675144  -18.68852237318226     8 
    6976.87750534572  19613.527856487704  328.0674205912559 -18.682550393057095     8 
   6344.478459009837  16082.021278564847  328.0377217159962 -18.682284694912376     8 
   8298.273083053118   15413.68207760294 328.03455614775135 -18.666611179292524     8 
   14000.84218572817  20334.993874971547  328.0810857080938  -18.63135980890063     8 
   599.7206666266721   6114.315030624268 327.94859741646894 -18.712549208167232     8 
   3996.159500700945  3884.4942714971103 327.93482481844694   -18.6836923148147     8 
  1912.2571241618173  -4125.127733427042 327.86749904471793 -18.689562791400107     8 
   5781.489196718354  -2443.781683883168 327.88623596632334   -18.6624553463652     8 
  5915.5547349511135  -5364.790574792883 327.86325570238694 -18.658069434542924     8 
    5289.65416733989  -5996.618852367656 327.85739476737984 -18.662010986444695     8 
   5289.342216378533  2383.5520675510943  327.9243629511657 -18.672016445265108     8 
   5310.518621538283  1588.3890513380327 327.91796183757407 -18.670867453340794     8 
   8533.548865438204   5227.898686340586  327.9517082854121  -18.65127178366999     8 
   8090.107872174858   4680.083250802026 327.94668464209764 -18.653888076552022     8 
   7696.334433528732  -575.4561013908677 327.90380182883206 -18.650391732125435     8 
   8505.158153313836  -209.7150686941427 327.90783794587384  -18.64482316139783     8 
  10124.079541965546 -1674.5177182337127  327.8983850590175 -18.631175616484633     8 
  10002.698149370754    258.954788067935  327.9136373184835 -18.634317050865768     8 
  11682.002200777659  1345.4378090982977   327.924615999981  -18.62328041450692     8 
  10588.301227418326  -193.1909129068824 327.91082697151563 -18.629483473273048     8 
  11338.619564508072 -1387.5772594212262   327.902352059704 -18.622615681856832     8 
   8614.737928754119   8851.700448771451 327.98128874822913 -18.655335444684603     8 
  10466.537067603385     7472.4738494319  327.9724222902013 -18.639775149152374     8 
   13521.95693215127  17701.525442336424 328.05922857499905 -18.631083043893373     8 
  12744.968341903223  16411.073003612313  328.0478721715006  -18.63496440396622     8 
  17757.771324046385  14760.612845715048  328.0402484978773 -18.596352466950844     8 
   17430.93779063318  13807.121438260197  328.0321953134117  -18.59739618525559     8 
  14537.696816410577   8736.203118246254  327.9878015619965  -18.61157291979254     8 
  15851.212405397182  10042.988428220073  327.9999708433913 -18.603763338393136     8 
  14364.161592077622  1462.5774641827547  327.9291853440324  -18.60395067527314     8 
  15626.717169518919  2645.2724841617737  327.9403122657441 -18.596257870739617     8 
  18970.186075911202  12694.233362316143 328.02503687619355 -18.584955926802877     8 
  -3576.125372796422 -14766.247664038458 327.77713022504156  -18.71858593417768     8 
  -4206.144031602693  -18156.67802275739  327.7508259331106 -18.719469393262727     8 
   999.9254116871651 -13085.448616695987 327.79629983566304  -18.68611919963079     8 
   7951.369394962847  -7261.630941529391  327.8512656445302 -18.640900860866743     8 
  10814.735633475386  -2892.664728590255  327.8896883050573  -18.62473715013804     8 
   14389.90732419966   -2334.87079522522  327.8991150173653 -18.599480456823898     8 
  15488.690276886622  -7660.567662661289 327.85913648858457   -18.5860892001462     8 
  12426.566707852875  -13289.78980791017 327.81155430171754 -18.602401048185893     8 
  12139.073436894256 -20005.232649056732 327.76128853193484  -18.59848880401389     8 
  15434.327246170704 -16309.153925990055  327.7935911614147 -18.578514310510258     8 
  19091.781794788447 -14989.743015742846  327.8090940413933 -18.554355772019438     8 
  20374.769707864518 -13866.858472221435  327.8194490754921  -18.54653072373637     8 
  16689.725368800446 -1033.0293118153083  327.9125896565821  -18.58450917530866     8 
  18196.916979446345  -1142.870998477601  327.9138176200353  -18.57375319594625     8 
  17890.047388052168  -2827.410673056828 327.90017693869703 -18.574108539714636     8 
   20227.66784129919  -3465.059689859242 327.89851735888845 -18.557154448429145     8 
   20146.81461486421  -18795.34349871319   327.782812488667 -18.544197586359232     8 
  10582.442644134533 -18971.168573676583  326.3091610598399 -17.406328647317242     9 
  14460.169190416334  -17372.82752889106 326.27703340036015 -17.410632599287382     9 
   3153.523196038579 -18364.538843052414  326.3564414011288  -17.37554643920534     9 
   7799.736181814855 -15983.339337930614  326.3154650874231 -17.378636804321285     9 
  12809.253190793956 -13509.026015267747 326.27184178771313 -17.381956784926267     9 
   6514.181240258451  -10823.44583970387 326.30274302306935 -17.342428284813543     9 
   8755.045829720462  -10058.63787225662  326.2844314508902  -17.34610778640543     9 
   4589.577639656631  -9973.966921537458 326.31225422407994 -17.329809522673973     9 
   7679.814915551134  -7121.231099877766 326.27931850833335 -17.323697625695136     9 
  19810.850907518805   -9421.85309953368 326.20898915557166 -17.381812353018802     9 
  19930.490921111534  -9420.930208884829 326.20821728090135 -17.382216656074885     9 
  19975.806038086695  -5078.734796296243 326.18952457540223  -17.35579130733278     9 
  12594.583219719578  -6813.221705622763  326.2450847729397  -17.34013360668176     9 
    13188.2882899486  -5912.036147332946  326.2373268698533 -17.336672500774437     9 
   5840.610949968477  -3668.053373932918 326.27718328429745 -17.294602561167874     9 
 -11234.531490478492 -19687.722852449442  326.4593523516135 -17.327015528566925     9 
  -1231.749718737682 -20027.894258535234  326.3927581911484 -17.368714029770963     9 
  -2562.623700174514 -18102.637608590703  326.3941749733889 -17.352034726550155     9 
 -4727.9711997544955 -17080.470894864815 326.40488318354926 -17.337312260196477     9 
  1615.1829363027578 -13938.053656413937  326.3489042381569 -17.342922286524306     9 
 -1192.9339414246235 -13279.322876985838 326.36540514737436 -17.327909586952437     9 
 -12790.548280300229 -16955.599048994176  326.4594286893049  -17.30392991216963     9 
 -11769.736860108127  -16525.19762107239  326.4508029247471 -17.305463567305694     9 
  -14723.74821646597 -20162.297011993425  326.4847566791434 -17.315618688815345     9 
 -19181.271125792755 -18601.842096895565  326.5089143106941  -17.28754890031571     9 
 -20284.825796624813  -17916.40028485513  326.5137592526837  -17.27867677739694     9 
 -12758.971762677138  -12746.63830882816  326.4427538487782 -17.277712732375885     9 
 -19513.217176813487  -10604.12213177667  326.4805583763917 -17.235632782690143     9 
    2471.21692255042   -12898.5893047874 326.33880422278736 -17.339825757439414     9 
  -6869.629214160255 -11473.926005974392  326.3971077632384  -17.29386731686699     9 
  -6770.279982121562  -10363.75925596959  326.3919134140306 -17.287224106718728     9 
 -3794.8687931652025 -10020.649327712166 326.36996365252077 -17.297099788844186     9 
  -6134.004641648933  -5193.857746078706 326.36621441015996  -17.25648150787475     9 
   6003.278394948473  124.81220422848882   326.259939160384  -17.27059679964846     9 
   -8300.13601710713 -1254.7624341654232  326.3648563457781  -17.22151500491328     9 
 -1586.4287622055554  204.47656571883553  326.3118698585827 -17.239591886315466     9 
  -5155.646660436767  -213.0937217586475 326.33850096843975 -17.227670056777267     9 
 -11911.942708728524  -9327.051253457616 326.42325143512494 -17.259373571266053     9 
 -12134.136821141346  -8114.694871144601 326.41988289315964  -17.25060413034919     9 
 -18807.822455641297 -2188.5946654570507   326.441967620617 -17.183273771335067     9 
 -15462.211940399842   1241.712012971074 326.40449708700163 -17.174492556661516     9 
  -9985.382746015714  2043.9588276739291  326.3627686209387  -17.19232692213264     9 
  -9083.164686503304  2352.1818296925253  326.3551394830851  -17.19405421349475     9 
 -13670.033537088872  1208.0786969105277  326.3921035393112 -17.182351084700393     9 
  17576.440927363896  -712.6044509112438 326.18643817280895 -17.319834071333393     9 
   17764.14857242968  3914.0029931867366  326.1655586765989   -17.2908118451918     9 
  17118.206520518026  4669.8543531932455  326.1665326477526 -17.283509904411783     9 
  16636.153602605176   8151.261480857019 326.15492046671153  -17.25891578089209     9 
   9955.200853656755   8442.958647514932  326.1977299722875 -17.231119829916967     9 
  11205.912785552191  12379.580553759803  326.1727114130829 -17.209700089650553     9 
  18027.836021292136   14798.20772510424  326.1181421752617 -17.220194266810545     9 
   5127.320225617921  2554.5374484463514  326.2555476083951  -17.25113039834462     9 
   4839.965333331055   1346.211971058651  326.2626711297571 -17.257968948374646     9 
  1006.2441217848209   3758.224134069857 326.27875089841666  -17.22649927038634     9 
   614.5836262236278    3203.65944895927  326.2838293915439 -17.228609559182747     9 
     6196.5858574702   5555.524480729753 326.23543169054346 -17.235455125957653     9 
  -2625.588149000967   4222.709243910616 326.30199618502377 -17.208445970305657     9 
   804.5160084735253   7982.914029179978 326.26208705137634 -17.197232232394683     9 
  -4286.129536828558   7040.870647987462 326.30155887394636 -17.182457620339346     9 
   6045.254869111394   9126.479168079377 326.22122038153645 -17.210908991955883     9 
   8833.559620757556  15025.775207232584  326.1773899469059 -17.182328325018116     9 
   5347.028758453954  15680.538011908437 326.19815385687946 -17.163636863559958     9 
 -3390.2055634066714  13983.735732278781  326.2656130255301   -17.1387611172795     9 
 -325.24149859484277  10856.082641383584  326.2576351545599 -17.173028496790323     9 
   -623.189888998633  12786.152471764217 326.25146253541163  -17.15860472340389     9 
 -1917.1958356179075  12059.566516687963  326.2635590687652  -17.15815346959418     9 
  -654.0093992994686  15334.115215673657  326.2408242359672  -17.14102413445327     9 
  -10187.63525703961   4617.333677294998 326.35329344788937 -17.174051148889827     9 
  -9694.732942500461   7917.508667908118  326.3357809909328 -17.153640922081202     9 
  -9839.052351301218  10451.408406231696  326.3259739723634 -17.135652357885302     9 
 -13954.711240164866  10532.967560636636  326.3546208040331 -17.117495653739702     9 
  -5763.542389504254  13662.515617356088 326.28359099175964 -17.130915847137633     9 
 -11256.519112506498  13740.917632718632  326.3218929844472  -17.10694166453034     9 
  -9244.780011947763  15656.005612649022   326.299532313531 -17.102337005683623     9 
 -14143.667141627557  15908.171477522168 326.33298262656626 -17.079588099937443     9 
  -16440.91585699538  14533.456729498237 326.35505324942295 -17.079222441609858     9 
 -14260.538189805495   17056.76069143524  326.3288963816739 -17.071145880582552     9 
   12070.83880326242  20422.570542731308 326.13348207329443  -17.15887368897369     9 
  225.95754754894253  19834.686081458804  326.2157008439025 -17.113841599275805     9 
  -6483.561615190911  18736.652799166008 326.26700324845365 -17.092887054231742     9 
