\ This script generates Case-5 astrometry challenges. The telescope used in this
\ challenge is affected by distortion. Astronomical sources are retrived from
\ the Gaia EDR3 catalog, while observations fields are not in the Galactic
\ center region. In total, 10 fields are obtained for each distortion pattern. A
\ list of source positions on the focal plane and original ICRS coordinates is
\ provided. Solve the position angle and distortion parameters.
\distortion_K=(76.15149282040127,)
\distortion_S=(-0.7024601241700079, -0.7024108708475416)
\distortion_T=(78.96064077536957,)
\distortion_scale=1.0064768853810069
|                  x|                  y|                ra|               dec|field|
|             double|             double|            double|            double| long|
|                 um|                 um|               deg|               deg|     |
|               null|               null|              null|              null| null|
  15295.645888025647  12401.647195803927  201.9600416548543 23.738434292179853     0 
  14863.330738585406   6918.224371821702 201.99470962367573 23.765588722027662     0 
   9567.612525898114   8504.595014471026 201.95728609641057  23.79036801991161     0 
   9430.611904201549   6962.348956320339 201.96703511860437 23.798292456787784     0 
   9203.771420847586   18266.75417290482 201.89049554807843 23.748995755735116     0 
  5868.8660709689375     8717.7317233691   201.936976383796 23.812134539563605     0 
   5696.643843811184  11818.627844892093 201.91522631430004 23.798982484891447     0 
  -2093.438691926649  20423.892874961995  201.8199196116439 23.808179691363183     0 
  -6520.206907230284   19991.80053989544 201.80108308838325 23.837173812883464     0 
  -6561.989835377648  19814.473787141036 201.80199055020498 23.838226368061786     0 
  -9978.607958600047   18512.03814507872  201.7938558394997 23.864925026992417     0 
  -9233.660207895648  12611.127964903604 201.83513182724639 23.887556983070827     0 
  -10520.07580731841  15544.138348845727 201.81004486190415 23.881816321381706     0 
 -12597.710377078267  11767.084674905524 201.82448519240342 23.911885948696433     0 
  -12980.52997281665  12988.865348646319 201.81477765039477 23.908510188818717     0 
 -19725.810986323766  15417.381034230637 201.76865982510265  23.93709072833834     0 
 -17662.532437939415  12510.185053133737  201.7961721700059  23.93852142143096     0 
  19757.520485826008   3336.650347402976 202.04277715437956 23.753000520517457     0 
   16633.30076968931   528.9023220167575  202.0464634572225 23.784364590297383     0 
  16792.642168264527  -7302.092663744269 202.09905542287927 23.819786029535443     0 
  15074.097040174389  -7378.229641570438 202.09137491606822 23.830524606423328     0 
   12223.53657913469  -465.7775680005553 202.03145921920424 23.815675920550046     0 
  12824.321050587785 -2533.6220994429646 202.04833893763413 23.821653760086782     0 
   10040.38270117489 -2467.8410774947693 202.03407212839934 23.838449858317322     0 
   17714.59250870957 -15465.509931161747  202.1551217196135 23.851806407522947     0 
  15946.259788159028  -17691.78557596175 202.16069576929624  23.87248002775226     0 
  15530.434193545605  -18718.48512062441 202.16502115030138 23.879576335022872     0 
  11655.748140463993 -10114.847342089502 202.09273721496103  23.86407089256153     0 
   8758.442076748315 -13331.330854954595 202.09939328600205 23.896601388652147     0 
   7433.747939289044 -13403.041464659582   202.093357539348  23.90508234525858     0 
   8204.709548885521 -19129.348257801874 202.13314511637876 23.925830073598135     0 
   5948.214499663822 -19072.529840133942  202.1218678084437 23.939333366523133     0 
   1826.669478425756   5485.991546467438 201.93822472038792 23.852287055496607     0 
  1069.1243539293848  1674.8964290619072 201.96032605856496 23.874875964436402     0 
  1334.6383134589973  -2758.328616169973  201.9918988816808 23.893964799576587     0 
 -2248.0556221747725  1887.5036932417618 201.94191033658922  23.89456336826565     0 
  -2724.757634877546  -1722.499687898525   201.964080536016 23.914388708255366     0 
  -2769.462626705298  -5887.157313346949 201.99211368983592 23.933916720518916     0 
  -6660.468581543947  -5005.477533794217  201.9663057732152  23.95372784955596     0 
   2657.934247052411   -8743.32378790374 202.03895113791125 23.913418761639534     0 
  -973.4262433172371  -9851.568662840213  202.0278689918214 23.940901825232164     0 
  -5805.808827555495  -9152.333150654249 201.99856597854765 23.967282067628382     0 
  -7858.964607821941  -9552.079146493472 201.99079129662945  23.98143389435047     0 
  -7075.532472315296  -14000.45027266373  202.0241909805188 23.996194081201278     0 
  -8445.643875598907 -19303.758794109755 202.05143779732794  24.02650699581646     0 
  -8404.565183905333 -19401.198119019737  202.0522629496795 24.026666478043545     0 
 -10121.021690259937   3455.601755411483  201.8916021350698  23.93567874024083     0 
   -9245.90717797198  -36.56245661445123 201.91956487416354  23.94659032608974     0 
 -18162.570484755528   5463.024737320578 201.83952810402045 23.974064436240393     0 
 -17936.288697025866   5657.112561929187 201.83930734218148 23.971859145249255     0 
 -19948.283608114572   2463.340379244319   201.850974080858  23.99804196361369     0 
 -10185.924748125344 -13821.065356280602 202.00725152724144  24.01376837034573     0 
 -12104.323354810036 -10823.425576626934 201.97779722493075  24.01209099364609     0 
 -11208.970144077311 -13318.201276747626 201.99878454873735 24.017591134272074     0 
 -14422.920250408095 -11269.157464600892  201.9691439186024  24.02738615123516     0 
 -14255.147262922761 -15106.147245934575 201.99517738160083 24.042575952800433     0 
 -19322.977202916692  -17390.37529169499 201.98482461411655 24.079828756492017     0 
  3077.2095694356485 -16863.776368690942 201.98254846284033 24.175917142948734     1 
  1624.8573310820063 -16299.377322161947 201.99441034772076  24.18059591433479     1 
   442.6259707721366  -16036.07338063317  202.0041678393791 24.183015687591688     1 
   7108.178224385683 -15654.815579098975 201.94835749098874 24.183288490097564     1 
   9456.222571973549 -15631.953089450722 201.92886041274164  24.18276077795243     1 
   5153.901420174619  -9939.094115257276 201.96176142471853 24.226421268585824     1 
  3844.4472719795485   -4630.22298775985 201.97026076651395 24.267506255665456     1 
    -9213.9282527687  -5505.549157250184 202.08101695253475  24.26663705442227     1 
  -4331.380133739547   -5755.04317705768   202.040244559149 24.262388069546166     1 
  186.95153531793554 -3221.5943251369963  202.0007916883572 24.279927562130833     1 
 -1505.5462180928675 -1855.0141542457757  202.0146046489285 24.291256263822078     1 
  -5319.273609363297   430.6743257906249 202.04596679903892 24.310644146773758     1 
  -4709.929895052821    5695.97175035828 202.03831400458353  24.35125944801133     1 
  -4403.707592170365   5266.478671940169 202.03593151505834    24.347814015661     1 
  10822.878581616182  -6113.481574881007 201.91200960308967 24.253515645439858     1 
   12453.82379304926  -5794.231721303841 201.89822502979328  24.25541506721485     1 
   4291.496010073513  -731.5830309937949  201.9645748452746 24.297549947740194     1 
   9714.934401079026  -825.3828517168203  201.9185525157263 24.294633742521977     1 
  11572.533128472416   458.2144374742683  201.9023033056382   24.3038347064663     1 
  18955.270762523258  1380.9241519174682  201.8411317577451 24.308009622506617     1 
  18340.780472353046  2614.2447393209764 201.84551193122942 24.317679459553947     1 
  19360.712005657097  2874.8738632471523 201.83717929705745 24.319244966835907     1 
  14813.379824701055  1716.0047696147249 201.87474331441186  24.31223694955558     1 
  13022.586482990535   4441.839368767572 201.88834750433782  24.33401643402943     1 
  15448.969549379308   6275.723781424622 201.86751859681354  24.34700874595063     1 
   6758.289043260372  13199.573154878079 201.93739755861952  24.40412584276943     1 
   2350.548259154861     868.11835022891 201.98040557606978 24.310815459218862     1 
   -4406.53915861637   7352.297405572013  202.0349166664931 24.363950547031344     1 
  -4533.152440718923   7928.141026043963 202.03569602690223 24.368438612357597     1 
    793.332692704191   8167.848375400549 201.99028171455114 24.368215847430466     1 
  150.82245088815063   7931.664597667771 201.99587466719396 24.366652985159853     1 
   3551.559702298672   15644.00855894308  201.9634614770006 24.424007575641383     1 
  1865.9965616932398  18524.053460005376 201.97639674786302 24.446102221996718     1 
   16513.05657992209    9935.77853814047 201.85747888435884  24.37438731628457     1 
 -13345.862434236491  2766.4914094830565 202.11163261034798  24.33192491388503     1 
 -16008.357860973918   8185.202868543092 202.13030417949165 24.374064308940483     1 
 -14176.985484467172   9656.382694929482  202.1147275213127   24.3846908579053     1 
 -10681.777432167479  10115.514780769594 202.08592233790756 24.387208157278515     1 
  -6697.630148131072  13005.235969599811  202.0511826066373 24.407918613713782     1 
   -7890.67487853383  15985.890208280187  202.0593739796508  24.43056508777914     1 
 -1894.9572576960327  18061.607410639586 202.00818465562216  24.44411991973377     1 
  -2043.947924217139  18128.629137668475 202.00939882059393 24.444664921069002     1 
   97.93092819621205 -19133.496809898985 202.00826069460237 24.160846220200003     1 
  -7181.419477534106 -15353.327592960266 202.06721043328602 24.191803654197848     1 
  -5890.272378488655 -15327.917638012625 202.05656672427833 24.191281196780178     1 
 -12516.998873763227  -17979.76816640933  202.1109428777118 24.176090186193925     1 
 -12114.316465599382 -13648.689777744195 202.10701434297198  24.20715757241145     1 
  -14000.76962424754 -13638.218521670784 202.12214268222638 24.208395385954844     1 
   -18301.4454001486 -11322.000822614182  202.1556676739687   24.2280664764171     1 
 -16491.335877821006  17835.941842386266    202.71829981383  23.43187208911954     2 
 -15929.687342708923   7424.571594977494 202.63390748135944  23.43355999891823     2 
 -15832.961974496026   7249.633043819499 202.63246771560546 23.434241005548937     2 
 -17294.002091860806   14412.79774404195 202.69077912826063 23.425118792500285     2 
 -15356.040129891813  15280.007433385654 202.69816917627907  23.43934430959745     2 
  -15691.02697432051  16448.783520495595 202.70746542304502  23.43723294720861     2 
 -13197.989899272075   11073.62100263547  202.6642883234365 23.454235703867255     2 
   -7729.46654501138  19485.467769172712  202.7332578244756   23.4967509001171     2 
  -5490.551862126735  19131.266538780306 202.73073015817081 23.513544066799156     2 
 -18822.455090660475 -17139.537744571033 202.43448281914365  23.41474457286906     2 
 -19565.820807203843 -13833.318695770802  202.4605671122689  23.40860208796747     2 
 -18415.392856854392 -10821.218520840503 202.48409638604718  23.41605411676368     2 
 -16763.173472614464  -8522.325604265614 202.50218623644017 23.427504583136436     2 
 -13684.493657491583  -6744.537898769934 202.51604546446285 23.449771064648964     2 
  -12538.10897775343  2124.2901331754356 202.58979769658555  23.45810211063403     2 
 -11594.007618056177   8004.199266670967 202.63900992096737  23.46569780859566     2 
 -11087.571433411607  10578.853451937724 202.66043293620623  23.46986697529799     2 
  -6296.458902781133   5504.748495201379 202.61817513524045 23.505668953775054     2 
   -8823.01080881018  -5715.982179443065   202.523756192175 23.486095097608516     2 
  -5955.820751868276 -3320.8579986280643 202.54350171273927 23.507945550007577     2 
  -4710.006035033644   3051.877100617541 202.59738115677968 23.517739069444946     2 
  -3808.685425402422  1228.0731368097577  202.5818644076305 23.524629344955674     2 
 -18075.734490340426 -19379.022025636023 202.41697278155354 23.420684527535748     2 
  -14087.69410202959 -15303.560261241832 202.44702900196222  23.44813381225603     2 
 -10018.306590522076  -11005.09464316587  202.4803674016855 23.477484580622445     2 
 -4197.3544815489495 -17137.909557010233  202.4299835787775 23.521909889983448     2 
 -3888.1710843288224 -20445.262341523063 202.40417739915114  23.52447043588997     2 
   -8980.30122305103  -8091.840283417965 202.50405919333969 23.485033973044896     2 
  -7397.583179518867 -6749.4057830059555 202.51494640291608 23.496973028917925     2 
 -2807.5332613696646  -9049.906887112316  202.4952570658545  23.53222211946373     2 
 -1600.6809075024255 -14742.977163748956 202.44865994236034  23.54153886928768     2 
   1802.038534547131 -11830.958212840318 202.47198699922527 23.567697979479554     2 
    646.499650910857  -16782.43716516879 202.43218454395966 23.558659648052483     2 
   4962.189345779539  -7780.451963997767 202.50537523680407  23.59237759491314     2 
  -7090.461956186227  11248.746928231598 202.66630844456543  23.50019007132838     2 
  -7485.144986497455  10928.163250934318 202.66361975570723 23.497140261874844     2 
   5053.387909883816  13091.884898083617 202.68160128523394  23.59396524979967     2 
   5390.813620571854   15524.99457905666  202.7016052634814  23.59654932718592     2 
  2745.1087695846813  1951.9397149609342 202.58774661250035 23.575714930281183     2 
   8021.461988477353  3516.4050884529415 202.60081809387427  23.61682920672265     2 
  12013.202712733437   3442.573320772288 202.59997104039033 23.647520088195602     2 
  16148.070881324094   7102.519462306093  202.6303814234631  23.67873585068433     2 
    9049.62647913247 -3486.6961345763257  202.5414224334399  23.62434426113243     2 
  10528.926391900224 -1890.5484895454258   202.554899470954 23.635856359289278     2 
  15035.743011918672  -2180.169636279926 202.55250704785203 23.670066636283376     2 
  3917.4531364930244  -16656.98661991424 202.43304442048466 23.583577002998492     2 
   8992.602402986853 -17686.833738642155  202.4251553268231  23.62188055069866     2 
   9466.789570533829 -19608.107057290697 202.41023398360568  23.62506328246741     2 
   9781.230133280586 -10791.021048354636 202.48061316823677 23.629046852026974     2 
  12560.946871617014 -14932.469681659533  202.4474126151398  23.64924291311805     2 
  13438.856040602483 -19292.904949939162  202.4133127599951 23.654666514665976     2 
  17786.842957988894 -16302.202292712796 202.43761035979657 23.687438857568477     2 
  16695.162843494123 -20469.342219355218  202.4050494481608 23.678131955441224     2 
  16778.604624381092  -20342.62240228121 202.40604002041684 23.678780264805262     2 
    18069.4045891418  -19180.60675776559 202.41531106191582 23.688522261047517     2 
   17290.30360437532  -8042.851593814628 202.50396229582552  23.68596874370215     2 
  19112.417406542718  -9883.107232964843  202.4892087299429  23.69892016141257     2 
   20385.56718388738 -12474.843681050952 202.15379021572824 23.230578201082768     3 
  16661.420933909343  -5337.032315214962 202.16730158871596  23.28794569681209     3 
   5205.453609628254   -18198.1896143746 202.28579912868926 23.215088324690107     3 
   6556.568381406505 -14612.154927641468 202.26778193340334 23.237949142841117     3 
   3595.886456101982 -13890.595071971407 202.29028588987745  23.24840938638842     3 
  -4540.700497977669  -9451.136249848983  202.3476606162648 23.296038056331362     3 
  -14341.02854212576 -16238.962280225463  202.4365714445357  23.26634171105289     3 
   -7254.09397071484 -12275.488250788083 202.37467582106873 23.280646357242095     3 
 -13279.194438615557 -10822.850867366617 202.41939099327084 23.302985709810564     3 
 -17084.934487210296   -8594.83029248925 202.44461167979844 23.326564185053435     3 
 -16194.204023492246  -7975.808192640918 202.43675899111219 23.329369293428474     3 
 -18979.196839803262  -9521.463484059912 202.46042196417432  23.32348502725039     3 
  -7787.583732357264   -7958.90879511084  202.3709475345491   23.3133070619225     3 
  -9728.507370481453  -9452.818989927055 202.38916842768538  23.30605989348982     3 
 -12700.484782246058    -8448.8650875682 202.41067772480753 23.319185283795374     3 
 -3223.3715998295193  -6072.927128385967 202.33040538684563  23.31857763951632     3 
  -8247.475813565385  -6037.300358434783 202.37097413838475  23.32844345798927     3 
   -9593.21461666036  -5310.863495222362  202.3803338433276 23.336418181050483     3 
  -6887.959965102845 -3882.9483231860127 202.35584867980603 23.341938407275045     3 
  -8600.399094776969  -4084.136117138607  202.3700276610972  23.34368067618607     3 
 -12179.754986468315  -5612.645453983135 202.40136912681427 23.339099197165503     3 
 -16255.175103849066  -5136.013787219166 202.43208114164258 23.350307306785027     3 
 -11951.965568009477  -3112.368369487719 202.39480617372476  23.35724689003166     3 
 -14637.438218107352 -2004.2439070371322 202.41368679755377 23.370463162288512     3 
 -15901.504831951044   638.7203665417866 202.41830196258434 23.392352244303435     3 
   8059.873905991344 -11953.617370240525 202.25018997947896 23.254387127578532     3 
  10419.814047864225  -7109.477425901538 202.22096215554186  23.28565377901992     3 
  10123.879290812727  -5245.122202963903 202.21944384093223 23.299994403058175     3 
   4742.590417131525  -7821.974854947619 202.26870047657115  23.29060488198508     3 
 -1316.1196908809245  -5316.994371726363 202.31331051025805  23.32060764321404     3 
   4659.982545491187  -3620.756879380087 202.26073719769633  23.32211988770286     3 
  11312.036191759287  -1610.035980786484 202.20220916490027 23.325007602754916     3 
   5643.487077430301   3187.970252329939 202.23860111802827 23.371698584494023     3 
  -6556.559510315805  -2349.861786276221 202.35013019468576  23.35281592736445     3 
  -7761.198319253826 -2394.2104166204663  202.3599565068521  23.35475272438383     3 
  -5765.581664581668  -848.0852285746217 202.34069442099155 23.362630424129176     3 
 -2928.5938939795683 -333.91396960273687  202.3164647541789  23.36117829379695     3 
 -3531.2857610057185  -338.0402037994899 202.32141455716987  23.36228088485112     3 
  -8864.376505423483  1347.6068921664698 202.36133445259122 23.384916063812422     3 
  -3031.431819055827  4032.2001885687714  202.3083459302539 23.394372045993816     3 
 -2151.6700121615354   5199.632292557433 202.29870410194053 23.401547879363275     3 
   356.3594968861314   7073.333026248977 202.27419051597377  23.41099380981739     3 
  -6621.334117614446   7604.633203395234  202.3302620278009  23.42777777685583     3 
  -5805.293004968714   9635.979385553028 202.31937957794224 23.441449299463564     3 
   17809.43477025483  2397.7168520589335   202.142195483886  23.34323755726692     3 
   9928.833737035282   9077.358169163173 202.19173565311078 23.407887663750824     3 
  15353.483787535137   9505.053764698603  202.1475463145969 23.400672540401096     3 
  14874.416487710349  17581.477208365155 202.13660027991858  23.46060411082106     3 
   5289.095473064254  10591.971765078697 202.22651505904204  23.42805868519426     3 
  2794.4629350214145  13490.366063150577  202.2411469350736 23.454242924183536     3 
  -4583.196996292907  17501.221236000525  202.2930705772948  23.49673304905279     3 
 -3811.0338242382827   20476.52975657346 202.28075383500854  23.51648099867541     3 
   3122.283976182768  17038.671162941897 202.23148966014807 23.479495869290105     3 
   2170.007398754247   17557.59717709636  202.2382056098048  23.48500993781551     3 
  3809.0085679710105   19397.60413439682 202.22139325874772  23.49511385671062     3 
 -19119.376571099994  -4165.205296800604 202.45198660855974 23.362736721313095     3 
 -18152.444105963717 -1896.6852467073957 202.44044792057858 23.377643365448197     3 
 -18640.155130444447   3027.341343569189 202.43448281914365  23.41474457286906     3 
  -16682.49071736146  4286.0349353769225 202.41697278155354 23.420684527535748     3 
 -18932.249909651062  18241.146810909933 202.40417739915114  23.52447043588997     3 
   -8440.28816969423  18483.793336186856 202.32198483281883 23.510220827576525     3 
  -16229.59120973948   19686.85421021863 202.74097201957744 23.990194303775663     4 
 -15448.036000262211  18314.023497198134  202.7309214151246    23.996288594345     4 
 -13674.216127235723   17259.29642075341  202.7242767545238 24.009524521437093     4 
 -17378.793196891605  -4553.776001977296 202.54161135570152 23.995824937483814     4 
 -16692.609553061277  -4862.920057575332 202.53946632358213 24.001019241388224     4 
 -11131.078538643897  1246.1374629076406 202.59399247829742  24.03745189808966     4 
 -11106.630954773804  1071.2667152789047 202.59254021567452 24.037757310589726     4 
 -11048.734311491373   1360.485119794581 202.59501449597224  24.03798952710045     4 
 -15134.536957663859  13478.837330491273 202.69233453454768  24.00063671285775     4 
   -9302.84473623535  11178.083275219997  202.6787041331294 24.044901043981785     4 
  -9839.442780738911  14305.623078826395  202.7039931781228 24.039172335976247     4 
  -8840.839243557752   7623.379070318805 202.64943168317177 24.050504020736764     4 
  -6386.517696700399   6350.556728085812 202.64072782991187 24.069972756334597     4 
 -4865.9981832926505    6169.46959190928 202.64042240626384   24.0817441705125     4 
 -12938.314260354056 -11888.516191575533  202.4842419555824  24.03427770406569     4 
  -8542.514525401599  -3416.350554652522  202.5566302013364  24.06035392660543     4 
  -5984.413777371197 -14080.725947492476 202.47041409383925 24.087977378296905     4 
  358.82272081154133   4276.705850814534  202.6284867720292  24.12343281937791     4 
  -483.2144129280007  2295.4919517139647  202.6109682258607  24.11827019813083     4 
   2944.947469480093  -8012.259496107715  202.5263960245762  24.15197441859692     4 
   2129.904215010733 -1280.4058432309002 202.58254325371726  24.14106773891052     4 
   5582.934407924521 -4026.5703019747925  202.5619571711577  24.16970835676308     4 
  -5877.046953958143  -16712.06200154335 202.44954001127155  24.09084579730111     4 
  -3352.463903552331 -19083.960930325375  202.4324830086768 24.111612999173822     4 
 -2166.4559251298206 -15900.161681003827  202.4582774087144 24.118247233368685     4 
  1211.0735481201652 -16463.952308314772   202.456152093921 24.144272085205625     4 
   3503.985085729218  -18224.99963422003 202.44398156745459  24.16274526896086     4 
   5589.447495742515 -19610.551124316306  202.4348361578329 24.179244149221397     4 
   6031.674468031693  -15220.86386937804  202.4698369449382  24.18010893166485     4 
   7557.596450154557 -12411.554831675068  202.4938239885259 24.190080391554034     4 
   8260.210562790251  -6789.141441480678 202.54088795263246   24.1920887307309     4 
   10224.65231821654  -4010.715139143527 202.56583653814494  24.20537466021385     4 
     11235.789954918  -9577.442048935749  202.5202428499449 24.216363933943228     4 
   9049.989747890782 -14628.438116175976  202.4771643175985 24.202602204585382     4 
   8708.469655243553 -19177.441790118308 202.44086656432088  24.20236061584868     4 
  13438.416876562993  -18086.52083761315  202.4537682817776  24.23692149081283     4 
  3955.8249011494204  10625.178334007365 202.68492299174872  24.14688124871961     4 
   7011.879316871359   9462.072400692517 202.67742027200975 24.171300797253796     4 
  16213.707821261662  13589.947548203609 202.71756785604975 24.237694587237097     4 
   16422.72911880803  14253.420704297909  202.7230852947461 24.238678285489016     4 
  16475.169014896495  14283.464413344002 202.72335804448574 24.239039913257486     4 
  15230.072389928784  10880.864940266436 202.69474409501836 24.232619556370345     4 
   17580.37400500173  11669.323603099327   202.702624823175 24.249385544192034     4 
  16763.741086541013   4111.988505525767  202.6393257817656  24.24923029942307     4 
  19017.653024079096   14725.20855610363 202.72826360986963 24.257287906041103     4 
  12968.005312708648 -2827.2340870901703 202.57804259832716 24.225463243945676     4 
   17672.17521719345  -6422.313128775777 202.55199762468786 24.262613745699532     4 
 -16304.522913477687  19721.649345910453 202.28266236594953 25.282090679397662     5 
 -16331.277971348383   19750.26242519622  202.2828048421069  25.28185397790465     5 
 -15094.302044121057   7355.187204208479  202.1889036603837 25.317231796264203     5 
 -17660.180645581713  14086.618652218554 202.23524982529963 25.284681560014487     5 
 -12617.933250184475  15383.073586300452  202.2594962114745   25.3163134165232     5 
 -12130.514635004962  14007.757574557852  202.2500416499965 25.322723076229256     5 
  -8242.622154787618  10963.899767730341 202.23667887390582 25.357137330099743     5 
  -8319.902482108246  10106.734203356169 202.22957879167902 25.358586837699058     5 
  -5165.904184174962  17158.906812200417 202.29441399671643 25.364988334582424     5 
  -824.1301748416153  18841.505814130705  202.3195794189325 25.392400926499967     5 
 -17859.138867855494   -5355.19029163704 202.08063028308212  25.32908552070612     5 
  -16194.84348593334  3936.2900826985497 202.15860236256844  25.31768822410494     5 
 -10483.472358649207   6370.911430806178 202.19347199362963 25.351956296871663     5 
  -9907.628461665565   4299.726056848074 202.17826370477533 25.361056628285553     5 
  -8569.183629467036  3775.4736181007675 202.17763476063854 25.371955227444975     5 
 -14250.926563364996 -6517.4310172508885 202.08020302466224 25.357056297674664     5 
  -11322.35739187437   -6332.40676455794 202.08893098268513 25.377313659492202     5 
  -8551.846159556875 -2811.8974338386965  202.1242495936114 25.388376750256963     5 
 -3928.9967097580584    5825.73451741431 202.20705641343264  25.40070762696669     5 
  -544.4646358733048   6684.947973640755  202.2234248535308 25.423481991987035     5 
 -1190.6804712811554   7202.931595698551 202.22585684278954 25.417450750795386     5 
 -491.53440211084745  2000.6104928597435 202.18525897255356 25.435453309295266     5 
  -5008.375370969707  -7726.751082850739 202.09408130004718 25.426431404084948     5 
  -481.4800176179894 -3047.5187231377013  202.1440128793669  25.44806139713106     5 
  -9096.348056815117 -16337.902651799546 202.01684967199736 25.418348557689374     5 
  -7872.375347287182 -18332.671354865044 202.00488130008569 25.431978742518332     5 
  -3362.515556831713 -19151.697118699907 202.00996489971592 25.466197487219958     5 
  1527.5435728296325  -2758.771707987393  202.1518765264089  25.46218382899351     5 
  2517.4789971923515 -2309.0869771992934 202.15827322609857  25.46838644455399     5 
   5036.973759072078  -5576.301291278813 202.13864162629145  25.49495136912161     5 
  12116.606146360551  -3875.771079329268 202.17205415962533 25.542410015382732     5 
  13506.488110120268  -9411.858929943513 202.13141323774792 25.565208540065782     5 
   9013.315463802106  15365.719889645892  202.3188884304199  25.47219969776356     5 
  11027.455051604718  15688.188966878088 202.32658626745072  25.48596693781415     5 
  10433.261278822847  17071.888072144473 202.33580537832805 25.478228775368546     5 
  11846.616053590249  11627.692010607541 202.29674875014825  25.50208806839806     5 
  10521.484386488291   10544.36069678457 202.28467006720822 25.495213045427885     5 
  12168.743552436263   8208.440523299034  202.2702561704933 25.513029518641883     5 
  19345.029794346152  13268.325626316953 202.32826948871997 25.551164434956434     5 
  19485.948462804008  3541.2932120638243 202.25171073881083 25.576640664771414     5 
  17626.055991121037  176.98555193235148  202.2198040245829 25.571857201813586     5 
   17481.67018418879 -2408.9829181803852 202.19856889608573 25.577024656128458     5 
  18231.932626926715 -3229.4562502132676 202.19399076866102  25.58419039021872     5 
  18662.878036665923  -3050.780300667841  202.1965882851349   25.5867660571514     5 
  12362.369334096442 -16932.169868882458 202.06940371811473 25.573574968445286     5 
   8578.319806849708  -19719.59553766469 202.03764079742416  25.55283433688951     5 
  20151.482624203007  -10832.52111088407 202.13878216962183   25.6144342343152     5 
 -18324.699817471774  16706.544988905465 200.95533273016264 24.463014316255453     6 
 -19865.122906848188   16011.95735560685  200.9417880413357 24.462047338099072     6 
 -12693.012520364167   19267.86126924138 201.00567501433576   24.4669338511799     6 
 -10845.231237250988  17526.868327107502 201.01125472226695 24.484276884997076     6 
   -9250.71649356747   15027.84927343965   201.011819029012 24.505803136477503     6 
 -12803.648401964076  13420.734371518214 200.97945871022986 24.502920645385636     6 
  -9248.859780590272  11520.802182193396 200.99651502065743 24.528239357383853     6 
  -8064.197211656169  12053.379813707008 201.00739038960313  24.52927635180854     6 
 -1498.6526457116115  17761.556455626112   201.079641676879  24.51789136792567     6 
 -3881.2067236410007  11941.870526542252 201.03730879345213  24.54604437616578     6 
   8012.573907949929  11894.791569149815 201.12396635997973 24.593362942226896     6 
   19919.44824615163  17688.597461705747 201.23049783236556 24.602822080943543     6 
   18973.57050381591  14251.365474453414 201.21067465774092  24.62126375543611     6 
  13112.619073262294  10874.754889800592  201.1562121416657 24.620341110848706     6 
   12482.40979089935  12386.215675452548  201.1580377375915 24.607908744166487     6 
  13511.977114522482  11193.625986935042 201.16036828264174 24.619818747684675     6 
   13284.97439755381  12447.989331543115 201.16396880525812 24.610681759018586     6 
  12987.681049989329   9063.842483389522 201.14771425468902 24.631807834174538     6 
  15808.331371343607   9450.218815489901 201.16924969834753  24.64032585491633     6 
  19759.018260468958   8607.597675417444 201.19307493354836 24.661144753634623     6 
 -16698.681304456542  12285.482796978062 200.94719685722984 24.496120175582877     6 
  -9080.356220384092   6620.725188259081 200.97620313148693 24.560843620141362     6 
 -10263.875782990053  1984.6066796952061 200.94740123708135 24.586927103379075     6 
   3752.171121681043   4289.470743997312  201.0599681998428 24.626938739022375     6 
   -18267.5227492906  -8398.160997464602 200.84843286160051 24.624356527847116     6 
   -9891.24370526361  -6050.103195720628  200.9155674748423 24.641638878666843     6 
 -5850.9380169919405   -8816.57946767882 200.93272921873466  24.67590345202767     6 
   16981.87544472109   2609.147417059697  201.1484071593991 24.690072042280327     6 
  14847.384808128143  -2731.315008211399 201.10999522932147 24.717151573337638     6 
  17171.465878640818  -2759.909577229395  201.1263931187087 24.726069290415033     6 
  19416.641675990508  -5573.597574657388 201.12984840674903 24.752535970523482     6 
   7270.439878701762 -13575.039245850685 201.00785605777048 24.758357127938897     6 
  15700.490150750964 -11451.895426707053  201.0778433926356 24.776451828117406     6 
  14439.992572694717 -18149.126315243288 201.03998262028028 24.813105825114043     6 
  20155.308334922225   7925.141358087272 201.67646197482762 23.979782299090104     7 
  20128.760851972173   7942.814873752587 201.67632760156104 23.979986260786262     7 
  18215.142187043795   7177.629584343733 201.68353021175957  23.99350687159236     7 
  17347.458932906506   6337.333921407618  201.6909404588952  23.99940397040698     7 
  16383.777259624696    8493.59372675115 201.67343662442886 24.007866489194573     7 
  15242.326098377736    8005.94584861418 201.67803294426636 24.016081457611254     7 
  17749.346327879764  17711.543246615667 201.59773846269832 24.004052816579406     7 
  13835.827125322041   13160.93943775559 201.63595352929846  24.02988917466687     7 
  13882.922703398179   7791.832117655382 201.68048152298383 24.026162405680775     7 
   5011.081919590535   16351.98153641668  201.6139525377893 24.098909857535222     7 
  10759.507829052258  -13916.69457064004  201.8637331160004  24.03937761235192     7 
   9387.478898734505  -5423.250646336547 201.79465515939276 24.053391566372163     7 
   4725.504586195743  -6237.317905042459   201.804503125873  24.08889572469229     7 
   5154.574559711503 -16991.598953708795 201.89227251947239  24.08046520617394     7 
  3927.3626590430285 -16472.692360123165  201.8889485973202  24.09001015184017     7 
  3312.3051008123557 -11437.541884084922 201.84862312902726  24.09716801022028     7 
   6398.286672468868   4791.729260221257  201.7098466877724 24.081747308647333     7 
   4301.300149392711   2393.820140694262 201.73149859326548 24.096723767593897     7 
 -1583.8084592052808 -3457.2019367279254 201.78480875858983  24.13931426714535     7 
   -8575.34328370726    6973.07771921789 201.70047652093612  24.19861856055238     7 
  -8579.580624436861   7161.097557905047 201.69889512952884 24.198738844471126     7 
 -10782.373215229883 -4735.9780862788975  201.8004663448494  24.20892623588436     7 
 -11811.625109828396  4627.1234031527465 201.72228931137604 24.221870977262448     7 
  -16984.44323878831     -2105.520146709 201.78150130730467  24.25628628449661     7 
 -17229.207933118876 -3741.8371315830886 201.79516227768644 24.257043575827886     7 
 -18262.921852733904 -18291.679890447205 201.91200960308967 24.253515645439858     7 
 -18319.466929551363  -16505.43963158298 201.89822502979328  24.25541506721485     7 
 -6122.3782046644865  20136.440881893137 201.59040064860383 24.185379120582084     7 
  -6901.327723045993  11803.911959524254 201.65887587406755  24.18806080019614     7 
 -10891.307028160341   18663.22104130731 201.60578391276385 24.220410483886926     7 
 -12464.329174791223    6871.06740320773 201.70386333510783 24.227789264854845     7 
  -16189.71331004431  5871.2311142458175 201.71462309207783 24.254722492430307     7 
  -20392.29715872568 -1670.7131259357682 201.77949804546034 24.280875466807263     7 
 -19795.124596387926  13031.201434687184  201.6582979118122 24.283118858544196     7 
  19706.505435071987 -11788.074005052309 201.83952810402045 23.974064436240393     7 
  20012.764489336565 -11791.757595941453 201.83930734218148 23.971859145249255     7 
  16366.533116701065 -12873.040690912883   201.850974080858  23.99804196361369     7 
  -15823.38273037707   5551.083550578149 200.65999140809006  22.42038855931036     8 
 -18027.031452999167  -15181.18060801793  200.5311868347623  22.32008024863284     8 
 -15492.753551920345  -9713.316589669703    200.55548918833 22.356521162001457     8 
  -15686.23562897074 -12932.381706739163  200.5349676162739 22.342297367777434     8 
 -12030.408326887959 -11494.517455632951 200.52715160911052 22.369565196842952     8 
  -9304.815907586806 -16972.610323962774 200.47797299956497  22.36355819333845     8 
 -10244.685419070593  -8013.107063849467 200.54200456704524 22.394893466507746     8 
  -10819.13943349954  -7316.162419124848 200.54947182240636 22.394381354343743     8 
 -11943.154860171566  -4488.175825252597 200.57402865026978  22.39972297117087     8 
 -10412.124303260493  -783.4563932337802  200.5920612776384 22.425265403259374     8 
 -10356.236157226747  -698.9604790813423  200.5923745207037 22.425982413459394     8 
  -11328.28468911647  1506.5793338530784 200.61201477076688  22.42976711484509     8 
  -9916.643789988315   3398.007920473711 200.61829035179102 22.446906720014887     8 
 -6530.2366181963025  -7851.342014820414 200.52521205720538 22.418363174736943     8 
  -4562.766702550257 -1311.8059960474327   200.560418168571 22.459400156573942     8 
 -1014.2654645714055  -1692.699448676759  200.5405826721915 22.480177146509288     8 
 -2067.7018937307466  2432.8738009421168  200.5741418738375 22.491994253033226     8 
  -2177.572962745354  -15433.98171920157 200.45364628938373 22.413135404046606     8 
 -1082.8464763784427 -12691.436158095856 200.46637765771445 22.431498647595806     8 
  1949.2863995932555 -17291.597785979433 200.42192828343715 22.430981946041385     8 
   4948.397836615329 -17679.517488119654 200.40532874875532  22.44802696382574     8 
   4093.846228282108  -8246.615943109959 200.47111531239128 22.483455138313573     8 
  7402.0715019081645 -13331.356914918664 200.42174820884665 22.482025599987473     8 
   7309.738661394403   -7447.49015825442  200.4611124369197 22.507387827154776     8 
   8495.265853749948  -1496.554978316698  200.4958687558109   22.5415826207944     8 
   15797.72584710737 -15603.256255341354 200.36910293451234 22.524387959671056     8 
   20326.96512364171 -16977.739241992487 200.34117221300517 22.545943342462277     8 
   17708.91767839128 -13016.650836862422  200.3770416108781 22.547486637205722     8 
  17436.553478282487   -6897.94296942386 200.41785571109702  22.57307490445573     8 
   17961.53194414127  -7115.502992572842 200.41407448087182 22.575308277495832     8 
   19552.26771270106 -3879.0186235875017 200.42836585855665 22.599423546911318     8 
  -17281.52004136664  13536.005387482799 200.71884169624403 22.447151280006626     8 
 -19593.300771906976  18931.378316264854 200.76244190001213 22.457208098043473     8 
 -17042.760152181574   19518.70852246971 200.75553537988992  22.47501502200753     8 
  -13938.04663895225  14282.376343259464 200.70914765189536  22.47073219881179     8 
  -13279.24703278027  17881.327456277348 200.72926611893251 22.490678816325826     8 
  -9598.389506387823  13677.655215074083 200.68579025809845  22.49485143553506     8 
 -10966.280560644282   17051.27110204937  200.7138092748539  22.50127387836632     8 
 -10940.430967283459  17069.972928593288 200.71381387890634 22.501516153795205     8 
  -8477.729855549793  13065.374134821233 200.67663398202416  22.49912884753189     8 
  482.05931102015586   6336.433599918586 200.58866031406697 22.525791001261396     8 
  1768.2826288337465   4312.280354526642 200.56847933527433 22.524907042404497     8 
   2567.798117609954     8330.4752157831 200.59221889188433 22.547991173973077     8 
   8881.128350035417   9058.337576605616 200.56654236072038 22.591104226177492     8 
   12541.20106653442   9770.020889315334 200.55372463450337  22.61692542252207     8 
  14069.314962937357  14722.992045273219  200.5799017190547 22.647315810789195     8 
   11222.16379010499  16507.058252567127  200.6055612975593 22.637489433871966     8 
  13054.235850232533  18295.176099237124 200.60857877428967 22.655948946502566     8 
  12883.043447654269  18302.320487094486  200.6094509026181  22.65494907697904     8 
  12978.516683116948   20245.33396773013 200.62175309599846  22.66338474262048     8 
  15502.095017014579   4196.161786868795 200.50152455260445  22.61070567496643     8 
  19942.433130969686   6524.441113582952  200.4966403761837  22.64757730539163     8 
  17409.702258878006  13593.020486164154  200.5563339351459  22.66256636662613     8 
 -13066.278336139478   20102.98804970849 202.17089129451273 23.579689729903055     9 
  -12996.80089863831  20259.055806283985  202.1721678098998 23.580176394163388     9 
 -17172.190006144647  14918.574605990236 202.12676508550388 23.550720695597505     9 
 -12747.853449059065   10061.33344357725 202.08987473960542 23.583986624234495     9 
 -11280.524303694523    17864.2615050767 202.15434904509382 23.593119508285067     9 
  -7757.324872347812  16494.458964378588 202.14554135052177  23.61967537798061     9 
 -19881.285213744002  -4490.833548062037  201.9663991611518  23.53776059207619     9 
  -16840.54995235908   5102.295458686217  202.0466247307827 23.555471396677394     9 
 -12655.416159129416  2822.2809070698686 202.02956770432183 23.587039116091088     9 
 -12579.773664999788  2818.0200748051657 202.02956569797774 23.587604294408386     9 
  -19887.27681275884 -10585.930093988014  201.9171870259254 23.541214637364135     9 
  -16866.33443411043  -5600.578904465812 201.95810099378963 23.559909121183257     9 
  -10787.47941699252  -1391.232893007926 201.99499862362097 23.602772485350364     9 
 -13601.491654176485   8360.811719549883 202.07531614221793  23.57814946487183     9 
 -11743.728779662404   4150.709084541315 202.04111931297993 23.593350019828264     9 
  -9643.829987941372   6401.713992184462 202.06102690177278 23.608354037653278     9 
  -7171.938142099917  11177.053317052178 202.10223240061976  23.62556740018215     9 
 -3816.4510607508464   9696.973492310872 202.09163402888117 23.651747610496585     9 
  -8887.343908955721   96.07030988296512  202.0082626752351 23.616503321772083     9 
 -13397.257963566417 -13423.556686231066 201.89545783913863  23.58965119194136     9 
  -9243.530955268834 -10458.956176816515 201.92027695349844 23.618831430634355     9 
   -7783.05888909706   -9679.30038419794 201.92707333237226 23.629453075684662     9 
  2885.2389311269103 -15226.757091162784 201.88591876852297 23.713370014288476     9 
  -3184.782995118941 -3424.6163500787748  201.9808687308117  23.66179659966576     9 
  -2716.127554547333  -5976.838378838266 201.95958562743192  23.66652325995456     9 
    6330.89427855849   4450.731203177494 202.05195623812062 23.732585692009923     9 
  6477.8540021567405    2792.01623699004 202.03792807113285  23.73441085268321     9 
   6545.519358682345  -6412.521466141408  201.9600416548543 23.738434292179853     9 
  10252.310970083094  -2509.288803998013 201.99470962367573 23.765588722027662     9 
  13316.234866514116  -7166.025832541502 201.95728609641057  23.79036801991161     9 
  14411.724923738215  -6065.329246872629 201.96703511860437 23.798292456787784     9 
   3034.526017074041  -18452.12470223856 201.86045572670218  23.71562678672091     9 
   7575.819753769055  -14945.63729133555 201.89049554807843 23.748995755735116     9 
  16143.764123130703   -9830.09550097338   201.936976383796 23.812134539563605     9 
  14300.822333926462  -12363.98636619137 201.91522631430004 23.798982484891447     9 
   -5285.50066112666  20139.379990110345  202.1762281776618 23.637387105069745     9 
   9295.935350257012   9371.503181576089  202.0947073606498 23.753320832837804     9 
  10106.832051903695  17939.801144041376 202.16541305696165 23.755278875451708     9 
  11962.863313005219  17851.696521383015  202.1652302972425  23.76930967281805     9 
  13114.372901783814  17425.164930473013  202.1621048347083  23.77817740452412     9 
  13337.169972156278  16092.185776653463 202.15141767646557  23.78058758528013     9 
   17821.35641136899   19147.43139714233 202.17676715508063 23.811922701526253     9 
   8904.693583546668  3237.6123703063763 202.04277715437956 23.753000520517457     9 
   13015.59035156507   3466.044398960711  202.0464634572225 23.784364590297383     9 
   18130.59937387554   9537.717376241086 202.09905542287927 23.819786029535443     9 
  19526.726539485295   8557.745821830655 202.09137491606822 23.830524606423328     9 
   17077.60810760611  1476.2005832890625 202.03145921920424 23.815675920550046     9 
  17993.291418928435  3446.6919594642886 202.04833893763413 23.821653760086782     9 
  20183.856647661145  1628.0593306255942 202.03407212839934 23.838449858317322     9 
