\ This script generates Case-5 astrometry challenges. The telescope used in this
\ challenge is affected by distortion. Astronomical sources are retrived from
\ the Gaia EDR3 catalog, while observations fields are not in the Galactic
\ center region. In total, 10 fields are obtained for each distortion pattern. A
\ list of source positions on the focal plane and original ICRS coordinates is
\ provided. Solve the position angle and distortion parameters.
\distortion_K=(4.853877467402019,)
\distortion_S=(2.9059349715986675, -2.106159281632057)
\distortion_T=(-16.38310732988841,)
\distortion_scale=0.9880379337591932
|                  x|                  y|                ra|                dec|field|
|             double|             double|            double|             double| long|
|                   |                   |                  |                   |     |
|               null|               null|              null|               null| null|
  16279.432383872001 -19559.343396520042 335.92895397433745  -24.53204525260997     0 
  16362.655294788507 -17087.011083844078 335.92355348947837 -24.514232160522266     0 
  14299.069211338672 -16973.499514935305 335.93996971244087 -24.510787318923693     0 
  -2404.537514660122   -16808.0176840651 336.07834580194594 -24.486627357051614     0 
  -8025.932348874012 -18646.733288178635 336.12999239112787 -24.491872028765936     0 
 -7511.7990327717935 -17173.088108794214  336.1228820572032  -24.48166757782857     0 
  -7408.484938777153 -17159.723042485846 336.12196366502064 -24.481726265385994     0 
  -8454.117096223203  -13960.53530045275 336.12529856395685 -24.456064618133343     0 
  -8504.178583495755  -14005.75875594263 336.12581491796084  -24.45632723167883     0 
 -14003.388770215832 -13901.383807022969 336.17389782180044 -24.446653959517718     0 
  -16992.48809891379 -10508.220778888066  336.1946277744258  -24.41560802187306     0 
  -17454.54766912031 -10277.123078314247 336.19837209222584 -24.413023637369395     0 
  -13505.02644965888 -11627.124886523678 336.16551359122576 -24.430127658167756     0 
   6648.218496957525 -20012.841526270502 336.00829525090944 -24.522936371627043     0 
    6117.24560296854 -16669.350606562457  336.0064179071403  -24.49771659368346     0 
    1171.38074554967 -17823.917645212117  336.0499168578709 -24.499326668934867     0 
  2029.3521206770802 -13507.125499253756  336.0347258920325  -24.46850482925952     0 
  4237.2050871304755 -12962.550220297071  336.0151932700237 -24.467613259726836     0 
   8316.600225559221  -9228.727870938796 335.97436848362776 -24.445474390385385     0 
   5187.234191218479 -3509.6502345692556 335.98997843685646 -24.397586217953513     0 
  -5885.855116637036 -12861.489045746184  336.1010642058397  -24.45178292552154     0 
  -6013.558471230589 -12497.209829576954 336.10151424690963 -24.448830757443314     0 
  -6944.013110017199 -11369.761152466424  336.1075562346976 -24.438823557976203     0 
  -4589.108519608243  -6735.576707407361  336.0789287662433  -24.40716932689355     0 
  -4618.665051327055  -6645.239539440523 336.07902378694024 -24.406428440594123     0 
  -4726.500441457725 -6233.4805082059565   336.079225712612 -24.403091421065188     0 
 -12504.166901929417  -6688.523441291332 336.14807566888555 -24.393756449920428     0 
 -12766.762472422368  -4958.740626191425 336.14742239650076   -24.3798498812106     0 
 -13338.814276585144 -3916.3772391386383 336.15071864160194  -24.37071156570806     0 
 -10167.850844779494  -4640.294666049289  336.1239002383913   -24.3818073039213     0 
  -8551.838443665461   4951.443287143881   336.093248797026 -24.309004582031747     0 
 -19944.518628987975  -7646.499510833157 336.21634050014063 -24.388189150784967     0 
  -18789.40536340784  -6729.743345163814 336.20435287693425 -24.383097479829896     0 
 -18220.016764947653  2640.6565161906974  336.1835766165463 -24.309858734612497     0 
  -12022.87116106269   3812.493265901273 336.12591469042815 -24.311893269463898     0 
  -16836.38347281015    3829.84657737062 336.16908495193445 -24.302895845809623     0 
 -11453.828430041847  4628.8911363716725  336.1194824994726 -24.306390729316224     0 
 -18128.529064136514   4653.598889802089 336.17944447716593 -24.293814866815577     0 
 -17582.324620252235   7940.293784555979  336.1691331189546  -24.26819512940082     0 
 -18865.627165172536   8077.611859782312  336.1805987511024  -24.26458612931767     0 
 -20063.881338409068  10252.740089833884 336.18807929243854 -24.244399516944355     0 
   18653.90959272843  -4742.803598058373  335.8818894486328  -24.42606281400668     0 
  13729.747663159107  -830.7669132540118  335.9144965901038 -24.389663475304893     0 
  10357.658896485771 -196.82103042525372  335.9410072790478 -24.379912401935165     0 
   7513.697635493309   2298.542245501233  335.9601201615655  -24.35639033766571     0 
  13423.950133199773  1041.6654337221676  335.9135931495665 -24.374910545707937     0 
    17847.6539541077  1529.4496587049882  335.8768225458045  -24.37751807366155     0 
  19369.913269269266   2577.702233316296  335.8626830265731 -24.371661824302798     0 
  10673.702467113553  3509.2867318317612  335.9317448856609   -24.3518241289968     0 
    10030.4617833042    7336.28579366873 335.93028657573205 -24.321040387707377     0 
 -3464.3554375353556   8784.433524548504  336.0422683802182  -24.28730161903877     0 
  -3606.146770867421   9895.478932055225   336.041626764815 -24.278141239830088     0 
   6133.241827853862   7623.226165065893  335.9622977403899  -24.31261300094935     0 
   6697.404429667645   8900.859025963806 335.95534302079403 -24.303445957609725     0 
  3707.4603782500394  7766.5937243261915  335.9825074181593  -24.30753937869748     0 
   8712.979057169932  8115.5872737357095  335.9398652373875 -24.312857376328264     0 
  369.10600209956067  10293.179707990514  336.0066297916055 -24.281852130834555     0 
 -1663.2911482057882  16688.894825364147 336.01346719620574    -24.226622554739     0 
  12718.615857694822     9468.9168405359 335.90435802431733 -24.308511028273355     0 
  11963.736554273475  11859.902125373968  335.9064066980291  -24.28850838899484     0 
  14301.615122264371  13134.485875801676  335.8849857602791   -24.2821366964309     0 
   7278.761426745163  15348.425147955528  335.9394236860836  -24.25308294852492     0 
  12635.417945463796   17163.62150779432 335.89177323930573  -24.24744433856079     0 
  3404.3194569779957  16466.962335237367 335.97030453879154  -24.23743475824189     0 
   15056.80134827611  18554.442998450904 335.86952261385113  -24.24028329050209     0 
  15167.308544416057   18619.30816782821 335.86850857856405 -24.239944764227772     0 
  -8300.052381687148  11429.941040089574 336.08021441496174 -24.257300598685852     0 
  -9104.503385123802  14955.002578778165 336.08157946187316 -24.227027098993997     0 
 -18360.677421276876  15648.929173885626  336.1639474412692  -24.20316202243906     0 
 -13995.470321686038  18977.222195373233  336.1190037025157 -24.184220588918357     0 
  -3240.669115878933  20120.728298944043  336.0216042425921 -24.195586327531387     0 
 -20326.750050444836   18567.95194273009  333.8597251883641 -24.202366774919614     1 
  -19257.97420572598  17017.638571711374  333.8469093215369 -24.190501829730298     1 
  -19584.64122046792   11003.48844257224  333.7920862614059 -24.183113488194063     1 
  -16850.93369965919  13334.619490400928 333.81662068228934 -24.163803411235243     1 
  -11973.96821465629  19333.208090980304  333.8770519763615 -24.132866817686555     1 
 -11997.014358743938  18950.276345651066  333.8735504975275 -24.132413005210825     1 
 -11911.166876551979  19070.034753540487  333.8747434655723 -24.131897783183298     1 
 -14213.349923155392  14726.754749524593 333.83256761030077  -24.14391183989614     1 
 -17051.539171007407   4290.586955687474  333.7357159159285 -24.150985898546537     1 
 -17564.712927297638   7459.758416982432 333.76308757385897 -24.160268665555858     1 
 -14564.238213398905   8851.430782739286   333.779508749136 -24.137345493064736     1 
 -14860.406185433785  6601.2979208975785 333.75914336447465  -24.13628340645886     1 
 -14776.694269155885   4409.736416413333  333.7399146700173 -24.132208410651113     1 
 -17224.024085107278  -6696.379364199921 333.63986330698503 -24.136137967844643     1 
 -14146.880718535493  2639.3343045320757  333.7252484465189 -24.124310849304358     1 
 -12672.324742955243   791.1219041403149  333.7111983393953  -24.10942817216465     1 
 -11255.122124590676   983.9493342758869 333.71490103741854 -24.098107496186792     1 
  -9519.550634791723  2348.2228574829214 333.72924982012574 -24.085948160609497     1 
  -10252.96906633986  -645.3924230884967 333.70220924174174   -24.0876042210603     1 
  -19288.21824115254 -11299.143144588157  333.5974907494933  -24.14676142765369     1 
 -20142.062751367117 -11883.595056460936  333.5912425396096 -24.153024566805193     1 
 -18502.000688579225 -11820.498896217308  333.5942547586845  -24.13954759513371     1 
 -12862.622610723341 -5924.8725469193405 333.65293923909195 -24.101428280173277     1 
  -9466.311258874646  -9275.761913201617 333.62953874346425 -24.069457066243714     1 
  -8953.498137063096  -6242.896896348304  333.6560628658989 -24.069368660522002     1 
  -3475.114747235751  -3354.154137783784 333.68889213577154 -24.029579457642374     1 
 -12124.330311812315  -13938.26169596072  333.5861936002974  -24.08476057488839     1 
  -4240.293184175308   -7224.24523442085 333.65485706819084 -24.030553679690765     1 
  -3879.563888587385  -7484.865117346521 333.65320320389435  -24.02737440514582     1 
  -3043.807769147325  -7962.935444561782 333.65044458229636 -24.020191601380684     1 
  -2947.358452981444 -8060.7436739433715 333.64976760653025  -24.01931042465544     1 
 -1692.2051076002967  -6630.262386276522 333.66375846006997  -24.01129684551222     1 
  331.34283905810184  -11308.08272895497 333.62762571636085  -23.98976200751739     1 
 -2080.7446434241315   19525.93550487966  333.8912031477617  -24.05198367807992     1 
  -7401.757752121046   11331.20008463376  333.8111568738554 -24.082182747994903     1 
  -5051.378065685379  16170.634443576986  333.8573578798751  -24.07065301121386     1 
   -2038.26817840918   13265.52863256748 333.83546333344856  -24.04184298259135     1 
 -212.54803787095588  14673.255881996574   333.850351198015 -24.029418935752695     1 
  1467.4075865495026  15250.612293176826  333.8576778636794 -24.016964061941124     1 
  -3004.776256983853   9595.350149146618 333.80177369137914 -24.044052311894806     1 
 -1776.3578130089704  11110.535506670629 333.81678118352875 -24.036497294114746     1 
   984.1238730270719  12825.165540406508   333.835609759509 -24.017133142220036     1 
   5195.263948691194    8581.39285687735  333.8042222315036 -23.978017297741044     1 
   3103.076720625115   17659.13647499422  333.8811654130458 -24.007724583645782     1 
   6335.571895530882   20051.25192651419 333.90655153286923  -23.98604066774646     1 
   5087.406421549628  12197.166759109392   333.835619901725 -23.984016499689393     1 
   8270.778686359123   13695.57556847536  333.8530300263566 -23.961539658906805     1 
  14329.376405431298  18789.730335298886  333.9056538556498 -23.922689152667722     1 
  -2538.892422020645  -3322.036351161012 333.69056203142327   -24.0222369816733     1 
   -250.228301320822  -2964.203130647114 333.69702709762265 -24.004755677123164     1 
   2259.607191067486   -652.401642811406 333.72046375376993 -23.988241648971247     1 
  2748.2983732955145   5991.273941412494  333.7783140955406 -23.993422683533872     1 
   4498.749816577426   548.1604081794601  333.7340141175535 -23.972501367384087     1 
   8321.291501604406  3930.7995289361374  333.7685195324284  -23.94765131381308     1 
  2335.3489963494517  -5233.951367860167  333.6816782658731 -23.981764182603637     1 
   3619.309492695106  -6158.577318523702  333.6758416579433 -23.970724527271305     1 
    2935.67241030198  -3203.756236563619  333.6997632186899 -23.979703702766884     1 
  3476.2921728395377 -2822.4386711378947 333.70380820328666 -23.976020476893932     1 
  5829.7630318687225  -3538.194310232796 333.70128991224476  -23.95705897201074     1 
   8641.762096691416  -5014.152012732046  333.6931312817143  -23.93389126065473     1 
  11727.991853273814  11047.675878418491  333.8346621249772 -23.931374431403047     1 
  13269.646506947498  5160.3424879048425  333.7861619710707 -23.911853048353713     1 
  13194.346674631906   8686.367697896074  333.8162974469549 -23.917078228852578     1 
  14353.470492205104   8968.843750921988 333.82034999102746 -23.908753188800958     1 
  19891.643249494824  14110.647395492262 333.87227155035134  -23.87451127914135     1 
   20449.14013359631  14083.447320987141  333.8727880853409 -23.870364178650767     1 
    17938.7783645919 -123.40222139835538  333.7482280152465 -23.870622911784533     1 
  17596.642452936798   6829.441179042181  333.8065952488561 -23.881806880234073     1 
  19972.415211109605   8689.206051180427  333.8258273053438 -23.866711814755885     1 
 -7091.6581366963965 -19017.601278734383   333.551972771392 -24.038437792154838     1 
  1268.7635071485602  -19487.36001281323  333.5616649154204  -23.97308825883859     1 
   7426.734147458559 -20089.628225842192 333.56685584414487 -23.925911644188872     1 
  10895.818068028824 -11421.106603850107 333.64333253981493  -23.90950968692727     1 
  12382.881967950283 -14270.517660168447 333.62229987071674 -23.895336139476925     1 
  13968.068477508921 -10797.956860655624  333.6533278541647 -23.887458734167172     1 
  11362.737794288887 -19641.332140090723  333.5769626364158 -23.897163197588966     1 
  16343.131440755446  -18935.32538543906   333.590859403005 -23.861458116275106     1 
  16900.198072512707  -20163.56822408244 333.58189327873123  -23.85618732894274     1 
  15645.060018213193 -13968.586306037232 333.63000967923705 -23.871705074419935     1 
  14932.771884694199 -13151.486891422068  333.6355440986428 -23.877792658183594     1 
  17114.436177033585  -17707.71877736084 333.60203211712775    -23.857115428566     1 
   17221.88277175159 -17750.417668319486  333.6018630307408 -23.856293771984245     1 
  17565.528803703837 -2686.2308691740554 333.72619337799114  -23.87030767257946     1 
  18101.862874204882  17999.070217178578  333.9036352017908  -23.89320789399104     1 
  20204.696785322838  15275.236751977358  333.8827557337758 -23.873795412978925     1 
  18584.882624847953  -2968.179514302056  335.6806239525785  -23.74955536363825     2 
  18631.333591434577    4255.81648042035  335.6275950390207 -23.777978657835074     2 
  17880.276551749346  3693.4497699482977  335.6288385743559  -23.77086552265328     2 
  15771.616867880404  250.43413884435654 335.64610095542224  -23.74357892586928     2 
  15294.084083445081   664.4129346777595  335.6411627944104 -23.742033845468004     2 
  15539.303542792753 -41.481605794939384 335.64734577909394 -23.740908080079304     2 
  19094.464144331367  -9338.669407257341 335.72848089910843  -23.72813634826002     2 
   17387.53859169768  -7782.600144701341   335.710881336369 -23.722992823239938     2 
   17673.86161789974 -17604.016008066646  335.7814437596575  -23.68682952749196     2 
  16718.447527753848 -16340.300268325753  335.7690655748882 -23.685438412084093     2 
  17252.981559184613  16886.139006110294 335.52608182236366  -23.81810736735314     2 
  13950.090360346228   17036.85854526299  335.5112690327519  -23.79686114156029     2 
  15100.623333562027  15706.089010581418  335.5263833364886 -23.799316654665233     2 
   14457.73593441826   15251.73289474977  335.5272524751689  -23.79328813284412     2 
  10450.488044575108  14505.717228909105  335.5163584280333 -23.763626708835027     2 
    9018.47006902775   17910.72704396138  335.4836143063912 -23.767221525307345     2 
   5406.050840564063   16587.09540698145  335.4785180870544 -23.737537627862597     2 
   4793.363435973756  20154.008597579417  335.4475020851822 -23.747203882636025     2 
   4193.696107727005   17488.38981998542  335.4661064990729 -23.732739964234565     2 
   4279.797307727578  17271.568175929293 335.46820295528704 -23.732488066268772     2 
  14262.230419463938    9106.43843935139  335.5736594209952 -23.768067524021255     2 
  10730.950197380365   7434.306399353224  335.5719838802024  -23.73798502251673     2 
     13946.044708511  -1017.807652235315  335.6482869299128  -23.72655414754601     2 
  10696.014184814929  13986.606593074875  335.5214259976163  -23.76325629886657     2 
   9096.370837345874  13495.447272770321  335.5185245400561 -23.750575262893523     2 
    7030.36226213555  12452.413306350427 335.51790460389674 -23.732525426147067     2 
   8003.181611444448  12283.638246452545  335.5233334511462 -23.738468245461874     2 
  4258.0240702197825  14057.416138847524  335.4934826784968 -23.719845246343322     2 
   5006.749564982721  15247.788156234366 335.48735499606653  -23.72960121266923     2 
   6459.055322677219    4385.47624815224 335.57754055329366 -23.697257185492298     2 
   5728.388727344679   848.3495752178412  335.6012514232732  -23.67853358542881     2 
  3322.1379592544963    5023.85281055675  335.5595352334225 -23.678298292514956     2 
   6666.434108256819  -9534.962175645203 335.68177865886724 -23.644639797990607     2 
   6230.143787032152  -9461.270674627553 335.67950202615447 -23.641964446536974     2 
  1074.6827672358472 -12266.787154191406  335.6790882383053 -23.595865961399266     2 
 -1854.9774700075238 -11880.355920487847  335.6642679323353  -23.57708189167256     2 
  -2596.595699554835   -9544.18367362533   335.644064955364 -23.580917292721274     2 
  2194.7973533332815   13055.95155271725   335.492405159144 -23.701758843091987     2 
 -2521.0460034887406   16294.25154491298 335.44586072683217   -23.6815342858365     2 
  -2307.316431194015  15103.860886534872    335.45632509343   -23.6784116151989     2 
  -2380.322258362288  15411.022866128047  335.4535488920305 -23.679092484885658     2 
 -3146.3756504819235   4783.061114446727  335.5336292694212 -23.632479539020416     2 
  -6293.595822467011  11859.291977966974  335.4642130213785 -23.637733476296425     2 
    -8242.2807650288  14629.626533956427  335.4331895254727 -23.634609277503735     2 
  -9231.826541466855  13960.021139468252 335.43401280552325  -23.62494320460731     2 
 -12292.277531669068  10021.568664928966  335.4514081658911 -23.587706011376934     2 
 -11039.842179203708   7989.119017390881 335.47331660256697 -23.588869564421227     2 
 -2737.6639372156046   756.8925173050833 335.56629550753615  -23.61973759518229     2 
  -2978.639244325783  -86.24904251549626  335.5716782613172 -23.614786950431107     2 
  -4660.648056550729  1283.2891861294665 335.55396140979474  -23.60828744055538     2 
  -6744.918191692451  -3286.896550387674 335.57971047733685  -23.57592520383034     2 
  -6119.654195884445  -8462.845780623249 335.62121471094565  -23.56039394537682     2 
  -6493.118303331438 -10365.819681652065  335.6337262465326 -23.550445716640205     2 
 -10083.577741321325  -8503.604479085396 335.60446995842057  -23.53215204579883     2 
 -10031.164118495268    4275.45532761558 335.50707112193703  -23.58175022441766     2 
  -9891.104965887764  3272.6674064309436  335.5155115883268  -23.57887825833752     2 
  -9822.287704844523 -2330.5699856284587 335.55898237008176 -23.557752698008436     2 
 -12952.553868077837    4578.27257496733  335.4914488875326 -23.561919353984273     2 
 -13693.353428668674   -811.069198763575 335.53003472443487  -23.53581093038797     2 
 -14306.254797060232   79.40340649014028 335.52037069364593 -23.534804841955683     2 
 -11770.706016980012  -6651.895816365661 335.58318514751414 -23.527202340181578     2 
 -13134.050401871407  -5434.871142330745  335.5679417499127  -23.52208182505234     2 
 -15975.077202669656  -7639.316536037831 335.57197297978405  -23.49312324173657     2 
 -12896.152949970536   15083.79418822728 335.40786197224344   -23.6029113261921     2 
 -15915.741233712368   8726.033290495938  335.4448715396342 -23.556414244068183     2 
  -17816.88692258557  10222.227722973355 335.42388743355735  -23.54827470262003     2 
 -17797.811431548267  10169.177013092925   335.424405452593 -23.548210244779373     2 
 -20441.034643215295  17057.734542100738  335.3554541757383 -23.555266220936737     2 
 -20230.163715641243   18897.54982744844  335.3412575152824 -23.563916942439526     2 
 -16124.151112696807  -669.3864089631501 335.51789033642353 -23.518739954517507     2 
  -16059.62165860133   769.6103230992105  335.5070013311273 -23.524736090179797     2 
 -17416.961131576692  -3418.470137697735  335.5332241273566  -23.49878779135155     2 
  -18137.53973896198   -4196.39240818858  335.5359165864023  -23.49055443416212     2 
 -18993.151146179072  -6769.243883367225  335.5517176250335  -23.47447891727882     2 
  4621.5771060442985 -17836.408950041583  335.7332195466592  -23.59871559513012     2 
  -772.3821459918069 -12888.994504616338  335.6760636926741  -23.58071060699198     2 
   -4667.05388979231 -14987.268872213648 335.67522191929766 -23.545534521397688     2 
  -8596.404249878975 -14005.969801889809  335.6515673570433 -23.521632685007596     2 
  -7366.279524046498 -18593.693650919406 335.69003965480067  -23.51279408019754     2 
  -7460.909899414317  -18889.19028266006 335.69177019373006  -23.51100084568511     2 
 -11589.012551199774 -11293.654545050278  335.6187199224041 -23.510719360667178     2 
 -13881.623985941833  -9158.216236372338 335.59273796735175 -23.502439064434014     2 
 -17115.148191566517  -8348.051680861043  335.5722188661084  -23.48214371443252     2 
  -18447.64817484353 -11956.199579858338  335.5933991166728 -23.458715476953703     2 
 -14893.795256681522 -18444.177772608007  335.6569719177071 -23.459806304888716     2 
 -19039.655470024587  -8706.708960689037  335.5662433217942 -23.466756742387393     2 
 -19564.545386829133  -7843.866567512993  335.5573028544144  -23.46620532610031     2 
  -20252.38211293242 -13562.511574111992 335.59730715120145  -23.43946162294633     2 
 -20306.893519724847 -13596.989861365519  335.5973192806483  -23.43893277016587     2 
 -17792.808848395976   19042.00839156146 334.68643776557667  -24.75024944404305     3 
  -18021.32691105745  19139.542667619848 334.68453523669274  -24.75159662188347     3 
 -16658.293259057114  17909.696456375732 334.69464105243117 -24.738199056748883     3 
 -17486.873284880086  18347.651205427257  334.6879289575219 -24.743755487961387     3 
  -8948.944950736784  16824.561042354755  334.7616537720695  -24.71192281836236     3 
  -10213.71537717023  12183.443549262789  334.7414752791332 -24.676869684811127     3 
 -19539.498624432596  14715.313385335317 334.66240068186704 -24.718389026324104     3 
  -15386.52000436358  5877.9888506059815  334.6831129514659 -24.637152677499838     3 
 -15127.437092128106   5159.979757088256    334.68403553384 -24.630844091522473     3 
  18254.833346792537  19945.814356332667  334.9975419031454 -24.681735889374988     3 
    5649.55171570495   20397.72714154752  334.8946354971856  -24.71010571924377     3 
  -4409.988307950749  17096.639075428768  334.8020075098698  -24.70433443023396     3 
  -3985.029067524779   18546.45272055439  334.8085280011612 -24.715239528905133     3 
  -2296.545742087765  16527.153623743267  334.8192238094057 -24.695241558439353     3 
 -3095.8791324106733  14900.848958768753  334.8091123598998  -24.68376229500206     3 
  11087.187061401653  19865.956296409262 334.93892248628026 -24.694921426615544     3 
  15900.086845351447   17402.71181173145 334.97333518114215 -24.666069036462243     3 
  15187.064521131013   17807.42528404416   334.968367814084  -24.67061593771536     3 
  16111.540439812401  15889.035262528194  334.9719555063984  -24.65374363017091     3 
  12364.056108473906  14051.375992759917 334.93765404709006  -24.64630449689392     3 
   19297.71374055994  15445.762600384543  334.9967080031338  -24.64439598679388     3 
  17573.483070431816  13783.432602365505 334.97942739181264 -24.634549448964332     3 
  16251.908915218368  13337.778994536198 334.96784255750487  -24.63348297567496     3 
  10466.420934661628   12773.40604367226  334.9194350080203  -24.63982788931119     3 
   7111.205512682151  12396.365921601295  334.8908356416548  -24.64326363960576     3 
  14446.957081041164  11721.581471939844  334.9498660841024  -24.62417027907442     3 
  14278.941174162504   8907.646096276985  334.9426574621474  -24.60259417407133     3 
  19382.369177787456   7448.751038098568  334.9806893463744  -24.58233399789564     3 
  18547.166929009138  4991.9375553992895  334.9688197359326  -24.56499345069744     3 
  16918.025755493032   4387.557963324762 334.95448146181207 -24.563184838353123     3 
  -8662.370764586945  11622.193395713051 334.75407587588063  -24.66901418753519     3 
    -9855.6349081606  10692.282026868748  334.7417326498202 -24.664048602172176     3 
  1590.2321445916637  10473.621577984135  334.8404621536489  -24.63881991076947     3 
  -3782.984545914717     8485.8419128743  334.7904261865856  -24.63378012721993     3 
 -11134.205855958426   9444.480944961906  334.7279784351284  -24.65671630249791     3 
 -13796.086030213763   5126.746689975407 334.69586434761834  -24.62774432771869     3 
  -9488.667104110536  3822.7315407633055 334.73139989337454 -24.608411177529003     3 
  -6953.248614809913  2696.0944566579687   334.751306809832 -24.594405165244062     3 
  -4271.055087501819    -818.42980405693  334.7673841268093 -24.561729432202895     3 
   5534.093696067469   5765.229938109129 334.86407590027886 -24.594254350510184     3 
   7511.311777280621   4596.443880363615  334.8781179363716 -24.581521920314678     3 
   8269.425635797072  3678.8923897773766  334.8824861132452   -24.5730532078435     3 
  3234.3212248051086  3141.3208962906488  334.8393758000544 -24.578177956116868     3 
   6231.544701954106  1470.8764617612171  334.8609737338697 -24.559761304501922     3 
  10703.227742541856   5271.157745188282  334.9058654065844  -24.58092670446381     3 
  14275.844050481955  -590.9747838040129  334.9225982370989  -24.52991039194031     3 
   8763.779578012342  1293.6646267843494 334.88157388591895  -24.55384452835714     3 
  2927.9388929268935  1797.7109107986726 334.83401917491136  -24.56835150374889     3 
   6008.794194173364 -2232.6420939448076 334.85135787821406  -24.53184831454537     3 
  1023.3985228280746  -3013.826289707459   334.807974853607 -24.534895307841694     3 
   8407.294348740956  -3659.240770520799  334.8681797057862   -24.5168194019556     3 
  11929.784420286936  -6721.820223552278 334.89045367724265  -24.48785199927346     3 
  5971.9829028281465  -6529.711552005116  334.8419732757581 -24.499423145918353     3 
    9093.76670830895  -8719.091094963167  334.8630271016046 -24.477723953379208     3 
   18581.86969408761   952.2057252816987  334.9604872366666  -24.53430026957513     3 
  19061.365091262334  1914.5875709901768  334.9663700850493 -24.540763789266734     3 
   19045.44035303772   616.6194167234094 334.96346390685414 -24.530998306108614     3 
  15734.178476871006  -976.6151095617034 334.93353964914206  -24.52453426027599     3 
  15633.483653617617  -3084.540640750694 334.92820997614814 -24.508868008536282     3 
  13352.715886507835  -7586.736347434731  334.9001247373321    -24.479065990057     3 
  14265.212130291739  -7968.186535918812 334.90666647970676  -24.47474599323726     3 
  17574.371837751933 -11401.094205816446  334.9257066023478 -24.444219867541538     3 
  11480.600751015207  -9811.156673115378 334.88015189230526 -24.465663230367834     3 
    18609.8930850469 -14344.809354529745  334.9274748970477 -24.421217301998855     3 
   17117.85511434784 -14523.244059324292  334.9152313762594  -24.42221210898607     3 
   -16673.1922135272  1990.3974105287016 334.66399214170553 -24.608859649593306     3 
 -19852.091137041785  1389.6153951046651  334.6341587052927 -24.610890714430024     3 
 -17169.521003732196  -631.0024595719477 334.65440856678055 -24.589147381412197     3 
 -12523.429266034093   -4010.70612043956 334.68902921827373 -24.553163027029207     3 
   -8584.66580566543  -5166.908714184038 334.72119072454916  -24.53647668118589     3 
  -14872.22751377514  -7127.817459271757  334.6620244358398  -24.53373659258593     3 
  -8941.219168560694 -10635.607119979251 334.70691674544423  -24.49540713888186     3 
 -3244.5253069827168  -5089.876501887408  334.7674063523476 -24.526921977510824     3 
  2201.6010079463076  -6612.782122452409  334.8103582400662 -24.505427551215853     3 
   634.8106280280053    -7732.6959881203  334.7948305672314  -24.49977231238258     3 
  -6036.392245949574   -8987.20042244782  334.7354057878579 -24.502459925392433     3 
  -481.1932491222285  -12688.76636975071 334.77499540607465 -24.464608507818458     3 
   2888.274779146968 -10501.273962938612 334.80789521313716  -24.47503488213477     3 
   8841.662942922745  -10829.89042987553  334.8564306362914  -24.46248804679841     3 
  1569.7287947205302 -13926.582085792928 334.78960320841486   -24.4518610088372     3 
 -2617.9103964701935 -18964.067858992985  334.7437074057563 -24.421964842450393     3 
     -574.0974893543  -20297.61922093434 334.75809084385344 -24.408739726561773     3 
 -11598.117256343083  -17171.62016837426 334.67042280993707  -24.45126625048031     3 
 -18251.295363665417  -18469.51349002767 334.60935128512483 -24.454170765496528     3 
   -9076.23547472176 -16957.662490768085  334.6927247231131  -24.44822068604461     3 
 -10140.491345919561 -20304.473276710927 334.67661016326963 -24.425383494033046     3 
  12996.689440016957   -16419.9571306789  334.8780679946947 -24.414867201797044     3 
  11652.925221449686 -15586.594144377073  334.8690313993052 -24.423034653502725     3 
   8649.708965259484 -15373.835327697496  334.8450610608734 -24.429404124584803     3 
   9206.375470227353  -16148.17704964541 334.84793006078286 -24.422857186125555     3 
   10506.46191428371  -17708.97550813647  334.8551174550379 -24.409450012755805     3 
   17035.60989771999  -18786.10078307185  334.9051954433502 -24.391623865906542     3 
  20229.832062562415 -17651.159257744275 334.93297268695915  -24.39498143762598     3 
 -10620.624804511197   19896.97834475868  335.6293119913721 -25.691758989511538     4 
 -15637.857639525455  18069.438951699904  335.5811885693756  -25.70037196948191     4 
  -11906.88156246045  15788.113551765202  335.6011001396942  -25.66686635067583     4 
  -14554.11106722035   14894.97325934128 335.57603403438253 -25.671892791411437     4 
  -16005.04229862875  12739.312184531698 335.55495847147364 -25.662359505856223     4 
 -14317.047014118994  10822.138716179768 335.56015842509146  -25.64085559109404     4 
   -4197.75148033025   19469.38431284933 335.67788991279804 -25.660751638524584     4 
 -4045.9473286579782  18647.185281968163  335.6754619215419 -25.654049414302833     4 
  -9202.526370995816  15916.892888278708  335.6231056897399 -25.656057017653072     4 
  -6934.587374161926  15035.900309949888 335.63708626217885  -25.63985445556915     4 
 -5239.0949168244115  13836.046951775972  335.6450783668199 -25.623917482378964     4 
 -1409.0976628371702    19847.0603269899 335.70112687815134 -25.651708688977624     4 
   351.2467652401075  16276.099568011232 335.69896514148627 -25.618302013961607     4 
  2737.6333312685424  13894.464120966413 335.70670178377287  -25.59136460887346     4 
  -8304.817513292233   13985.31480218399 335.62172398654957 -25.638022859856513     4 
 -10488.612669663635    7982.40521594735 335.57825077864874 -25.603755503850923     4 
  -7096.363097386135  10445.259707336512  335.6157185926567  -25.60717708156127     4 
  -6470.126052715874   8671.292891184468  335.6128593352656 -25.591789964648502     4 
 -3641.9247016363806  11652.324988915325   335.647920352558 -25.601436570167778     4 
 -333.92521613508984   11121.73430279084  335.6710941676776  -25.58401102391317     4 
  -163.1492680320325   9840.864811681946  335.6667863621979 -25.574179999444862     4 
   -4741.22332337779   7778.233847121812 335.62242688897743  -25.57822951083577     4 
  -17984.68036222793    5891.31528697267 335.50918868950924 -25.620949777964356     4 
 -13766.709020325508  1450.9428499138796 335.52379446466927 -25.570939156902128     4 
   -8701.65449478429  2231.6843069582146 335.56727558539114  -25.55526389576541     4 
 -3427.2504276604845   769.1385537785707  335.6019964927343  -25.52351802537251     4 
 -1982.2067654150148  430.64442351640025 335.61165988038243  -25.51538914209632     4 
 -1088.7340483025782  210.41687046303858  335.6175613964875 -25.510315017882647     4 
 -1030.7852047968238 -2128.2346305367555  335.6078100885783  -25.49397390544741     4 
 -11454.948916715952   -2197.88706211283 335.52633795951044 -25.535569463726514     4 
  -9944.756279884696  -2984.408879673464 335.53484644959445 -25.523866984554623     4 
  -8744.482151398739  -3519.178098795687  335.5419592912696 -25.515254526366693     4 
   -9034.77595495444  -2647.676279876239  335.5434596940443 -25.522481362901157     4 
  -8845.934628691331 -2509.9275592736954 335.54553933446914 -25.522666714634852     4 
 -11540.828744484521  -4934.201479019873   335.513821354393 -25.516895357623852     4 
  -6188.478187941069 -3738.6958124562098 335.56097439009915 -25.503404162542697     4 
  -920.9523421231736  -2674.062330425761  335.6062742434038 -25.489799782653392     4 
  -16310.68222490213  -7505.381749620167  335.4648114520492 -25.518857384085507     4 
 -15107.630843524814  -6688.836261902485  335.4779334195251 -25.519495587786412     4 
 -10140.549200977213 -10018.923989067831 335.50292344281195 -25.476338112252193     4 
 -12631.105340104104 -11438.562029619055  335.4771958113022 -25.476759832847197     4 
 -4324.1265746086765  -9476.582419226565 335.55057140182515  -25.45692568188059     4 
 -4276.6680180946605 -12037.758734657169  335.5398767063357  -25.43955869852399     4 
  -4414.977621566291  -16306.47631148806 335.52043588454484 -25.411774407044188     4 
 -16787.633004036583  -14822.94670759541 335.42970644736425  -25.47078948083221     4 
  -16424.76808844504  -14765.04221078012  335.4328484739911  -25.46969424327147     4 
  -15407.67393150407 -19365.618434001335 335.42138720905064 -25.434760255166022     4 
  -5364.708535957891 -17783.764447035992 335.50677031226843  -25.40570838665321     4 
  -7348.107608754186 -19292.874769166752 335.48495563761406 -25.403455737881384     4 
  -6060.692757762341  -18627.14530888195  335.4977786701119  -25.40285269015125     4 
   8052.835141358071  20345.342648071342  335.7750717515797 -25.616328014710383     4 
  13432.356876580328  18866.917556591172 335.80837460388443 -25.584331613818662     4 
   6211.267823227222  13770.439805320117  335.7323863155577 -25.576514104663993     4 
  13859.949522895953  15486.383760710216 335.79664592921057 -25.558670559365858     4 
  13028.751469974846  13792.525346461343 335.78310400473845  -25.54993753568536     4 
  11919.809723956827  12510.893765602455  335.7693128368812 -25.545206344516803     4 
   12095.82988229208  10933.869340417665  335.7636787203776 -25.533477000267347     4 
  12683.325150990897  11084.610328512523  335.7686637394575 -25.532276936009005     4 
  11480.168377184733   10675.38459846833  335.7580042816193 -25.534036638830695     4 
  17063.374452385022  3473.2923890130537 335.76721112500843  -25.46348194092119     4 
  19088.257239518276   23.84842609305749  335.7667192194423 -25.432910416037622     4 
   978.9119393938315  3157.6461834382826 335.64624767617505 -25.522570752575458     4 
    6725.87531409514   897.5255790014791  335.6797777564065 -25.484631156942342     4 
   9842.051511431211   844.0677555992404  335.7027559623763 -25.472448273451505     4 
  12638.575112789495  379.20025925702504  335.7213588339409 -25.458846857126996     4 
   9578.145750208469   -4430.44905399832 335.67774004261076 -25.437834898915455     4 
   2543.681866913922 -7534.7766836684095  335.6115122786659 -25.443469226317376     4 
  11053.969974515538  -6742.770790212302 335.67856768619066 -25.416989913998172     4 
  10716.387718953298  -7751.213175169628 335.67168082089825 -25.411546969886725     4 
  12429.013279770807  -8075.274103628902  335.6828830050277 -25.403175639005653     4 
  18735.391256507326 -3918.4561958263535  335.7469232958056 -25.407965271630072     4 
  14810.899160908508  -7709.387048592045  335.7019126823222   -25.3969987372327     4 
 -1531.5929107001793 -13420.916179460432 335.55500124545364 -25.419787093533508     4 
   4128.036379615502  -12496.53402210908 335.60194510457154  -25.40454719652346     4 
  2160.7330249364345 -13325.511972658524  335.5835104400643   -25.4064430039496     4 
   594.4766743079113  -17592.90336644174  335.5532297804612 -25.384370177007046     4 
   8695.850112807282 -14137.427976904777 335.62897464291257 -25.377029538416295     4 
   9203.724459422498 -15296.532980736272  335.6277210418526  -25.36767462356045     4 
   6317.476165629044 -17919.354985660426  335.5949189714091 -25.361177525082695     4 
   9711.438973159842 -17531.475871451777  335.6218132203242 -25.351443362765547     4 
   9266.504843174047 -19707.320662490863  335.6091308278485 -25.339102597721503     4 
 -2696.8067165913376 -20429.359370373175  335.5159573333283  -25.37829406696266     4 
  12615.230176643163 -15502.724625239494  335.6519754888441 -25.354143763718472     4 
  10422.072647163715  19193.279162700055 333.45611787057413 -24.649751165852624     5 
  10696.243550017427  18560.133419565103  333.4597147519965 -24.645118994407586     5 
  15650.291165427907  15083.867597438679  333.5076546029562   -24.6252422748351     5 
  18102.803320575244   6970.070994394735 333.54274852107244 -24.565830317062808     5 
  17534.253562265058   7763.600714535806 333.53673482045235  -24.57104712735961     5 
  -4218.572861169324   15863.83465774268    333.33715477002 -24.600356646395703     5 
  -224.4563743833132  11183.474888114084  333.3818639602558  -24.56919046614263     5 
 -3124.7897544750945  11533.954103698632  333.3559196087287 -24.567332439862064     5 
 -2933.0578027192173  11161.749727436134 333.35836601256034 -24.564668780229223     5 
   9302.492934361484  12512.285758820857  333.4601925837297 -24.594950838838177     5 
  12183.553802945493   6648.500108777349 333.49523811830016 -24.553655706789343     5 
  13867.720771453545    2069.20175675702  333.5172658561776  -24.52103673117386     5 
  1943.0248433365298  10033.325337982735 333.40284014292155  -24.56355132068841     5 
   2918.142487941653   9169.898928735394  333.4128886437351  -24.55830219423973     5 
   4738.602405612822  7736.5864523729115 333.43114584049437  -24.54997637464102     5 
   5797.260117285369    7831.60732729945  333.4398949528684  -24.55245143861233     5 
  3972.7777113084844   5115.604735989548  333.4296996920023  -24.52817401482444     5 
   209.3252162460926   6378.501726154369 333.39520354815375 -24.531869915662252     5 
   2404.229492746347  3651.3800321666317  333.4191931826939 -24.514128702545413     5 
   8328.660497942134   4236.332611901561 333.46785107054717 -24.528544610344316     5 
   5111.794143772294 -2629.0695320206487 333.45349753302526 -24.470091554136722     5 
  18722.252336939142   1042.374742705414  333.5581134764632 -24.521312175885114     5 
  16450.333586306682 -3428.1902966572293 333.54751086119506 -24.483452025797774     5 
  11467.723012499471  -709.4472230323187   333.502593727818 -24.495662483981416     5 
  10102.310453119835  -1141.861187766276   333.492170261882  -24.49002735836688     5 
   12066.98902119174  -1431.232768617151   333.508736237766 -24.491158206561902     5 
   8607.285094675475  -6337.892617523003  333.4888424615128 -24.447831832918553     5 
  15118.366360582313 -10222.415323045869  333.5478953006853 -24.429995611519857     5 
  15042.260511642167  -11707.15088185319  333.5496241870439  -24.41878099724801     5 
  15919.643771318442 -11081.640502758088 333.55563419986424  -24.42499731479717     5 
   20196.94869175691  -13235.77546169396 333.59268419574084 -24.416597254912404     5 
  -19816.52318691277   16800.39606184985 333.19325814458574 -24.583657574398746     5 
  -17294.59052309157  17639.162529834848  333.2147928648286 -24.594451183905502     5 
  -17405.79355774349  17708.468141750753 333.21359974554287 -24.594847994964265     5 
  -19043.39973690132  14888.022123530238 333.20490470133336  -24.56919477796522     5 
  -19306.00194251459  14490.289158708065  333.2033752662072  -24.56553250684756     5 
 -10976.241857754116  17420.562444037467 333.27325692543917 -24.602450780629407     5 
 -11546.173151165414  17386.112002955888  333.2681607586702 -24.601285953121817     5 
  -4737.532437126779   12014.89658991625  333.3407642411697 -24.568598001587517     5 
  -5280.318051545905   6765.084933006726  333.3468102168459 -24.525900523201713     5 
   -7853.53954020671    5253.25464053405  333.3272251370559 -24.509690914570257     5 
 -14513.434274369465   9347.621017771993   333.258948230172  -24.53147909827351     5 
 -13125.245062026548  2943.2902850795413 333.28497815713683    -24.482662078351     5 
  -14538.65518766909   3843.800886851193  333.2703909058958 -24.487452751705945     5 
  -14624.36046644831   2696.960189064307  333.2719905173628 -24.478215243547794     5 
  -3817.509945222062  1010.8016457478158  333.3708854709491 -24.483076364268896     5 
     319.36332826049  1338.2607046714108  333.4058181943483 -24.492604537137826     5 
   6.628476554831394  -4290.634061682573 333.41351196516734 -24.448542636660513     5 
  332.93729556030524 -5555.0424713019665  333.4185385225069  -24.43940847198503     5 
  -7760.076079284938  -2676.699588249461  333.3436205075815  -24.44765491919232     5 
 -12377.564850020177    869.282486224054 333.29587911847165 -24.467546415152047     5 
 -11675.542926981596   664.5032763485212  333.3025502882138 -24.467117130833035     5 
  -9906.189695473788  -4540.850240283621  333.3283450364565 -24.429505174568167     5 
 -10477.438287780333 -3991.2927512145657  333.3222679882692 -24.432784815172155     5 
  -7076.775410829255  -8237.007289289839 333.35990227167576  -24.40594312280688     5 
  -6042.546801114921 -10833.602236628847 333.37348191643366 -24.387946101827005     5 
 -20453.594085840716     6380.7605890949 333.21090216117057 -24.497991121970966     5 
 -16737.206497794225   2141.712618238924 333.25400902788726 -24.470295850044078     5 
 -15506.830402926518  2372.1599744993982 333.26468681875906 -24.474172416098146     5 
 -19830.355440797044   2304.670088632531 333.22541298207244 -24.466442611853292     5 
  -18615.96890915668 -477.35365002009166  333.2423299078406 -24.446441287342704     5 
   -17878.6204080511 -469.77210853345747 333.24902551734436 -24.447742102456814     5 
 -18940.796856370107  -1319.885435163435 333.24110063014604 -24.439253967464314     5 
  -19744.62625088451  -3469.565861894626 333.23815773113955 -24.421005157106926     5 
 -13657.502178062825  -1307.641419992861  333.2887874880885 -24.448289217491492     5 
 -15578.716347941434  -3139.081529734386  333.2751969893789 -24.430688258234166     5 
  -16479.93106952286 -2927.7976668327747  333.2666634378028 -24.430804555577772     5 
 -16565.583444299995 -3450.8497124029427  333.2669339511664 -24.426567883930215     5 
 -16029.264852708216  -4285.173668925789  333.2734140553806  -24.42097209140772     5 
  -17593.57159660179  -5656.242616968513 333.26203032959467  -24.40760966342489     5 
 -15822.084577082076  -5237.198496786649 333.27714341050506 -24.413915170407908     5 
  -8421.258478043157  -10356.69756552444  333.3520691848951 -24.387377370216424     5 
 -15499.397580462417  -10641.97403052103  333.2903693182489 -24.372739973119725     5 
 -15533.722152233424 -13245.882710597401  333.2948938359449 -24.352779279278426     5 
  -15792.99016601634 -13777.819844785232  333.2935699367362 -24.348270398997165     5 
 -19414.540078135255 -17871.695376306114 333.26880647875606  -24.31079397773926     5 
  2958.5193917080105  -6472.150465835443  333.4422523799645 -24.436968836223695     5 
  3377.5876944778574  -6594.435093264783   333.445970753737 -24.436767582799447     5 
  2913.5700375897773   -9786.17260992858  333.4475650148334  -24.41172349047328     5 
  4071.9461386436274 -10135.813798941545 333.45779733478685 -24.411127976162465     5 
  3324.1250737269024  -11455.48953855125  333.4537894145146  -24.39985060097282     5 
  11418.289197067475   -17889.5046563673  333.5301385639742 -24.366465433291076     5 
  5960.9256911611565 -15754.361427501002  333.4825534697453 -24.372395122220627     5 
 -2062.9957949592076 -10116.648378183723 333.40624389156056 -24.400428496257575     5 
 -4089.6740271658396 -10896.646759035852  333.3903388774921 -24.390923088100536     5 
  2748.2773338086176 -15040.860369878657  333.4549042643674 -24.371925180838637     5 
    3115.06160757069 -17046.190262874217 333.46117037842856 -24.357643751341147     5 
    -9541.4427716341 -14860.237315315579 333.35033464223005 -24.351209104730234     5 
  -7747.612811345788 -18858.601998728947  333.3726444143329  -24.32443107987513     5 
  15609.814827549526   19319.29173520135 336.22843927728144  -23.77436451171712     6 
   5799.694685062199  20113.593807277786 336.14488460398957  -23.78038829178366     6 
 -3954.9957017177426   18551.98444257614  336.0597478233341 -23.767382886803695     6 
   -3205.41756602097  16906.721064787078 336.06717258580437 -23.753692401662722     6 
 -2330.0464833079513  13849.602061507363  336.0762009348874 -23.728438263611906     6 
  -2857.749590168062    6714.81082599224  336.0740222394159 -23.670107921825384     6 
  12183.569570542624  12674.788238332705 336.20170021387366 -23.720160583485914     6 
  19541.213316919144   5786.778887831146  336.2638042523409 -23.666638635797945     6 
   9523.775302980188  12407.950768637711  336.1793490487813  -23.71766841729685     6 
   12822.38235324947   9246.118085027045  336.2078635501422 -23.692724922785644     6 
  17745.201825722605  2175.9536407505816 336.24960985852283  -23.63787470276192     6 
   18201.57437365031  1139.3022087846139  336.2534293073565 -23.629900984089407     6 
   11530.36343233991   4197.066284548567 336.19804803864884 -23.652308754014655     6 
    3961.96489697706  3326.0011135914237   336.134182620214 -23.643887953483578     6 
    2091.86484616069   3444.648805259237  336.1180707364195 -23.644502078116737     6 
   9881.874062890278  -2977.360730956462 336.18526004547147 -23.595554659905147     6 
  10311.984795375736  -6232.822911517792  336.1891231383531  -23.57041246883672     6 
   19999.75536918936   -703.050972819904  336.2681445831663 -23.616089421993266     6 
   17369.98551597262 -1291.8905633860732  336.2468572822468  -23.61075862438834     6 
  15298.042819978635 -2439.9732031044814  336.2300121813136 -23.601252385627355     6 
  16487.855176126297  -5345.209785168489 336.23989052549047 -23.579174328908284     6 
  11857.469728808741  -5230.913099309848 336.20187331881726  -23.57862160454432     6 
  14780.588585770762  -9563.820435558135  336.2260590287129  -23.54628957803402     6 
  12603.219591815778 -10316.693432836106  336.2082291047216 -23.539791923696114     6 
 -19049.391396298055   14864.09284624796 335.92308530690013 -23.737066181101955     6 
 -20384.997618397283  14325.804420475008  335.9108022856991  -23.73262390810865     6 
 -15010.437331608673  14499.320919960737  335.9609840996179  -23.73378912980931     6 
 -14219.060197104654   14568.44196141937  335.9682757350341  -23.73433920913842     6 
 -14585.474208712105  14043.860863496699 335.96514867314494  -23.72996237074179     6 
  -16604.58921769147  10488.551789565488 335.94816658647704  -23.70035917366385     6 
 -19426.172374213715   8361.710960802495  335.9228935286528 -23.682722034825886     6 
 -20359.383089993975   4171.228657047859  335.9161052489985 -23.648117208227834     6 
   -9066.83668086855  11409.813046725247 336.01686142334114  -23.70806841112213     6 
 -11388.616172186401  11585.748382557676 335.99568148241224 -23.709474063223567     6 
  -7864.536974173836   9767.992468931472 336.02837306484616 -23.694598083116297     6 
  -8067.857968767744   6538.035731259218 336.02774046528486 -23.668159165692725     6 
 -10106.688454794812   7923.832201280565 336.00884881346985  -23.67934292230982     6 
 -5698.1589049996755    5267.90265997502  336.0493339035254  -23.65806800977314     6 
   -4829.26210353361  2635.1785137069073  336.0578220356065 -23.636929668667015     6 
  -8014.588443656208   2309.562270919699 336.02960589275324 -23.633887080120036     6 
 -15543.138780696305   4473.006517513579 335.96060297069033 -23.650781322780116     6 
 -12395.744260201542  1781.6267773722727  335.9903334141765 -23.629130593938367     6 
 -14574.166656940542  1754.9223713040562  335.9705136322871  -23.62871078089956     6 
  -17718.52966327421  1234.3188242495123 335.94183521085324 -23.624238402982357     6 
  -10022.46255807274  1178.1933575423902  336.0119575183659 -23.624521445182722     6 
  -9962.157661343499 -28.735534251290982 336.01286570980227 -23.614819495493915     6 
  -8406.135937497078  228.58959286067025  336.0267218936429  -23.61709809010637     6 
  -9981.609541085676  -996.6160206931773 336.01297357866156 -23.607052581422295     6 
 -11852.223364166797  -6105.350292604406 335.99756112180773 -23.566060352352487     6 
 -13969.260093828967  -7993.198146150451  335.9789821418934 -23.550759469504072     6 
 -18592.102311328552  -8999.593917519736  335.9372460150676   -23.5420459829457     6 
 -19336.920554361768 -14879.164483320663 335.93200151771583 -23.495752678659098     6 
 -1212.0869896926542  2644.0087128521013 336.08958940435423 -23.637546740778163     6 
  -2404.703230261679  422.44009063003335  336.0797088109497  -23.61959785298093     6 
   6138.361132648213  -4297.245626483309 336.15396757315654    -23.584261563219     6 
  1684.1291566543728  -4910.534965589484  336.1161317652048 -23.578332424433672     6 
   668.4565995743302  -5819.266021646218 336.10754056795986   -23.5709724092375     6 
  -9105.435134799174  -6948.313597841639  336.0222917064682 -23.559915226416766     6 
  -8897.168987778063  -8530.815341093752 336.02446944598734 -23.547518581585155     6 
  -6383.697842213915 -10125.151079562538 336.04692610938093 -23.535632333204997     6 
   943.6227287821367 -10749.611927556758 336.11048644019763 -23.532751776825375     6 
  2852.7372946426894 -12748.401721540724  336.1268996096939 -23.517964749886357     6 
  -3093.631997839804  -12194.68724054197  336.0758904174505 -23.520446031466427     6 
 -1786.1074927053621 -16428.484692212223   336.087538286953 -23.488361671611724     6 
   6316.888907765107 -14622.651373892075  336.1561550856332  -23.50482137562031     6 
    7213.39093011373  -14783.49189482601  336.1636471816261 -23.503915946378374     6 
  15588.337527444846 -18066.324804754895  336.2323323359066 -23.482447718771635     6 
   599.6958354038845 -17686.728891022787 336.10799088551244 -23.479588962978454     6 
   4857.525478105574 -18656.619700629937 336.14395493910536 -23.473785339900054     6 
  10120.290287618891 -18982.531766698077  336.1876557175025 -23.473370251014778     6 
  -10993.60739048726  -9750.900865420908  336.0060771070846 -23.537509027968184     6 
 -10070.063306638493 -14907.081727427332  336.0151943500559 -23.497631019652914     6 
  -3908.142213636684 -15275.325957170939 336.06915258951966 -23.496517395778874     6 
 -17009.920039616358 -13937.782220650224 335.95291676194284 -23.503547408186133     6 
   -12802.6263549897 -15241.296146807115 335.99098298567884  -23.49436587967881     6 
  -9888.292002519147 -18598.968515935645  336.0172857291028 -23.469334419589952     6 
 -17641.376209625218   18680.94903225581  335.7261413577405 -24.705194190629264     7 
 -17832.694296843954  18123.789943366533  335.7207815260022 -24.705693987202142     7 
 -17602.273785259735   12397.56730494867  335.6694836486828 -24.692449552138918     7 
 -14904.006096371704   19339.86963554097  335.7364018695166 -24.683415641329834     7 
  -11170.89050247306  20238.063820663014 335.75035868887295 -24.654031327623745     7 
 -12145.414121846321  19284.432048580697 335.74021198565174 -24.660243834712126     7 
   -20370.4754105024  -2278.493025549571  335.5352684407705  -24.68846426615961     7 
 -16658.341168683983   1934.470910046023  335.5784139219004 -24.665091715989846     7 
 -17886.364766899875 -370.62925302377084  335.5561840776698 -24.671170667539585     7 
 -17786.690474392526  -2157.026070639147  335.5408492457204 -24.667202536520872     7 
  -16988.42719875957  12173.913522316154 335.66847798090305  -24.68685799790047     7 
 -15165.133956689135  12090.603156062201  335.6707050848472 -24.671440584236773     7 
 -17051.134326173353   8507.637835367013  335.6356731878042 -24.680410277789893     7 
 -17051.792608363303   8621.436737591004  335.6366830622508 -24.680629600940108     7 
 -15986.840171568549   6743.778068654192 335.62182552661255 -24.668254027540215     7 
 -11824.003746180972  10828.571782762036  335.6649450893294 -24.641384134245637     7 
  -7972.890634495929   16283.64642386768  335.7198263285882  -24.62005406902389     7 
  -5972.152184728545  14599.044136150687  335.7080208421696  -24.60063933105405     7 
 -10378.543490718686   5119.020317898977  335.6170375650407 -24.619208352131427     7 
 -11038.099069247592   3589.554096872004 335.60254318967066  -24.62187875268657     7 
  -7441.496596646852  3337.8800127711997 335.60655039146314 -24.592376279816698     7 
  -5250.868725922069   8400.522212792372 335.65447112458656 -24.583622491513548     7 
  -4522.567356711543  6642.7126167875085 335.64032709261267  -24.57472931715567     7 
  -4610.134386973048    8514.98145352606  335.6565519355224  -24.57869840258927     7 
 -20083.988879946646  -6465.945099807076  335.4996249129094 -24.678775837893117     7 
 -18853.201311385994 -12560.480854839949 335.44997538901293 -24.658429529236894     7 
 -12955.171038743152 -12909.498089069635  335.4579138187555 -24.610011453003136     7 
 -10665.888818260468 -16256.041375291024 335.43426997420033 -24.586596783717113     7 
 -11174.753728208416 -16514.887615868032 335.43116407197743 -24.590247735956442     7 
 -10571.261752392604 -10063.657286577325 335.48624340680556 -24.595386358160216     7 
 -11646.599133593956 -226.70532729277988 335.56833054659756 -24.620211861315017     7 
  -7607.073424358208  2358.5708660646533 335.59776545311325 -24.592028983432424     7 
   -6816.49889362899  234.87416850905717  335.5807909512407  -24.58211791411125     7 
  -5175.574466932499  -105.7668771715499   335.580745716727  -24.56849973296968     7 
  -2851.045678532742   2555.302529288819 335.60773413387767  -24.55453235815787     7 
  -3144.106970088608  2195.9082138554763  335.6041234500646 -24.556245889613134     7 
 -298.08129423112365   5086.598428899744 335.63402467222863 -24.538697052215415     7 
  -2466.062627414316    529.336912547472   335.590971352572 -24.548159564384328     7 
  -5448.423427313037 -8039.5950485236635 335.51270138870274 -24.557940728270097     7 
 -6439.8947953594625 -7518.9722320418805 335.51528608290175  -24.56656794364972     7 
  -1471.008839333217   -6902.94628959836 335.52954918067235  -24.52861829496917     7 
  1804.4821650271217  -8365.149905779628  335.5232753349761 -24.501156025148322     7 
   1620.737645398084  -8055.577491382877 335.52552898745705  -24.50302531600741     7 
  4709.7879312765535  -5562.717514973816 335.55208346893227  -24.48317556035886     7 
  -3447.749250420235  18182.693175024957 335.74400530654594 -24.586967339116708     7 
  374.76754608953746  19438.707696081918 335.76124436739707  -24.55877078163737     7 
  2243.7239236896103   17850.53451846326 335.75008209729845 -24.541071974551805     7 
  2815.2563516830164  19021.632720950427  335.7613777992469 -24.538719566235784     7 
   -2465.47574409955  10756.336082040554 335.67980407266583  -24.56556346811215     7 
   1656.698578501688  15190.770685918436  335.7256137359578 -24.540878286560943     7 
 -1581.5453551336363  10602.653705826957  335.6799241365835 -24.558279934456543     7 
 -28.704190071311537  10211.614380001143 335.67908468741524 -24.545336766836556     7 
   395.1005396536318   9074.273538919591 335.66985623085907 -24.540036896196337     7 
   4168.378179566511  13563.090858932763  335.7153816179456 -24.518357063893678     7 
  3890.1198704207404  10846.145800862563 335.69115893591976 -24.515810542031257     7 
   4514.052104717329  13703.598249125214 335.71717909434864 -24.515917007653048     7 
  18214.627688205062   18947.43571818565 335.78503173630276 -24.421002994685452     7 
  3175.7209864949045     9156.3344234964  335.6752441819721 -24.518470824333964     7 
   6337.164245306576  10615.372345107606  335.6932253998201 -24.496519711624007     7 
   8342.057553915787   8687.619440885981 335.67988210945833 -24.477962682928116     7 
    8341.69398546334  3320.6253549670473 335.63378638244734  -24.46929767638317     7 
   8101.921911528804  -2545.111328757415 335.58359964676663   -24.4620502077205     7 
  10281.730340391545  -2656.352491960873 335.58657364970657 -24.445535579507485     7 
  10710.572800340662  -452.1700191985813  335.6059117717836  -24.44564271560769     7 
   11171.12547107546   1451.837958742768 335.62283483737264 -24.445102446975394     7 
  18535.900989278984   5287.438309959161 335.66815331275967 -24.396545780055018     7 
  12834.087248631811  15514.674707794326 335.74653646852676 -24.455379947098585     7 
  13301.018758773629  13995.558321777304 335.73408387005304 -24.449294398874628     7 
 -13856.399223185796 -19060.168886318454 335.40502763923524  -24.60779113342455     7 
 -12011.899979081003 -18096.124112498368   335.416487226956 -24.594527919755947     7 
  -9193.143633065441 -20379.968757583163 335.40304739229146 -24.568883218565123     7 
  -6736.312965677245 -19587.579211531993  335.4142476294107 -24.550794101437976     7 
  -3758.829154917575  -16977.04369887479   335.441376492031  -24.53140702616934     7 
 -1416.8021354695638 -17300.296323361086   335.443175068619 -24.512899809594177     7 
  -672.2041324602616  -20344.10401828607 335.41971456375387 -24.502966395826604     7 
  -49.41820515067793 -16549.127231819875 335.45194707093725  -24.50348886231683     7 
   4913.415474026291  -8052.370825809405 335.53160874448275 -24.477939735126604     7 
   9579.471680041337   -18374.4322227699  335.4554528471917  -24.42872647716329     7 
  10850.501341873243 -17850.756987044297 335.46213821004636 -24.420061328465966     7 
  12277.413592937422  -4902.899609121822  335.5713552510964 -24.427398620982085     7 
   13025.81003194411 -1743.2260255933072  335.5991602303229  -24.42648820967294     7 
   14628.00058703054 -2697.7088275089404 335.59402636810034 -24.413266061069972     7 
  14632.754594754031  -5177.491490976767   335.573341737098  -24.40965257784003     7 
   17141.92480980144  -7422.864558906984  335.5593068036992  -24.38819230258417     7 
  18650.753197698345   548.7181638355024  335.6283873768074  -24.38860747661249     7 
  19157.641205713942  1338.5178775906709 335.63591031950097  -24.38608733808993     7 
   18049.91611190867  390.01085842805026 335.62599536139106 -24.392746233325287     7 
  17907.448404324296  -9044.838770915449  335.5473497319808 -24.380423688851966     7 
   18244.98804274936  -9526.946341252766 335.54401245409946  -24.37733289919586     7 
    19658.8022768041 -19389.547948050596  335.5807909512407  -24.58211791411125     8 
  18322.819735725247 -18021.166201277607   335.580745716727  -24.56849973296968     8 
  14657.125987445144  -18846.73528159294 335.60773413387767  -24.55453235815787     8 
   15130.15575174892 -18720.443898506423  335.6041234500646 -24.556245889613134     8 
  10912.244473529387  -19436.90954409369 335.63402467222863 -24.538697052215415     8 
  15467.721886562256 -16838.413768684055   335.590971352572 -24.548159564384328     8 
   18845.52262997946  -9911.295614294697 335.52954918067235  -24.52861829496917     8 
  16747.557880656714  -6754.347979474716  335.5232753349761 -24.501156025148322     8 
  16732.243501592355 -7115.6278763562495 335.52552898745705  -24.50302531600741     8 
  12585.048308339476  -7366.889735700945 335.55208346893227  -24.48317556035886     8 
  -12139.06058220051 -20449.999259590702 335.78503173630276 -24.421002994685452     8 
  2033.8988256874409  -20161.38268621971  335.6932253998201 -24.496519711624007     8 
  1429.0340841069988 -17263.656849572344 335.67988210945833 -24.477962682928116     8 
   4441.492783837527 -12668.224041193163 335.63378638244734  -24.46929767638317     8 
   7960.303758436557   -7910.51528320017 335.58359964676663   -24.4620502077205     8 
   6196.987684022854  -6596.142129746823 335.58657364970657 -24.445535579507485     8 
   4595.937347560639  -8167.257042972367  335.6059117717836  -24.44564271560769     8 
   3143.738420464991  -9485.131802868176 335.62283483737264 -24.445102446975394     8 
  -4886.575472028291  -8621.504381484576 335.66815331275967 -24.396545780055018     8 
  -5570.429882661435  -18955.10339521023 335.73408387005304 -24.449294398874628     8 
  -17437.04098722537 -13626.943378000844  335.7790152148179 -24.353214256815953     8 
 -10107.266842815747   -6195.79559197982  335.6869150410498  -24.35348574751056     8 
 -15668.563183352846 -11259.226427310166  335.7533348160623   -24.3501598784316     8 
 -16606.062667200757 -10558.218546296974  335.7552493508173  -24.34075298047513     8 
  -14490.76324943078  -8135.012311876951 335.72692822123116  -24.33928687873238     8 
  13836.256933281138 -5217.0343527348505 335.53160874448275 -24.477939735126604     8 
  15775.512483761619   5464.792302583886  335.4554528471917  -24.42872647716329     8 
  14399.181574570626   5723.509986785191 335.46213821004636 -24.420061328465966     8 
   16535.00200397946   7905.589572298466 335.43608741211375  -24.41886051819835     8 
  17522.764588827893   9354.030358813754 335.42139399913117 -24.415767080205075     8 
  19339.408632401784   12498.92532524479 335.39147956125635  -24.40722865582234     8 
  11592.747062562785  13559.698905813533  335.4312279349872 -24.359974883477236     8 
   15912.75726153901   17165.00653380955 335.38326993951165  -24.36202244764218     8 
   5819.237783616734 -3680.8473499063266  335.5713552510964 -24.427398620982085     8 
   3423.468017173407 -5832.2462659000275  335.5991602303229  -24.42648820967294     8 
  2662.4071894889576   -4194.75459588965 335.59402636810034 -24.413266061069972     8 
   4055.221546161567  -2202.734875234943   335.573341737098  -24.40965257784003     8 
  3308.4308480477566   878.2476342662239  335.5593068036992  -24.38819230258417     8 
  -2345.462806661356  -4688.704788463411  335.6283873768074  -24.38860747661249     8 
 -3179.6649358595173  -5062.491361236385 335.63591031950097  -24.38608733808993     8 
 -1786.8914322916119  -4875.621007047173 335.62599536139106 -24.392746233325287     8 
  -4440.876456912477 -3197.3038870722817 335.63262018128273 -24.368500500393015     8 
  3614.1868861456073  2533.9923488635163  335.5473497319808 -24.380423688851966     8 
  3618.4500152567143   3078.186709217093 335.54401245409946  -24.37733289919586     8 
  2561.3149391943466   8182.582420341039 335.51940502717537 -24.341955216914567     8 
  -4566.704963975781   3351.774895389976 335.59360756030884 -24.330094621034927     8 
 -288.20560495676244   7751.789921762334 335.53978279269586 -24.328544073120753     8 
  -10817.44376295324  -4384.352487627456  335.6805438109687 -24.339076313596102     8 
 -10727.140793459143  -540.0917575495168 335.65664703979127  -24.31740358569425     8 
  -14300.47934176355  -2100.051312776714  335.6892220746559  -24.30564981203493     8 
  -13966.90046623321  -867.9206510801214 335.67957115429874  -24.30041856686437     8 
  -7662.164530981157  1666.6235954687725  335.6235655818348 -24.322234472661997     8 
  -14273.64627716487  1908.7973891256402 335.66464129758236 -24.282287138004172     8 
 -17883.946883849723   6590.309994613935 335.65947857730106 -24.232647510518795     8 
 -18370.952738947424   5177.258987126032  335.6713442560737  -24.23823984263672     8 
   2385.041678483243  11373.791197617911   335.500926921855 -24.322197124803015     8 
   6637.109555284096  14401.397651130603 335.45615358270123 -24.327926595749485     8 
  4911.5005718891625  13403.305150046443  335.4728659220482 -24.324274969657942     8 
  -2286.600049003605   8706.939872695668 335.54644720435334 -24.311610309935496     8 
 -1907.8347536538606    11691.3135164128 335.52572636398395 -24.296024034978917     8 
 -3815.3643841113208  10641.942160657483  335.5441750304242  -24.29136221179244     8 
  102.92164084670256   13046.45167524722  335.5048172017207  -24.29937592955598     8 
   7988.680123597518  17945.911170237967 335.42610523490316 -24.314284483050724     8 
  2502.0165415241836  15771.222170379207  335.4731380840802 -24.296631478879878     8 
  -458.5759786804584  16086.009622803922  335.4895688600934 -24.277888212728293     8 
  -5697.892896511912   11824.03507577606 335.54878755524607 -24.273386873613173     8 
  -13884.82308150422  10369.489714957017  335.6101802570919 -24.233819882489108     8 
 -18022.119058426288  13879.393915837396  335.6153699712322 -24.187051384801343     8 
  -8212.687896423655  17715.775890461795  335.5283038754887 -24.222645252768828     8 
  -9775.416872921023  16311.617839631928  335.5469805539688  -24.22199979812877     8 
  -7371.053250790549   20016.39165676823  335.5086697478169 -24.213395306349646     8 
 -12703.236006216963  17365.247216347383  335.5592244079415 -24.197851302482196     8 
 -14971.951148294598   18666.02153019401  335.5657832882346 -24.175878275570067     8 
 -17843.563621502595   16877.87403791924 335.59557899097155  -24.16941410613644     8 
 -17499.044517006245  18532.757816383535  335.5830294761795 -24.161130627341112     8 
 -17143.838956045456  18468.557408840687 335.58111556387433 -24.163735825938566     8 
 -13405.395161307446   19969.71273119305 335.54754322177837 -24.177277065942345     8 
 -14587.367779845816  19900.969401962237   335.555602226695 -24.170468516893642     8 
 -19181.658096791198 -136.74833559028832 335.26765543912114 -24.186344500041677     9 
 -19975.969339312403  -5784.336659163457  335.2181368783544  -24.17866107448696     9 
 -19347.655678870477  -6261.852899416518 335.21581420831507  -24.17240034537637     9 
 -18792.950953738477  -6708.344979601034 335.21356365170556 -24.166829730679503     9 
 -18234.887243893918  -8405.496464315338 335.20096039063964  -24.15822344283177     9 
   -16181.4557346676  -7510.727401553265 335.21381454334767 -24.143939699232355     9 
  -20147.26177593786  13815.517677231235 335.38514220325646 -24.231248808696954     9 
 -20175.963867121583   18422.31908689536  335.4254918297346   -24.2443400071612     9 
 -14255.016506677948   20276.49055183671  335.4562532384219 -24.200429811229778     9 
 -15651.982184030228  15237.146076722007  335.4087015219776  -24.19799164812248     9 
 -13361.179882990049  18444.677474325978  335.4423538121621  -24.18802822204298     9 
 -12260.971329347607   17377.05813555335  335.4357081665833 -24.176136516178907     9 
   -17957.9656027106  13200.594274003312  335.3852349062191 -24.211416330862185     9 
 -17558.254951607843   7128.361368406784  335.3337396451605 -24.191874595347812     9 
 -14692.216395902227   8213.971823951997 335.35032651083066  -24.17138864638739     9 
 -12235.920227712908  11796.462647707544  335.3873336855737  -24.16094591706789     9 
  -8128.956226914637   19287.86344794996  335.4624296178154 -24.147972174326004     9 
  -5143.270670224817    17230.2951946408  335.4517871367154 -24.118668058611455     9 
 -3559.9825292213136  19112.685471198063  335.4719336929257  -24.11117405210487     9 
  -1500.309964365752    18108.5775131307 335.46820556901105 -24.092358227029884     9 
   2231.018009640142  17508.637958032876  335.4720290566674 -24.061878795562528     9 
 -19274.152277608853  4041.8127302874227  335.3029246361457 -24.197845326161914     9 
  -16849.12695242952    6923.39832155457 335.33378298737847 -24.185545679820773     9 
 -16064.489376965448  -238.3698443935427 335.27489406299645 -24.160837384110117     9 
 -10059.162041939144   7534.135492737714  335.3562209571171 -24.132416122234424     9 
  -9147.848624630726   4214.591535114545 335.33032519612794  -24.11679923393464     9 
  -8078.502161471438   4751.689944018648  335.3375979915511 -24.109708057826857     9 
 -16321.869648691829 -2940.3275357777325  335.2515166015654 -24.156189601139435     9 
   -9370.82986154603  3095.1593126085354  335.3202917320529  -24.11577132837885     9 
  -9387.585457910702  2753.3011226868443  335.3173633200628 -24.115055271497287     9 
  -7406.046339374087   3370.816642175879   335.327647208979 -24.100998841839818     9 
  -6212.622211371688   3234.801233288174  335.3295518642296 -24.091331438904593     9 
  -5132.308034989555  10456.189011844517 335.39353861529446  -24.10095291132213     9 
  -4028.796729638276   8488.295187302774  335.3795273464854 -24.087347589730467     9 
   4895.300115099516  11350.138414391193  335.4259691235009 -24.026012965113456     9 
    5296.29670363646  11223.303441910788  335.4258811840054 -24.022673943604023     9 
  1174.3563183603455   5798.987219530458  335.3698695100469 -24.040657489815473     9 
  3762.3027243278075    8311.68917544204  335.3974972549761  -24.02712787861023     9 
   6893.859612909905    10310.2371315783  335.4220982859123  -24.00843560720464     9 
   4797.462406053048   6333.335946834996  335.3834525674621 -24.014553592414757     9 
   5489.082878785192  3982.6433604641734 335.36553864397865 -24.003793150732996     9 
   7222.772975676348   5109.292884645524  335.3792938641114 -23.993530573405906     9 
   6683.390648748787   5454.468931865222  335.3808226882258 -23.998357484275697     9 
   8545.330315060195   19541.80942534463  335.5045528481597 -24.019075538973492     9 
  10826.223835117164   20171.20962688068  335.5153254769033  -24.00359006292761     9 
  10080.542521827658  15953.152933214524  335.4776066181543 -23.998533253729864     9 
  11494.183403182848   16142.93918725884  335.4826047037121 -23.988506244817305     9 
  15582.363229185215  18833.355204991443  335.5151282595362 -23.965085140885634     9 
   15186.34772564682   15987.99007046977 335.49010888320294  -23.96097145443626     9 
    8585.46037580975  11436.488368667504 335.43574958785274 -23.998546593478153     9 
  13453.521932777585  13352.759556828723  335.4637315452032 -23.967237099945663     9 
  12916.984947569836  12616.030571887966  335.4562329008966 -23.969389817552788     9 
  11073.776019954754    8893.62377614599 335.42048896330624 -23.974013438444864     9 
  10876.940532216207   7516.621306698119  335.4084904466789  -23.97220158975646     9 
  16874.356888631897  10663.778526546861  335.4494696015414 -23.935957417609004     9 
 -19080.672111856973 -14901.137733957044 335.14535132492534 -24.149601008337815     9 
  -14599.67100283987 -14850.867315040538  335.1578381569389 -24.114230971432505     9 
 -17571.909977200787  -18893.18693919394  335.1170967500463 -24.128463558990553     9 
 -15089.218726518797 -17454.142391839905 335.13543906391436 -24.112171666487225     9 
 -13236.743204886929  -7577.774744252169 335.22105666089305 -24.120405399008366     9 
  -11672.91241132134   -8722.22762560237 335.21576575674777 -24.105410314428795     9 
  -9701.771865903065   -6921.25374897091  335.2358192363531 -24.094207881797185     9 
  -7023.921278128066 -11183.361771571712   335.207978404306 -24.063681748067513     9 
  -6206.464945282199 -3199.9574489015636 335.27577679085675 -24.075797628828123     9 
   -4805.28911733057 -2582.2821328124605 335.28454938099793 -24.066435944741716     9 
 -1388.7056751268824    -3236.6374534693  335.2880093739511 -24.038768942878825     9 
  -6325.327857109524  -7816.243686339853  335.2373665773326 -24.065971210944433     9 
  -6537.506548820533 -11847.521573845295  335.2038699697494 -24.058456254220157     9 
  -8321.196741964932  -19174.08319607969 335.13998780201604 -24.055976316108524     9 
 -3065.0894217581413  -16728.54615210804  335.1737846322473  -24.02139441845372     9 
 -2563.0563940450743 -11537.368511666347  335.2169768309999  -24.02890664444527     9 
   913.2844108208776  -10376.94892908184 335.23560757076035 -24.005346982434087     9 
  2815.7455325650535 -11139.721537426753 335.23446634364194 -23.989532143005626     9 
    2360.81170693439 -1922.7114850776907 335.30856449934356  -24.01348278108282     9 
  1737.0727113759274 -1147.6128387154454 335.31336377262204  -24.01995799904706     9 
  10750.551838021669  -2115.207620577833  335.3285324577783 -23.951078991072816     9 
  12035.290492350618  -1611.291065602188  335.3359379219816  -23.94287702335212     9 
  10386.534164511537  -5518.207056722439 335.29983862323667 -23.946237366432907     9 
  2608.6775583490444  -19220.11871421331  335.1692247707963 -23.973980248256424     9 
   3424.414825154008 -19213.201138012057 335.17148056732987 -23.968010395001354     9 
  11124.658886483612 -13294.476379463382   335.239121453911    -23.924405984621     9 
   9530.851017716472 -17697.718884410147 335.19988250593485  -23.92682375204174     9 
  12372.576360753552 -18460.486387563767  335.2014487437678 -23.905002708398996     9 
   15947.03463465279  -11695.11140384935 335.26455523225786 -23.893392156939832     9 
  16829.565176453736 -11063.732317493439  335.2718981438832  -23.88846695510901     9 
  13425.240559997561 -14236.996720966437  335.2376840940803 -23.906048734323395     9 
  15069.393656761931 -15040.591550507146 335.23564427557045 -23.892776249169824     9 
  15284.372099908798 -15278.631079623316  335.2343257409523 -23.890780031422285     9 
  16591.623230092016 -13948.937977516875  335.2483112648252  -23.88426111876194     9 
  14376.224449241266  -18495.70410798096 335.20651551890774 -23.890757201205666     9 
  19019.019955946966 -18157.257795301924 335.22150768997903 -23.858952625580592     9 
  11977.381019482093  4595.8109429249225   335.386924381024 -23.957335746566255     9 
  15205.537971937398   377.8142814532313  335.3602679102078 -23.924448427252415     9 
  19072.633824389937  2757.5383758461603   335.389468980099 -23.902164252931243     9 
    19089.6266444063   919.8736823434588  335.3744718569127 -23.897983478804257     9 
  19441.328432039965 -2977.6624530671156  335.3436521221163 -23.887048656942852     9 
