\ The attitudes of the telescope.
|field|block|plate|                ra|                dec|                pa|
| long| long| long|            double|             double|            double|
|     |     |     |               deg|                deg|               deg|
| null| null| null|              null|               null|              null|
     0     0     0 266.35114339694996 -28.755402293139053 301.51421043927417 
     0     1     1 266.35404742912567  -28.75318061971132  299.4381899223894 
     0     2     2  266.3537542468742  -28.75289443783235  302.9037936556836 
     0     3     3 266.35508333028747 -28.754092402893885  300.9235041849243 
     0     4     4   266.354730148393  -28.75156973191051  300.8956662944167 
     0     5     5 266.35471117556796 -28.752214093484568  302.3940819175682 
     0     6     6 266.35428150893364  -28.75396202083634  301.0335393823536 
     0     7     7    266.35280926746 -28.754412751730833 301.68741349432196 
     0     8     8  266.3547398039866 -28.753056513809383  300.0100540551276 
     0     9     9 266.35453430098505 -28.753639407617204  300.6232477550741 
     0    10    10 266.35373902103595 -28.752791250217612  303.3120926467983 
     0    11    11  266.3542144882947 -28.752499288326558 301.35123102690034 
     0    12    12 266.35286936815925 -28.755185941033115 301.48656099340167 
     0    13    13  266.3567130606049   -28.7501126386166 301.72601505016775 
     0    14    14  266.3559696654226 -28.753780129992357 302.56765612560326 
     0    15    15  266.3539702029189 -28.751428706345436  300.5164051175112 
     0    16    16  266.3574722192261  -28.75224528155281 302.01096304016664 
     0    17    17 266.35756675267135  -28.75101391890652 300.85776023079944 
     0    18    18  266.3551813881564 -28.753139186026857  299.8745486437677 
     0    19    19 266.35591116510665   -28.7535807021007  301.8984535531099 
     0    20    20  266.3515637482219  -28.75285994212181  300.6437023044093 
     0    21    21 266.35305268890437 -28.752685273655235  300.1953730988841 
     0    22    22  266.3528393022419  -28.75167653933617  299.8188550287467 
     0    23    23 266.35421964149947  -28.75248568128424 302.20749730299696 
     0    24    24 266.35518180745754 -28.755314894295854 301.94715771772894 
     0    25    25 266.35432513611954 -28.752359327375537  301.7720715310001 
     0    26    26 266.35354278205085 -28.753530445780278  301.7190752992995 
     0    27    27 266.35130618524175 -28.752388175436803  301.9009117382867 
     0    28    28 266.35254687014327  -28.75382912489074 300.45180189444125 
     0    29    29   266.353502358878 -28.751120871197934   300.605335176026 
     0    30    30  266.3546561802248 -28.751452024644575 302.24752208208974 
     0    31    31 266.35631688447387 -28.750822377909834  300.6709239292507 
     1     0    32  266.4339963702585  -28.64073875480007  301.3099602562319 
     1     1    33  266.4335347842311 -28.638489349551495   302.214462485841 
     1     2    34  266.4316745164045 -28.638027123352074  301.1235150591946 
     1     3    35  266.4350240632341 -28.635416236298834  300.5294002061821 
     1     4    36 266.43209297676475 -28.640014670339994  301.1645120819278 
     1     5    37  266.4335765633497 -28.637905109345546 301.31442909057967 
     1     6    38  266.4349759486524  -28.64119375267886  300.9400773461448 
     1     7    39  266.4340440060369  -28.63792372925846 300.14129473011457 
     1     8    40 266.43324959835627 -28.638609926960328  300.5035590299889 
     1     9    41 266.43367546070596  -28.63886961261486 300.24424212175165 
     1    10    42  266.4331647085629  -28.63826412299457  302.4705077957721 
     1    11    43  266.4363570565882 -28.638841070565846   300.448099236085 
     1    12    44  266.4333578016989 -28.638111680198804 301.90241118275566 
     1    13    45 266.43603144760704 -28.634113028453527  302.5216369561407 
     1    14    46  266.4335336992984 -28.637491683710355 301.07200852179665 
     1    15    47  266.4352969588366 -28.638753134587333 301.14961470181896 
     1    16    48  266.4331167554043   -28.6396102254152 303.70214083694117 
     1    17    49  266.4311612825025 -28.640811460006905 299.77570815702643 
     1    18    50 266.43176734665417 -28.638865809227973 301.45240900787525 
     1    19    51  266.4337054506481  -28.64088922720466 302.06679976086855 
     1    20    52 266.43273300832186 -28.639803357090106 301.43323883330186 
     1    21    53 266.43019406853733  -28.63831566117595 302.02280264717865 
     1    22    54  266.4317063604894 -28.641360195170588  300.7263768085411 
     1    23    55 266.43540059656596 -28.638656564953116  301.2716468954731 
     1    24    56   266.432874042123 -28.637868991139353  300.1872989754446 
     1    25    57  266.4339933220149 -28.639834137849142  300.7337324123214 
     1    26    58  266.4345353519349  -28.63670782885385  300.1259111226829 
     1    27    59  266.4315170699682 -28.636470623403074 302.42070963212296 
     1    28    60   266.433029294486 -28.641245690046734 302.65443867547106 
     1    29    61   266.432444567755  -28.63961198027395 302.16243922286395 
     1    30    62 266.43294383413485 -28.640236049139187  298.1462992393075 
     1    31    63 266.43312429780707  -28.64049123906766  300.1396972137931 
     2     0    64 266.22800844085504 -28.682416126898588  301.0462662838801 
     2     1    65  266.2228902075734 -28.682111632041174 300.05291483278296 
     2     2    66  266.2256758613553 -28.681927014415002 300.50592466437706 
     2     3    67 266.22484123670796 -28.682620344693923 300.88762155239124 
     2     4    68  266.2253057719425 -28.683508899800636  301.6011353491584 
     2     5    69  266.2231342160132 -28.681377273425788 300.25084091266797 
     2     6    70  266.2291270417254  -28.68220181879366 301.33398559251793 
     2     7    71 266.22483499147063 -28.682411424780845 300.86514109024483 
     2     8    72   266.225221338732 -28.683916184367327  300.8982955651645 
     2     9    73  266.2249484128115 -28.682046817770203  300.7948748862811 
     2    10    74 266.22505687376315  -28.68202366809197  302.3005942209762 
     2    11    75 266.22636768353215 -28.683167718268443 300.92692367232064 
     2    12    76 266.22452177802495 -28.681984193939112 301.46708831315965 
     2    13    77  266.2230999903327 -28.682246209239306   300.897104997077 
     2    14    78  266.2254532248983   -28.6828107645565 301.26986294774105 
     2    15    79 266.22452210127034 -28.681411906737658 302.30149710746696 
     2    16    80 266.22577899854394 -28.681750647393777 302.16933586649986 
     2    17    81 266.22403365820264 -28.683444351943415 301.35808798308193 
     2    18    82 266.22400458180823 -28.682765416871018  300.6700216709259 
     2    19    83 266.22781618824985 -28.681563675410317  300.2722114745095 
     2    20    84 266.22461673229975 -28.681366120157378 302.11206148626854 
     2    21    85 266.22526397375924 -28.682576743406674   300.590380087271 
     2    22    86  266.2257047462345  -28.68371350736689  302.4625462019178 
     2    23    87 266.22572072319076  -28.68408506551732 301.16603439324473 
     2    24    88 266.22583036913215 -28.683231933677657  300.6651436054555 
     2    25    89   266.224598651637 -28.682845726013632 300.98101309860937 
     2    26    90  266.2240250745737 -28.683701588892053 300.04015185658403 
     2    27    91  266.2245339456795 -28.685500186863752  301.2745508400207 
     2    28    92  266.2229931782536 -28.681873525132044  302.3463860131258 
     2    29    93  266.2246212783741  -28.68351526964596 300.48541865990444 
     2    30    94  266.2251022545985 -28.683543380197882 301.81043481660856 
     2    31    95  266.2233426674709 -28.683915027864057 303.02130495685464 
     3     0    96 266.30339258033126  -28.56942749630302  302.1397313542097 
     3     1    97  266.3033909006908 -28.569902729044188 301.46218246011443 
     3     2    98  266.3051477787849 -28.570034151671077 301.47325681862384 
     3     3    99  266.3024774114732 -28.567948105972835 302.40929189215205 
     3     4   100  266.3068360862838 -28.567594554031416 302.32024667514617 
     3     5   101  266.3012212568824 -28.567785641872163 300.64232552637606 
     3     6   102  266.3041400916759  -28.57101902304523 299.32533887434954 
     3     7   103  266.3046146633621 -28.570762772398272 301.59939940088816 
     3     8   104 266.30177508790933 -28.567825226725702 302.40078177393315 
     3     9   105   266.304760374094 -28.570924305105056  301.9408554296978 
     3    10   106 266.30046405255905  -28.56982680904513  302.6304358591007 
     3    11   107  266.3059484552677 -28.571387033693206 302.80223974114267 
     3    12   108 266.30225980135526  -28.56882845629051  299.8557014573187 
     3    13   109  266.3035226588177 -28.570296100759148  301.4965089235917 
     3    14   110  266.3028126199564  -28.56967164200318 300.38224649691307 
     3    15   111  266.3037445093464  -28.56967125787084 301.96385811284756 
     3    16   112  266.3061287374831 -28.569561521888804  299.9141594018061 
     3    17   113  266.3046301498885 -28.567835063121883  300.7005000271489 
     3    18   114  266.3051480614528 -28.567668018742488  302.6280343138521 
     3    19   115   266.301299796467 -28.568016396037052 303.20592785352756 
     3    20   116 266.30250808276315 -28.569180665188238  302.0953872072953 
     3    21   117 266.30645534049756 -28.568667309995497 302.13416462094995 
     3    22   118 266.30727037844343  -28.56961007628989  300.2644668727807 
     3    23   119  266.3027051402973 -28.572201135981505 302.16747086592363 
     3    24   120 266.30516389831917 -28.567755963935944 303.07734541779706 
     3    25   121   266.305183689011 -28.572459287489917 301.39319126234733 
     3    26   122 266.30438528487883  -28.56915836215849 299.38166734130994 
     3    27   123  266.3057106781965 -28.570640590652904  302.1181511946774 
     3    28   124 266.30559479721626 -28.569836435743884 300.93466421832034 
     3    29   125  266.3032348754881 -28.570890159555205  302.4048112521887 
     3    30   126 266.30253091662104 -28.570392407563375 300.91974750038287 
     3    31   127 266.30351447496156 -28.570606725617548 300.41429117171975 
