\ This script generates Case-3 astrometry challenges. The telescope used in this
\ challenge is affected by distortion. Artificial sources tiled in a grid
\ pattern are generated. A list of source positions on the focal plane and
\ original ICRS coordinates is provided. Solve the position angle and distortion
\ parameters.
\pointing_ra=0.0
\pointing_dec=0.0
\position_angle=220.2670421000566
\distortion_K=(-37.12034185595862,)
\distortion_S=(-2.1100314051222218, -6.418861968228718)
\distortion_T=(-31.473748046212542,)
\distortion_scale=0.9957195393582376
|                  x|                  y|                  ra|                  dec|
|             double|             double|              double|               double|
|                 um|                 um|                 deg|                  deg|
|               null|               null|                null|                 null|
  20087.131507211918    19690.7274233712  0.01836734693877551  -0.26326530612244897 
  18329.899326760795   19800.49835141622 0.006122448979591855   -0.2510204081632653 
  19407.812867292658  18936.933956896595  0.01836734693877551   -0.2510204081632653 
    16536.9536728202  19889.705917630068   359.99387755102043   -0.2387755102040816 
  17623.964577454284  19029.991135499586 0.006122448979591855   -0.2387755102040816 
  18709.078985762004  18157.669305800333  0.01836734693877551   -0.2387755102040816 
   19791.68010016544   17273.24131173888 0.030612244897959162   -0.2387755102040816 
  14710.299350177362  19958.246502009857   359.98163265306124  -0.22653061224489796 
  15805.291497927721   19102.72340294986   359.99387755102043  -0.22653061224489796 
   16899.16067034675  18234.241399904542 0.006122448979591855  -0.22653061224489796 
  17991.290248123878  17353.295400715986  0.01836734693877551  -0.22653061224489796 
  19081.062038068027  16460.388952869405 0.030612244897959162  -0.22653061224489796 
   20167.85627252029  15556.034243932469  0.04285714285714287  -0.22653061224489796 
  12851.967349364682  20006.040894076265   359.96938775510205  -0.21428571428571427 
   13953.81685514678  19155.042135236046   359.98163265306124  -0.21428571428571427 
  15055.319376129713  18290.739737512107   359.99387755102043  -0.21428571428571427 
  16155.858470534236  17413.622633707993 0.006122448979591855  -0.21428571428571427 
   17254.81612330393  16524.188395908488  0.01836734693877551  -0.21428571428571427 
  18351.572745570207  15622.943235915136 0.030612244897959162  -0.21428571428571427 
   19445.50717408145  14710.402005691141  0.04285714285714287  -0.21428571428571427 
  10964.014849294163   20033.03429278507   359.95714285714286   -0.2020408163265306 
  12071.590062296278  19186.883118007412   359.96938775510205   -0.2020408163265306 
   13179.59675171922  18327.090690693116   359.98163265306124   -0.2020408163265306 
  14287.418652460716  17454.139968916053   359.99387755102043   -0.2020408163265306 
  15394.437926815985  16568.522549684585 0.006122448979591855   -0.2020408163265306 
  16500.035163898952  15670.738669362341  0.01836734693877551   -0.2020408163265306 
   17603.58937908392  14761.297204111099 0.030612244897959162   -0.2020408163265306 
  18704.478013491993  13840.715670336696  0.04285714285714287   -0.2020408163265306 
   19802.07693335255  12909.520225166525 0.055102040816326525   -0.2020408163265306 
   9048.525219970188   20039.19630652864   359.94489795918366  -0.18979591836734694 
  10160.686722091521  19198.206546540496   359.95714285714286  -0.18979591836734694 
  11274.060633590152  18343.245041359783   359.96938775510205  -0.18979591836734694 
  12388.030865268549  17474.788774621626   359.98163265306124  -0.18979591836734694 
  13501.979755935316  16593.323368561338   359.99387755102043  -0.18979591836734694 
   14615.28807188266  15699.343084429665 0.006122448979591855  -0.18979591836734694 
  15727.335006321317  14793.350822912773  0.01836734693877551  -0.18979591836734694 
  16837.498178854785  13875.858124570714 0.030612244897959162  -0.18979591836734694 
  17945.153634847986  12947.385170305666  0.04285714285714287  -0.18979591836734694 
  19049.675844935802  12008.460781821881 0.055102040816326525  -0.18979591836734694 
  20150.437704432956  11059.622422119011  0.06734693877551018  -0.18979591836734694 
   7107.608025369816   20024.52095321443   359.93265306122447  -0.17755102040816326 
   8223.208629480072   19188.99702578472   359.94489795918366  -0.17755102040816326 
   9340.805048848464    18339.1779812746   359.95714285714286  -0.17755102040816326 
   10459.78136931212   17475.53482915134   359.96938775510205  -0.17755102040816326 
  11579.520105397307   16598.54721717393   359.98163265306124  -0.17755102040816326 
  12699.402199720076  15708.703431783048   359.99387755102043  -0.17755102040816326 
  13818.807022541536  14806.500398504295 0.006122448979591855  -0.17755102040816326 
   14937.11237107886  13892.443682387859  0.01836734693877551  -0.17755102040816326 
  16053.694469081207  12967.047488442267 0.030612244897959162  -0.17755102040816326 
  17167.927966142473  12030.834662108342  0.04285714285714287  -0.17755102040816326 
   18279.18593723605   11084.33668972043 0.055102040816326525  -0.17755102040816326 
   19386.83988207924  10128.093699008929  0.06734693877551018  -0.17755102040816326 
    5143.39902631522   19989.02666042472    359.9204081632653  -0.16530612244897958 
   6261.283774645153  19159.263570497526   359.93265306122447  -0.16530612244897958 
   7381.950218123563  18314.889112144116   359.94489795918366  -0.16530612244897958 
   8504.782616817352  17456.368320947175   359.95714285714286  -0.16530612244897958 
   9629.163660100316   16584.17487045747   359.96938775510205  -0.16530612244897958 
  10754.474466171981  15698.791072592063   359.98163265306124  -0.16530612244897958 
  11880.094581411578  14800.707878025132   359.99387755102043  -0.16530612244897958 
   13005.40197992803  13890.424876606274 0.006122448979591855  -0.16530612244897958 
  14129.773062945902   12968.45029778581  0.01836734693877551  -0.16530612244897958 
  15252.582658248559  12035.301011071044 0.030612244897959162  -0.16530612244897958 
  16373.204019607168  11091.502526491413  0.04285714285714287  -0.16530612244897958 
  17491.008826250774  10137.588995068687 0.055102040816326525  -0.16530612244897958 
  18605.367182261376     9174.1032093193  0.06734693877551018  -0.16530612244897958 
  19715.647616007747   8201.596603764752  0.07959183673469389  -0.16530612244897958 
   3158.060183641976   19932.75626565978   359.90816326530614  -0.15306122448979592 
   4277.066345941833  19109.039605451475    359.9204081632653  -0.15306122448979592 
   5399.642558496596   18270.40244581834   359.93265306122447  -0.15306122448979592 
   6525.173254732131   17417.30384871459   359.94489795918366  -0.15306122448979592 
   7653.041298068566  16550.211513756232   359.95714285714286  -0.15306122448979592 
     8782.6279813463  15669.601778613136   359.96938775510205  -0.15306122448979592 
   9913.313026372545  14775.959619392086   359.98163265306124  -0.15306122448979592 
  11044.474583209654   13869.77865104085   359.99387755102043  -0.15306122448979592 
  12175.489229779056  12951.561127769904 0.006122448979591855  -0.15306122448979592 
  13305.731971206833  12021.817943479298  0.01836734693877551  -0.15306122448979592 
  14434.576239256026  11081.068632222541 0.030612244897959162  -0.15306122448979592 
  15561.393891832102  10129.841368666986  0.04285714285714287  -0.15306122448979592 
   16685.55521235667   9168.672968577632 0.055102040816326525  -0.15306122448979592 
  17806.428909172806   8198.108889318579  0.06734693877551018  -0.15306122448979592 
  18923.382115050226   7218.703230364525  0.07959183673469389  -0.15306122448979592 
  20035.780386549668   6231.018733834038  0.09183673469387754  -0.15306122448979592 
  1153.7796611716924   19855.77701671145   359.89591836734695  -0.14081632653061224 
  2272.7367330281804    19038.3829657395   359.90816326530614  -0.14081632653061224 
   3396.054686592779   18205.76640454497    359.9204081632653  -0.14081632653061224 
   4523.118127822788  17358.380421664075   359.93265306122447  -0.14081632653061224 
    5653.31009330915  16496.686743032904   359.94489795918366  -0.14081632653061224 
   6786.012049765216   15621.15573235362   359.95714285714286  -0.14081632653061224 
  7920.6038934827575  14732.266391423587   359.96938775510205  -0.14081632653061224 
   9056.463949737186  13830.506360586684   359.98163265306124  -0.14081632653061224 
  10192.968972265811  12916.371919104216   359.99387755102043  -0.14081632653061224 
  11329.494142682966   11990.36798558802 0.006122448979591855  -0.14081632653061224 
  12465.413069959195   11053.00811843347  0.01836734693877551  -0.14081632653061224 
  13600.097789808442  10104.814516290937 0.030612244897959162  -0.14081632653061224 
  14732.918764153175   9146.318018522517  0.04285714285714287  -0.14081632653061224 
  15863.244880533814     8178.0581056915 0.055102040816326525  -0.14081632653061224 
   16990.44345156948   7200.582900066563  0.06734693877551018  -0.14081632653061224 
   18113.88021431022   6214.449166143111  0.07959183673469389  -0.14081632653061224 
   19232.91932974543   5220.222311171481  0.09183673469387754  -0.14081632653061224 
  20346.923382165405   4218.476385709356   0.1040816326530612  -0.14081632653061224 
  -867.2281708814851   19758.18057202901   359.88367346938776  -0.12857142857142856 
  250.50153004663875   18947.37589718146   359.89591836734695  -0.12857142857142856 
  1373.3854217234925  18121.053821315378   359.90816326530614  -0.12857142857142856 
  2500.8082817269765  17279.661459814222    359.9204081632653  -0.12857142857142856 
   3632.153319009362  16423.654565162018   359.93265306122447  -0.12857142857142856 
   4766.802173291877  15553.497527318124   359.94489795918366  -0.12857142857142856 
   5904.134914502974  14669.663374071219   359.95714285714286  -0.12857142857142856 
   7043.530042269403  13772.633771409704   359.96938775510205  -0.12857142857142856 
   8184.364485303291  12862.899023934593   359.98163265306124  -0.12857142857142856 
   9326.013600903705  11940.958075264796   359.99387755102043  -0.12857142857142856 
   10467.85117434711   11007.31850846171 0.006122448979591855  -0.12857142857142856 
  11609.249418371066  10062.496546466597  0.01836734693877551  -0.12857142857142856 
  12749.578972566847    9107.01705257211 0.030612244897959162  -0.12857142857142856 
   13888.20890279925   8141.413530890121  0.04285714285714287  -0.12857142857142856 
  15024.506700722077   7166.228126842219 0.055102040816326525  -0.12857142857142856 
  16157.838283058829   6182.011627668556  0.06734693877551018  -0.12857142857142856 
  17287.567991147404   5189.323462946157  0.07959183673469389  -0.12857142857142856 
  18413.058590348784   4188.731705125515  0.09183673469387754  -0.12857142857142856 
   19533.67126934497  3180.8130700934116   0.1040816326530612  -0.12857142857142856 
 -4011.4755418235577  20427.803268028307    359.8591836734694   -0.1163265306122449 
  -2902.722732735045  19640.083001285333   359.87142857142857   -0.1163265306122449 
 -1787.4064610478245   18836.12505676057   359.88367346938776   -0.1163265306122449 
  -666.1402108676327  18016.361940335082   359.89591836734695   -0.1163265306122449 
   460.4609662451446  17181.234794415377   359.90816326530614   -0.1163265306122449 
   1591.780450688846  16331.193398277319    359.9204081632653   -0.1163265306122449 
  2727.2000543379477  15466.696168371409   359.93265306122447   -0.1163265306122449 
  3866.1000199308023   14588.21015871146   359.94489795918366   -0.1163265306122449 
   5007.859020550575  13696.211061211043   359.95714285714286   -0.1163265306122449 
   6151.854159078575  12791.183206070786   359.96938775510205   -0.1163265306122449 
   7297.460967615618   11873.61956220334   359.98163265306124   -0.1163265306122449 
   8444.053406948919  10944.021737622254   359.99387755102043   -0.1163265306122449 
   9591.003865932604  10002.899979882905 0.006122448979591855   -0.1163265306122449 
  10737.683161001558   9050.773176522544  0.01836734693877551   -0.1163265306122449 
  11883.460535524762     8088.1688555303 0.030612244897959162   -0.1163265306122449 
  13027.703659323299  7115.6231858270285  0.04285714285714287   -0.1163265306122449 
  14169.778627979766   6133.680977750762 0.055102040816326525   -0.1163265306122449 
  15309.049962370902   5142.895683572249  0.06734693877551018   -0.1163265306122449 
   16444.88060803305    4143.82939802054  0.07959183673469389   -0.1163265306122449 
  17576.631934579054  3137.0528588206907  0.09183673469387754   -0.1163265306122449 
   18703.66373511137   2123.145447255613   0.1040816326530612   -0.1163265306122449 
  19825.334225652376  1102.6951887369473   0.1163265306122449   -0.1163265306122449 
  -6054.784674719832  20281.975702249205    359.8469387755102  -0.10408163265306122 
  -4950.437231486805   19501.62478592243    359.8591836734694  -0.10408163265306122 
  -3838.728227172571   18704.76151322601   359.87142857142857  -0.10408163265306122 
  -2720.270976600864  17891.812417514066   359.88367346938776  -0.10408163265306122 
  -1595.680361403876  17063.212668436885   359.89591836734695  -0.10408163265306122 
 -465.57283054756624  16219.406072246291   359.90816326530614  -0.10408163265306122 
   669.4335990950714  15360.845072134684    359.9204081632653  -0.10408163265306122 
  1808.7193422300056  14487.990748552083   359.93265306122447  -0.10408163265306122 
  2951.6632445376817   13601.31281958301   359.94489795918366  -0.10408163265306122 
   4097.642582193305  12701.289641309831   359.95714285714286  -0.10408163265306122 
   5246.033061266969   11788.40820818838   359.96938775510205  -0.10408163265306122 
   6396.208817164755  10863.164153473825   359.98163265306124  -0.10408163265306122 
   7547.542414040891   9926.061749621922   359.99387755102043  -0.10408163265306122 
   8699.404844324294    8977.61390872993 0.006122448979591855  -0.10408163265306122 
   9851.165528041462   8018.342182978833  0.01836734693877551  -0.10408163265306122 
  11002.192312318903   7048.776765117751 0.030612244897959162  -0.10408163265306122 
  12151.851470755442   6069.456488924459  0.04285714285714287  -0.10408163265306122 
  13299.507702944875  5080.9288297200355 0.055102040816326525  -0.10408163265306122 
  14444.524133758245  4083.7499048723607  0.06734693877551018  -0.10408163265306122 
  15586.262312845283  3078.4844743293843  0.07959183673469389  -0.10408163265306122 
  16724.082214065937  2065.7059411619966  0.09183673469387754  -0.10408163265306122 
  17857.342234825843  1045.9963521286443   0.1040816326530612  -0.10408163265306122 
   18985.39919558757   19.94639824610933   0.1163265306122449  -0.10408163265306122 
  20107.608339171587 -1011.8445846116724  0.12857142857142856  -0.10408163265306122 
  -8106.816633072672   20115.72097656498   359.83469387755105  -0.09183673469387754 
 -7008.0786576392675  19342.970819864484    359.8469387755102  -0.09183673469387754 
  -5901.178540528889   18553.44074771265    359.8591836734694  -0.09183673469387754 
  -4786.729428169131  17747.551321111023   359.87142857142857  -0.09183673469387754 
  -3665.346033120723  16925.731737133374   359.88367346938776  -0.09183673469387754 
 -2537.6446346260914  16088.419829222388   359.89591836734695  -0.09183673469387754 
 -1404.2430791361971  15236.062067496237   359.90816326530614  -0.09183673469387754 
  -265.7607808878408  14369.113559086973    359.9204081632653  -0.09183673469387754 
   877.1812775844763   13488.03804847438   359.93265306122447  -0.09183673469387754 
  2023.9605448510383  12593.307917845026   359.94489795918366  -0.09183673469387754 
   3173.952900080012  11685.404187486667   359.95714285714286  -0.09183673469387754 
   4326.532652435002  10764.816516145911   359.96938775510205  -0.09183673469387754 
   5481.072540564689   9832.043201462913   359.98163265306124  -0.09183673469387754 
  6636.9437319599665   8887.591180382276   359.99387755102043  -0.09183673469387754 
   7793.515822485691   7931.976029595216 0.006122448979591855  -0.09183673469387754 
    8950.15683572813   6965.721965980023  0.01836734693877551  -0.09183673469387754 
  10106.233222472398   5989.361847094312 0.030612244897959162  -0.09183673469387754 
  11261.109860111126   5003.437171642419  0.04285714285714287  -0.09183673469387754 
  12414.150052057481  4008.4980799864593 0.055102040816326525  -0.09183673469387754 
  13564.715527146067   3005.103354658549  0.06734693877551018  -0.09183673469387754 
  14712.166439145267  1993.8204208960203  0.07959183673469389  -0.09183673469387754 
  15855.861366045929   975.2253471895815  0.09183673469387754  -0.09183673469387754 
  16995.157309496128   -50.0971541506261   0.1040816326530612  -0.09183673469387754 
   18129.40969432034 -1081.5537264193592   0.1163265306122449  -0.09183673469387754 
  19257.972367776332 -2118.5423679143055  0.12857142857142856  -0.09183673469387754 
   20380.19759904805 -3160.4524313284037   0.1408163265306122  -0.09183673469387754 
  -10165.24440220425    19929.2378109762   359.82244897959185  -0.07959183673469389 
   -9073.32778145249  19164.310410264206   359.83469387755105  -0.07959183673469389 
  -7972.445955060944   18382.34265447157    359.8469387755102  -0.07959183673469389 
  -6863.211901934675  17583.749132404104    359.8591836734694  -0.07959183673469389 
 -5746.2401664529525   16768.95306873016   359.87142857142857  -0.07959183673469389 
 -4622.1468589961505  15938.386324254454   359.88367346938776  -0.07959183673469389 
  -3491.549656501224  15092.489396233683   359.89591836734695  -0.07959183673469389 
 -2355.0678029859573  14231.711418671866   359.90816326530614  -0.07959183673469389 
 -1213.3221101303614  13356.510162675262    359.9204081632653  -0.07959183673469389 
   -66.9349577856169  12467.352036765133   359.93265306122447  -0.07959183673469389 
  1083.4697054135902  11564.712087290512   359.94489795918366  -0.07959183673469389 
   2237.266361548165  10649.073998764492   359.95714285714286  -0.07959183673469389 
    3393.82792283479   9720.930094265002   359.96938775510205  -0.07959183673469389 
   4552.525731048206   8780.781335867836   359.98163265306124  -0.07959183673469389 
   5712.729556969571   7829.137325046914   359.99387755102043  -0.07959183673469389 
  6873.8075998109225   6866.516303144261 0.006122448979591855  -0.07959183673469389 
    8035.12648665751   5893.445151787053  0.01836734693877551  -0.07959183673469389 
   9196.051271876484   4910.459393399939 0.030612244897959162  -0.07959183673469389 
   10355.94543655631   3918.103191673921  0.04285714285714287  -0.07959183673469389 
  11514.170887905035  2916.9293520774527 0.055102040816326525  -0.07959183673469389 
   12670.08795868468  1907.4993223759327  0.06734693877551018  -0.07959183673469389 
  13823.055406611174   890.3831931693135  0.07959183673469389  -0.07959183673469389 
  14972.430413794425 -133.84030155814924  0.09183673469387754  -0.07959183673469389 
  16117.568586089885 -1164.5837838661819   0.1040816326530612  -0.07959183673469389 
  17257.823952588216  -2201.251231278118   0.1163265306122449  -0.07959183673469389 
  18392.548964934093 -3243.2379761786165  0.12857142857142856  -0.07959183673469389 
  19521.094496762802  -4289.930705197664   0.1408163265306122  -0.07959183673469389 
  -13301.20833136332  20461.947744435714   359.79795918367347   -0.0673469387755102 
 -12227.714741440494   19722.74933972885   359.81020408163266   -0.0673469387755102 
 -11143.839149227777  18965.857278364787   359.82244897959185   -0.0673469387755102 
 -10050.192802753125  18191.671541698066   359.83469387755105   -0.0673469387755102 
    -8947.3885142993   17400.60074648724    359.8469387755102   -0.0673469387755102 
  -7836.040660940237  16593.062145143125    359.8591836734694   -0.0673469387755102 
 -6716.7651850934635  15769.481626013881   359.87142857142857   -0.0673469387755102 
  -5590.179595047567  14930.293713661598   359.88367346938776   -0.0673469387755102 
  -4456.902965515887  14075.941569171531   359.89591836734695   -0.0673469387755102 
  -3317.555938165771   13206.87699045735   359.90816326530614   -0.0673469387755102 
 -2172.7607222030065  12323.560412624278    359.9204081632653   -0.0673469387755102 
 -1023.1410948861671  11426.460908288818   359.93265306122447   -0.0673469387755102 
  130.67759788122672  10516.056187964994   359.94489795918366   -0.0673469387755102 
  1288.0684410205704   9592.832600447875   359.95714285714286   -0.0673469387755102 
  2448.4029496992944    8657.28513318887   359.96938775510205   -0.0673469387755102 
  3611.0510687600395   7709.917412742952   359.98163265306124   -0.0673469387755102 
   4775.381172183698   6751.241705165909   359.99387755102043   -0.0673469387755102 
   5940.760062466827   5781.778916493076 0.006122448979591855   -0.0673469387755102 
   7106.552970125442    4802.05859316382  0.01836734693877551   -0.0673469387755102 
   8272.123553023472  3812.6189225285243 0.030612244897959162   -0.0673469387755102 
   9436.833895888578   2814.006733328039  0.04285714285714287   -0.0673469387755102 
  10600.044509649846   1806.777496203915 0.055102040816326525   -0.0673469387755102 
  11761.114330901266    791.495324224202  0.06734693877551018   -0.0673469387755102 
  12919.400721285649 -231.26702657640513  0.07959183673469389   -0.0673469387755102 
  14074.259466946787 -1260.9281566426741  0.09183673469387754   -0.0673469387755102 
  15225.044777874215   -2296.89802232275   0.1040816326530612   -0.0673469387755102 
   16371.10928737039  -3338.577935286237   0.1163265306122449   -0.0673469387755102 
   17511.80405139487  -4385.360561914938  0.12857142857142856   -0.0673469387755102 
   18646.47854799851  -5436.629922688796   0.1408163265306122   -0.0673469387755102 
  19774.480676699648  -6491.761391544624  0.15306122448979592   -0.0673469387755102 
 -15355.265409187758  20227.222778392163    359.7857142857143 -0.055102040816326525 
  -14291.84818024418  19496.503112294195   359.79795918367347 -0.055102040816326525 
 -13217.241079473948  18747.849560436145   359.81020408163266 -0.055102040816326525 
 -12132.055189854736  17981.656132437816   359.82244897959185 -0.055102040816326525 
 -11036.903157947465  17198.325473137884   359.83469387755105 -0.055102040816326525 
  -9932.399194430633   16398.26886284551    359.8469387755102 -0.055102040816326525 
  -8819.159074636475   15581.90621759074    359.8591836734694 -0.055102040816326525 
  -7697.800139111518  14749.666089422839   359.87142857142857 -0.055102040816326525 
  -6568.941294134298  13901.985666671262   359.88367346938776 -0.055102040816326525 
  -5433.203012283329  13039.310774279968   359.89591836734695 -0.055102040816326525 
  -4291.207332959236  12162.095874100201   359.90816326530614 -0.055102040816326525 
  -3143.577862975402  11270.804065264396    359.9204081632653 -0.055102040816326525 
 -1990.9397770728242  10365.907084505345   359.93265306122447 -0.055102040816326525 
  -833.9198185130507   9447.885306555194   359.94489795918366 -0.055102040816326525 
   326.8537003730121   8517.227744524504   359.95714285714286 -0.055102040816326525 
   1490.750897657177   7574.432050283448   359.96938775510205 -0.055102040816326525 
  2657.1403211470633   6620.004514902835   359.98163265306124 -0.055102040816326525 
  3825.3889479584736   5654.460069087214   359.99387755102043 -0.055102040816326525 
   4994.862183809343   4678.322283612444 0.006122448979591855 -0.055102040816326525 
   6164.923862544953   3692.123369785619  0.01836734693877551 -0.055102040816326525 
   7334.936245482983   2696.404179946817 0.030612244897959162 -0.055102040816326525 
   8504.260020874308  1691.7142079487464  0.04285714285714287 -0.055102040816326525 
   9672.254303351096   678.6115896756309 0.055102040816326525 -0.055102040816326525 
  10838.276633239935 -342.33689643117833  0.06734693877551018 -0.055102040816326525 
  12001.682976055545  -1370.555828826547  0.07959183673469389 -0.055102040816326525 
   13161.82772188732 -2405.4611423045917  0.09183673469387754 -0.055102040816326525 
  14318.063684828412     -3446.460127423   0.1040816326530612 -0.055102040816326525 
  15469.742102293008  -4492.951429908821   0.1163265306122449 -0.055102040816326525 
  16616.212634512365  -5544.325050053854  0.12857142857142856 -0.055102040816326525 
  17756.823363869116  -6599.962342093581   0.1408163265306122 -0.055102040816326525 
  18890.920794338886  -7659.236013564898  0.15306122448979592 -0.055102040816326525 
  20017.849850814535  -8721.510124650487  0.16530612244897958 -0.055102040816326525 
 -17407.342139992692    19972.8253844697    359.7734693877551  -0.04285714285714287 
 -16355.239014259627  19250.771094424526    359.7857142857143  -0.04285714285714287 
 -15291.135658976462  18510.549808793505   359.79795918367347  -0.04285714285714287 
 -14215.642992979108  17752.549565563295   359.81020408163266  -0.04285714285714287 
 -13129.373498007499  16977.167037773408   359.82244897959185  -0.04285714285714287 
 -12032.941219250204  16184.807533757139   359.83469387755105  -0.04285714285714287 
 -10926.961765873537  15375.884997386696    359.8469387755102  -0.04285714285714287 
  -9812.052311559259  14550.822008328836    359.8591836734694  -0.04285714285714287 
  -8688.831595063899  13710.049782339553   359.87142857142857  -0.04285714285714287 
  -7557.919920749406  12854.008171547368   359.88367346938776  -0.04285714285714287 
 -6419.9391591414205  11983.145664771539   359.89591836734695  -0.04285714285714287 
 -5275.5127474592955   11097.91938782944   359.90816326530614  -0.04285714285714287 
  -4125.265690208915  10198.795103913522    359.9204081632653  -0.04285714285714287 
 -2969.8245596975767    9286.24721391297   359.93265306122447  -0.04285714285714287 
 -1809.8174966282054   8360.758756814203   359.94489795918366  -0.04285714285714287 
  -645.8742106486765   7422.821410080548   359.95714285714286  -0.04285714285714287 
   521.3740191042061   6472.935490044028   359.96938775510205  -0.04285714285714287 
  1691.2943433662501    5511.60995235622   359.98163265306124  -0.04285714285714287 
   2863.252342283002    4539.36239240238   359.99387755102043  -0.04285714285714287 
    4036.61202473356   3556.719045763969 0.006122448979591855  -0.04285714285714287 
  5210.7358278000065   2564.214788675536  0.01836734693877551  -0.04285714285714287 
   6384.984616191888  1562.3931385274586 0.030612244897959162  -0.04285714285714287 
    7558.71768164214   551.8062543507222  0.04285714285714287  -0.04285714285714287 
   8731.292742345262  -466.9850626578889 0.055102040816326525  -0.04285714285714287 
   9902.065942337973 -1493.4113686092867  0.06734693877551018  -0.04285714285714287 
  11070.391850934158  -2526.894576373551  0.07959183673469389  -0.04285714285714287 
  12235.623462124438 -3566.8479550134844  0.09183673469387754  -0.04285714285714287 
  13397.112193958335   -4612.67612921019   0.1040816326530612  -0.04285714285714287 
  14554.207887971745  -5663.775078664705   0.1163265306122449  -0.04285714285714287 
  15706.258808584043 -6719.5321374882205  0.12857142857142856  -0.04285714285714287 
   16852.61164245694  -7779.325993575446   0.1408163265306122  -0.04285714285714287 
  17992.611497911752  -8842.526687964017  0.15306122448979592  -0.04285714285714287 
  19125.601904332718  -9908.495614172547  0.16530612244897958  -0.04285714285714287 
  20250.924811533736 -10976.585517532007  0.17755102040816323  -0.04285714285714287 
 -19454.998786909902  19699.061359581716    359.7612244897959 -0.030612244897959162 
  -18415.45530124651     18985.849669295    359.7734693877551 -0.030612244897959162 
  -17363.09873877922   18254.24499290425    359.7857142857143 -0.030612244897959162 
 -16298.539855116434  17504.629396852928   359.79795918367347 -0.030612244897959162 
 -15222.390968095295   16737.39358248796   359.81020408163266 -0.030612244897959162 
 -14135.265958319256  15952.936886282429   359.82244897959185 -0.030612244897959162 
 -13037.780269696255  15151.667280071651   359.83469387755105 -0.030612244897959162 
 -11930.550909968024  14334.001371298455    359.8469387755102 -0.030612244897959162 
 -10814.196451252998  13500.364403277457    359.8591836734694 -0.030612244897959162 
   -9689.33703061489  12651.190255501446   359.87142857142857 -0.030612244897959162 
  -8556.594350581754   11786.92144391258   359.88367346938776 -0.030612244897959162 
  -7416.591679715487  10908.009121235176   359.89591836734695 -0.030612244897959162 
  -6269.953853141192  10014.913077284835   359.90816326530614 -0.030612244897959162 
  -5117.307273139426    9108.10173934358    359.9204081632653 -0.030612244897959162 
   -3959.27990966613   8188.052172490412   359.93265306122447 -0.030612244897959162 
  -2796.501300948631   7255.250080005801   359.94489795918366 -0.030612244897959162 
 -1629.6025540358305   6310.189803753344   359.95714285714286 -0.030612244897959162 
  -459.2163453511837   5353.374324574361   359.96938775510205 -0.030612244897959162 
   714.0230787072703   4385.315262746328   359.98163265306124 -0.030612244897959162 
  1889.4799012161352  3406.5328783878385   359.99387755102043 -0.030612244897959162 
  3066.5167341209167  2417.5560719541313 0.006122448979591855 -0.030612244897959162 
   4244.494617693448  1418.9223846597126  0.01836734693877551 -0.030612244897959162 
   5422.773019980488   411.1779990101232 0.030612244897959162 -0.030612244897959162 
   6600.709836070935   -605.122260715286  0.04285714285714287 -0.030612244897959162 
    7777.66138769259 -1629.4149279383616 0.055102040816326525 -0.030612244897959162 
   8952.982422510135 -2661.1278932477117  0.06734693877551018 -0.030612244897959162 
  10126.026113558097  -3699.680403848051  0.07959183673469389 -0.030612244897959162 
  11296.144058646703   -4744.48306299082  0.09183673469387754 -0.030612244897959162 
   12462.68627976469  -5794.937829396925   0.1040816326530612 -0.030612244897959162 
  13625.001222468138  -6850.438016649295   0.1163265306122449 -0.030612244897959162 
  14782.435755294493  -7910.368292590106  0.12857142857142856 -0.030612244897959162 
   15934.33516912477  -8974.104678675452   0.1408163265306122 -0.030612244897959162 
  17080.043176588766 -10041.014549344029  0.15306122448979592 -0.030612244897959162 
   18218.90191147053 -11110.456631350544  0.16530612244897958 -0.030612244897959162 
   19350.25192804581 -12181.781003081016  0.17755102040816323 -0.030612244897959162 
  20473.432200540297 -13254.329093872047  0.18979591836734694 -0.030612244897959162 
 -20470.038856915984  18702.059638730527    359.7612244897959  -0.01836734693877551 
 -19430.679930060614  17979.246500585512    359.7734693877551  -0.01836734693877551 
  -18378.30318155826   17238.19760015298    359.7857142857143  -0.01836734693877551 
 -17313.520766268615   16479.29766718087   359.79795918367347  -0.01836734693877551 
 -16236.946401128656   15702.94006638304   359.81020408163266  -0.01836734693877551 
 -15149.195365693608  14909.526797666444   359.82244897959185  -0.01836734693877551 
 -14050.884502685774  14099.468496379293   359.83469387755105  -0.01836734693877551 
 -12942.632218515275  13273.184433549848    359.8469387755102  -0.01836734693877551 
 -11825.058483835299   12431.10251616567    359.8591836734694  -0.01836734693877551 
   -10698.7848340976  11573.659287466473   359.87142857142857  -0.01836734693877551 
  -9564.434370087969   10701.29992723571   359.88367346938776  -0.01836734693877551 
  -8422.631758492065   9814.478252129866   359.89591836734695  -0.01836734693877551 
  -7274.003232427001   8913.656715992658   359.90816326530614  -0.01836734693877551 
  -6119.176592033163   7999.306410230457    359.9204081632653  -0.01836734693877551 
  -4958.781205002031   7071.907064153909   359.93265306122447  -0.01836734693877551 
  -3793.448007164406   6131.947045373431   359.94489795918366  -0.01836734693877551 
   -2623.80950305462   5179.923360200753   359.95714285714286  -0.01836734693877551 
 -1450.4997664566633   4216.341654037681   359.96938775510205  -0.01836734693877551 
  -274.1544410087806  3241.7162118310007   359.98163265306124  -0.01836734693877551 
   904.5892592396234   2256.569958504925   359.99387755102043  -0.01836734693877551 
   2085.092549245032  1261.4344594249915 0.006122448979591855  -0.01836734693877551 
  3266.7150723848176   256.8499208608568  0.01836734693877551  -0.01836734693877551 
   4448.814899898338  -756.6348095028328 0.030612244897959162  -0.01836734693877551 
   5630.748530246039 -1778.4622420695657  0.04285714285714287  -0.01836734693877551 
   6811.870888590915 -2808.0662448056346 0.055102040816326525  -0.01836734693877551 
  7991.5353261284545  -3844.872042703028  0.06734693877551018  -0.01836734693877551 
    9169.09361955991  -4888.296217219559  0.07959183673469389  -0.01836734693877551 
  10343.895970460495  -5937.746705715466  0.09183673469387754  -0.01836734693877551 
  11515.291004648836  -6992.622800858147   0.1040816326530612  -0.01836734693877551 
   12682.62577168059  -8052.315150030444   0.1163265306122449  -0.01836734693877551 
  13845.245744107098  -9116.205754701476  0.12857142857142856  -0.01836734693877551 
   15002.49481698372 -10183.667969802087   0.1408163265306122  -0.01836734693877551 
  16153.715307193117 -11254.066503069185  0.15306122448979592  -0.01836734693877551 
  17298.247952833703 -12326.757414383075  0.16530612244897958  -0.01836734693877551 
  18435.431912636843  -13401.08811508608  0.17755102040816323  -0.01836734693877551 
  19564.604765291282 -14476.397367285277  0.18979591836734694  -0.01836734693877551 
  -20452.46413571063   16953.58056862178    359.7734693877551 -0.006122448979591855 
  -19400.30185088044    16203.1962707612    359.7857142857143 -0.006122448979591855 
  -18335.52929962066  15435.124638747706   359.79795918367347 -0.006122448979591855 
 -17258.761598067224  14649.761700668743   359.81020408163266 -0.006122448979591855 
 -16170.615424826832   13847.51211987763   359.82244897959185 -0.006122448979591855 
 -15071.709021521681  13028.789195239635   359.83469387755105 -0.006122448979591855 
 -13962.662193331584   12194.01486139074    359.8469387755102 -0.006122448979591855 
 -12844.096309526938  11343.619689000792    359.8591836734694 -0.006122448979591855 
  -11716.63430404633   10478.04288508679   359.87142857142857 -0.006122448979591855 
 -10580.900676020861   9597.732293297153   359.88367346938776 -0.006122448979591855 
  -9437.521490347759   8703.144394249004   359.89591836734695 -0.006122448979591855 
  -8287.124378224082   7794.744305846809   359.90816326530614 -0.006122448979591855 
  -7130.338537734255   6873.005783656385    359.9204081632653 -0.006122448979591855 
  -5967.794734393136   5938.411221260486   359.93265306122447 -0.006122448979591855 
 -4800.1253017155295    4991.45165064215   359.94489795918366 -0.006122448979591855 
 -3627.9641418094193  4032.6267426115146   359.95714285714286 -0.006122448979591855 
 -2451.9467258952027   3062.444807172959   359.96938775510205 -0.006122448979591855 
  -1272.710094932679   2081.422794004032   359.98163265306124 -0.006122448979591855 
  -90.89286017315592  1090.0862928832396   359.99387755102043 -0.006122448979591855 
  1092.8647962596347   88.96953415495834 0.006122448979591855 -0.006122448979591855 
  2277.9211207638505  -921.3846107959362  0.01836734693877551 -0.006122448979591855 
  3463.6327877473254 -1940.4246290370675 0.030612244897959162 -0.006122448979591855 
   4649.354898916868  -2967.590365585803  0.04285714285714287 -0.006122448979591855 
  5834.4409827907175  -4002.313022877993 0.055102040816326525 -0.006122448979591855 
   7018.242994069102  -5044.015160228347  0.06734693877551018 -0.006122448979591855 
   8200.111313014202   -6092.11069326946  0.07959183673469389 -0.006122448979591855 
   9379.394744890053  -7146.004893384196  0.09183673469387754 -0.006122448979591855 
  10555.440519326814  -8205.094387100264   0.1040816326530612 -0.006122448979591855 
  11727.594289742847  -9268.767155506215   0.1163265306122449 -0.006122448979591855 
  12895.200132693666 -10336.402533606253  0.12857142857142856 -0.006122448979591855 
  14057.600547325887 -11407.371209700785   0.1408163265306122 -0.006122448979591855 
  15214.136454680973 -12481.035224727148  0.15306122448979592 -0.006122448979591855 
  16364.147197152759 -13556.747971586361  0.16530612244897958 -0.006122448979591855 
  17506.970537812893 -14633.854194464486  0.17755102040816323 -0.006122448979591855 
   18641.94265983103  -15711.68998812733  0.18979591836734694 -0.006122448979591855 
  19768.398165801842 -16789.582797210875  0.20204081632653065 -0.006122448979591855 
 -20428.535164014214  15149.822588079913    359.7857142857143  0.006122448979591855 
 -19364.007271460865   14372.69455928185   359.79795918367347  0.006122448979591855 
 -18287.279774115716  13578.445397528063   359.81020408163266  0.006122448979591855 
 -17198.970749731754  12767.482429626747   359.82244897959185  0.006122448979591855 
 -16099.699838931643  11940.221617978565   359.83469387755105  0.006122448979591855 
  -14990.08824575254  11097.087560838194    359.8469387755102  0.006122448979591855 
  -13870.75873817951   10238.51349258256    359.8591836734694  0.006122448979591855 
 -12742.335648726466   9364.941284026534   359.87142857142857  0.006122448979591855 
 -11605.444874961315   8476.821442711816   359.88367346938776  0.006122448979591855 
 -10460.713880082381   7574.613113247002   359.89591836734695  0.006122448979591855 
  -9308.771693453642   6658.784077630169   359.90816326530614  0.006122448979591855 
  -8150.248911193393  5729.8107556275845    359.9204081632653  0.006122448979591855 
  -6985.777696721636   4788.178205130105   359.93265306122447  0.006122448979591855 
  -5815.991781329743     3834.3801225469   359.94489795918366  0.006122448979591855 
  -4641.526464768839  2868.9188432201886   359.95714285714286  0.006122448979591855 
 -3463.0186157905755   1892.305341820586   359.96938775510205  0.006122448979591855 
  -2281.106672753687    905.059232808194   359.98163265306124  0.006122448979591855 
 -1096.4306441914428  -92.29122912778612   359.99387755102043  0.006122448979591855 
   90.36789060756978 -1099.2091485981127 0.006122448979591855  0.006122448979591855 
   1278.645781016215  -2115.148989040458  0.01836734693877551  0.006122448979591855 
  2467.7583044804737   -3139.55657220592 0.030612244897959162  0.006122448979591855 
  3657.0591659070064  -4171.869077648142  0.04285714285714287  0.006122448979591855 
   4845.900497108078  -5211.515042203548 0.055102040816326525  0.006122448979591855 
   6033.632856178391  -6257.914359428226  0.06734693877551018  0.006122448979591855 
   7219.605226904516  -7310.478279046546  0.07959183673469389  0.006122448979591855 
   8403.165018162908   -8368.60940637296  0.09183673469387754  0.006122448979591855 
   9583.658063303814  -9431.701701713397   0.1040816326530612  0.006122448979591855 
   10760.42861956489 -10499.140479758533   0.1163265306122449  0.006122448979591855 
  11932.819367418155 -11570.302408960379  0.12857142857142856  0.006122448979591855 
  13100.171410033405 -12644.555510886514   0.1408163265306122  0.006122448979591855 
  14261.824272573256 -13721.259159569037  0.15306122448979592  0.006122448979591855 
   15417.11590163901 -14799.764080822175  0.16530612244897958  0.006122448979591855 
  16565.382664590365  -15879.41235156402  0.17755102040816323  0.006122448979591855 
  17705.959349004872  -16959.53739911084  0.18979591836734694  0.006122448979591855 
   18838.17916195613 -18039.464000448992  0.20204081632653065  0.006122448979591855 
   19961.37372942293 -19118.508281508603  0.21428571428571425  0.006122448979591855 
 -20398.387406671878  13292.605905786408   359.79795918367347   0.01836734693877551 
 -19321.935053183184  12489.592298418214   359.81020408163266   0.01836734693877551 
 -18233.696863239427  11670.041532908554   359.82244897959185   0.01836734693877551 
  -17134.29387656625  10834.372235212391   359.83469387755105   0.01836734693877551 
 -16024.348696145296   9983.011667216848    359.8469387755102   0.01836734693877551 
 -14904.485488775756   9116.395727031246    359.8591836734694   0.01836734693877551 
 -13775.329985635337   8234.968949291326   359.87142857142857   0.01836734693877551 
 -12637.509482821408   7339.184505461599   359.88367346938776   0.01836734693877551 
 -11491.652841923778   6429.504204174573   359.89591836734695   0.01836734693877551 
 -10338.390490560685   5506.398491556831   359.90816326530614   0.01836734693877551 
  -9178.354422976208   4570.346451616355    359.9204081632653   0.01836734693877551 
  -8012.178200576111   3621.835806591823   359.93265306122447   0.01836734693877551 
 -6840.4969525169045   2661.362917365069   359.94489795918366   0.01836734693877551 
  -5663.947376282577  1689.4327838659926   359.95714285714286   0.01836734693877551 
  -4483.167738231304   706.5590454774863   359.96938775510205   0.01836734693877551 
 -3298.7978742063865  -286.7360184985628   359.98163265306124   0.01836734693877551 
  -2111.479190105125 -1289.9214884033377   359.99387755102043   0.01836734693877551 
  -921.8546624541766  -2302.457803736962 0.006122448979591855   0.01836734693877551 
   269.4311610047758 -3323.7967626937157  0.01836734693877551   0.01836734693877551 
  1461.7321606768376  -4353.381521636453 0.030612244897959162   0.01836734693877551 
  2654.4006446039803  -5390.646594586571  0.04285714285714287   0.01836734693877551 
   3846.787347821331  -6435.017852695636 0.055102040816326525   0.01836734693877551 
     5038.2414317408  -7485.912523682698  0.06734693877551018   0.01836734693877551 
   6228.110483593386  -8542.739191278968  0.07959183673469389   0.01836734693877551 
   7415.740515782412  -9604.897794647753  0.09183673469387754   0.01836734693877551 
   8600.475965331378 -10671.779627774315   0.1040816326530612   0.01836734693877551 
   9781.659693191667  -11742.76733886323   0.1163265306122449   0.01836734693877551 
  10958.632983766329 -12817.234929712142  0.12857142857142856   0.01836734693877551 
  12130.735544093557 -13894.547755054304   0.1408163265306122   0.01836734693877551 
  13297.305503413503 -14974.062521907483  0.15306122448979592   0.01836734693877551 
  14457.679412487827  -16055.12728889591  0.16530612244897958   0.01836734693877551 
   15611.19224290713 -17137.081465558214  0.17755102040816323   0.01836734693877551 
   16757.17738656455 -18219.255811640447  0.18979591836734694   0.01836734693877551 
  17894.966654957447 -19300.972436365373  0.20204081632653065   0.01836734693877551 
  19023.890278584375 -20381.544797698927  0.21428571428571425   0.01836734693877551 
 -20362.152467364926  11383.817774620878   359.81020408163266  0.030612244897959162 
 -19274.220196486498  10555.807465554373   359.82244897959185  0.030612244897959162 
 -18174.918964484063   9711.861747402376   359.83469387755105  0.030612244897959162 
 -17064.872773396506   8852.410545714403    359.8469387755102  0.030612244897959162 
 -15944.707188917015    7977.89242234729    359.8591836734694  0.030612244897959162 
 -14815.049340990832   7088.754575790399   359.87142857142857  0.030612244897959162 
 -13676.527924334381   6185.452841459928   359.88367346938776  0.030612244897959162 
  -12529.77319901911   5268.451692045645   359.89591836734695  0.030612244897959162 
 -11375.416991007516   4338.224237840449   359.90816326530614  0.030612244897959162 
 -10214.092692756794  3395.2522271332496    359.9204081632653  0.030612244897959162 
  -9046.435263747373   2440.026046557256   359.93265306122447  0.030612244897959162 
  -7873.081231089161  1473.0447215133495   359.94489795918366  0.030612244897959162 
  -6694.668690080954   494.8159165698264   359.95714285714286  0.030612244897959162 
  -5511.837304770413 -494.14406412239583   359.96938775510205  0.030612244897959162 
 -4325.2283085746185 -1493.3102763626712   359.98163265306124  0.030612244897959162 
  -3135.484504824237 -2502.1491354557743   359.99387755102043  0.030612244897959162 
 -1943.2502673800611  -3520.118415733356 0.006122448979591855  0.030612244897959162 
  -749.1715411917013  -4546.667250076408  0.01836734693877551  0.030612244897959162 
   446.1041570878517  -5581.236129383228 0.030612244897959162  0.030612244897959162 
  1641.9277385096457  -6623.256902070245  0.04285714285714287  0.030612244897959162 
   2837.648541244561  -7672.152773521366 0.055102040816326525  0.030612244897959162 
  4032.6143299680552   -8727.33830554253  0.06734693877551018  0.030612244897959162 
   5226.171295282364  -9788.219415785165  0.07959183673469389  0.030612244897959162 
   6417.664053058289  -10854.19337716271  0.09183673469387754  0.030612244897959162 
   7606.435643887762 -11924.648817254747   0.1040816326530612  0.030612244897959162 
   8791.827532428935 -12998.965717682457   0.1163265306122449  0.030612244897959162 
   9973.179606823805 -14076.515413486608  0.12857142857142856  0.030612244897959162 
  11149.830178037975 -15156.660592462753   0.1408163265306122  0.030612244897959162 
  12321.115979288861 -16238.755294512746  0.15306122448979592  0.030612244897959162 
  13486.372165383365  -17322.14491095423  0.16530612244897958  0.030612244897959162 
   14644.93231211057 -18406.166183833397  0.17755102040816323  0.030612244897959162 
  15796.128415622657 -19490.147205209705  0.18979591836734694  0.030612244897959162 
 -20319.958088369975   9425.412493802458   359.82244897959185   0.04285714285714287 
 -19220.993840627045   8573.325085438357   359.83469387755105   0.04285714285714287 
 -18111.080614370032    7705.92179195778    359.8469387755102   0.04285714285714287 
 -16990.845374300745   6823.643838999448    359.8591836734694   0.04285714285714287 
 -15860.916649211471   5926.941088927787   359.87142857142857   0.04285714285714287 
 -14721.924532535177   5016.272041144578   359.88367346938776   0.04285714285714287 
  -13574.50068291628   4092.103832432192   359.89591836734695   0.04285714285714287 
  -12419.27832475088   3154.912237288802   359.90816326530614   0.04285714285714287 
 -11256.892248800767  2205.1816683266034    359.9204081632653   0.04285714285714287 
 -10087.978812710817  1243.4051766204154   359.93265306122447   0.04285714285714287 
  -8913.175941624932   270.0844521370344   359.94489795918366   0.04285714285714287 
  -7733.123128749525     -714.2701758619   359.95714285714286   0.04285714285714287 
    -6548.4614359087 -1709.1397384014126   359.96938775510205   0.04285714285714287 
  -5359.833494166099  -2713.996626321773   359.98163265306124   0.04285714285714287 
  -4167.883504386122  -3728.304589833571   359.99387755102043   0.04285714285714287 
 -2973.2572378260493  -4751.518738026128 0.006122448979591855   0.04285714285714287 
  -1776.602036722128  -5783.085538396861  0.01836734693877551   0.04285714285714287 
  -578.5668148937172  -6822.442816308995 0.030612244897959162   0.04285714285714287 
   620.1979416689155   -7869.01975449549  0.04285714285714287   0.04285714285714287 
   1819.040174192184  -8922.236892497409 0.055102040816326525   0.04285714285714287 
   3017.306250538875  -9981.506126113198  0.06734693877551018   0.04285714285714287 
   4214.340964588547  -11046.23070683077  0.07959183673469389   0.04285714285714287 
   5409.487535617035 -12115.805241228032  0.09183673469387754   0.04285714285714287 
   6602.087607722088 -13189.615690380046   0.1040816326530612   0.04285714285714287 
   7791.481249185945 -14267.039369228014   0.1163265306122449   0.04285714285714287 
   8977.006951834386 -15347.444945947222  0.12857142857142856   0.04285714285714287 
   10158.00163047833 -16430.192441299823   0.1408163265306122   0.04285714285714287 
  11333.800622227816 -17514.633227956998  0.15306122448979592   0.04285714285714287 
  12503.737685916392 -18600.110029823332  0.16530612244897958   0.04285714285714287 
   13667.14500144425 -19685.956921332283  0.17755102040816323   0.04285714285714287 
 -20271.928150262767    7419.41141123945   359.83469387755105  0.055102040816326525 
 -19162.383263383574   6544.197232632923    359.8469387755102  0.055102040816326525 
 -18042.312488166346   5654.304468531245    359.8591836734694  0.055102040816326525 
 -16912.345752365138  4750.1856452112015   359.87142857142857  0.055102040816326525 
 -15773.114548204301   3832.301926088012   359.88367346938776  0.055102040816326525 
 -14625.251933007647  2901.1231120774014   359.89591836734695  0.055102040816326525 
  -13469.39252969648  1957.1276419232802   359.90816326530614  0.055102040816326525 
 -12306.172527420213  1000.8025926030218    359.9204081632653  0.055102040816326525 
 -11136.229682080231  32.643679681422796   359.93265306122447  0.055102040816326525 
   -9960.20331694272    -946.84474225774   359.94489795918366  0.055102040816326525 
  -8778.734323206725 -1937.1496792055314   359.95714285714286  0.055102040816326525 
  -7592.465160560049 -2937.7494973050925   359.96938775510205  0.055102040816326525 
  -6402.039857801315 -3948.1139223773816   359.98163265306124  0.055102040816326525 
  -5208.104013398142   -4967.70403946618   359.99387755102043  0.055102040816326525 
  -4011.304796103952  -5995.972292360009 0.006122448979591855  0.055102040816326525 
 -2812.2909455161703  -7032.362483098764  0.01836734693877551  0.055102040816326525 
 -1611.7127726979736  -8076.309771435406 0.030612244897959162  0.055102040816326525 
 -410.22216077169736  -9127.240674337609  0.04285714285714287  0.055102040816326525 
   791.5274344852763 -10184.573065417948 0.055102040816326525  0.055102040816326525 
  1992.8809840437114 -11247.716174391495  0.06734693877551018  0.055102040816326525 
  3193.1818849664055 -12316.070586489106  0.07959183673469389  0.055102040816326525 
   4391.771959885268 -13389.028241856262  0.09183673469387754  0.055102040816326525 
   5587.991456323983 -14465.972434969408   0.1040816326530612  0.055102040816326525 
   6781.179046091742 -15546.277813992334   0.1163265306122449  0.055102040816326525 
   7970.671824668581  -16629.31038013402  0.12857142857142856  0.055102040816326525 
   9155.805310603777 -17714.427487009016   0.1408163265306122  0.055102040816326525 
  10335.913444854812  -18800.97783995466  0.15306122448979592  0.055102040816326525 
  11510.328590203715  -19888.30149534149  0.16530612244897958  0.055102040816326525 
 -20218.182671619077   5367.902926107366    359.8469387755102   0.06734693877551018 
  -19098.51188074808   4470.543034203107    359.8591836734694   0.06734693877551018 
 -17968.741399605526   3559.159632892191   359.87142857142857   0.06734693877551018 
 -16829.504119333487  2634.2165496466932   359.88367346938776   0.06734693877551018 
 -15681.434496000895  1696.1862495474747   359.89591836734695   0.06734693877551018 
  -14525.16855115363   745.5498356282335   359.90816326530614   0.06734693877551018 
 -13361.343872425035 -217.20295072123267    359.9204081632653   0.06734693877551018 
  -12190.59961406115 -1191.5737293993718   359.93265306122447   0.06734693877551018 
  -11013.57649754131 -2177.0554811512393   359.94489795918366   0.06734693877551018 
  -9830.916812142244  -3173.132547165208   359.95714285714286   0.06734693877551018 
  -8643.264415501133  -4179.280628642792   359.96938775510205   0.06734693877551018 
  -7451.264734234778  -5194.966786320148   359.98163265306124   0.06734693877551018 
  -6255.564764513005 -6219.6494400181855   359.99387755102043   0.06734693877551018 
  -5056.813072650337  -7252.778368142775 0.006122448979591855   0.06734693877551018 
  -3855.659795693951  -8293.794707205754  0.01836734693877551   0.06734693877551018 
 -2652.7566420328594  -9342.130951274152 0.030612244897959162   0.06734693877551018 
 -1448.7568919968444 -10397.210951468625  0.04285714285714287   0.06734693877551018 
 -244.31539845387312  -11458.44991539961 0.055102040816326525   0.06734693877551018 
   959.9114125804534 -12525.254406596347  0.06734693877551018   0.06734693877551018 
  2163.2655413295206 -13597.022343942457  0.07959183673469389   0.06734693877551018 
  3365.0874136828847 -14673.143001073431  0.09183673469387754   0.06734693877551018 
   4564.715880474858 -15752.997005757217   0.1040816326530612   0.06734693877551018 
   5761.488217024914  -16835.95633927296   0.1163265306122449   0.06734693877551018 
   6954.740122352866  -17921.38433576687  0.12857142857142856   0.06734693877551018 
   8143.805718704303 -19008.635681602846   0.1408163265306122   0.06734693877551018 
    9328.01755080799 -20097.056414657727  0.15306122448979592   0.06734693877551018 
 -20158.837808676813   3273.042491649051    359.8591836734694   0.07959183673469389 
  -19029.49924661519  2354.5486726355925   359.87142857142857   0.07959183673469389 
 -17890.490300516292  1422.7041976203357   359.88367346938776   0.07959183673469389 
  -16742.44682530835  477.98419589364175   359.89591836734695   0.07959183673469389 
 -15586.006241250609 -479.12756517893695   359.90816326530614   0.07959183673469389 
  -14421.80753454708 -1448.1386797496175    359.9204081632653   0.07959183673469389 
 -13250.491257878271  -2428.548103124694   359.93265306122447   0.07959183673469389 
  -12072.69953103613 -3419.8461513301127   359.94489795918366   0.07959183673469389 
 -10889.076041452834  -4421.514500689909   359.95714285714286   0.07959183673469389 
  -9700.266044807204   -5433.02618740409   359.96938775510205   0.07959183673469389 
  -8506.916365622736  -6453.845607061032   359.98163265306124   0.07959183673469389 
  -7309.675397848364  -7483.428514185464   359.99387755102043   0.07959183673469389 
  -6109.193105452391  -8521.222021734775 0.006122448979591855   0.07959183673469389 
  -4906.121023011544   -9566.66460061616  0.01836734693877551   0.07959183673469389 
 -3701.1122563221165 -10619.186079131981 0.030612244897959162   0.07959183673469389 
 -2494.8214830022034 -11678.207642476975  0.04285714285714287   0.07959183673469389 
 -1287.9049530882737  -12743.14183215911 0.055102040816326525   0.07959183673469389 
  -81.02048964996008  -13813.39254545131  0.06734693877551018   0.07959183673469389 
  1125.1725106067029 -14888.355034799528  0.07959183673469389   0.07959183673469389 
   2330.013076706877  -15967.41590721143  0.09183673469387754   0.07959183673469389 
  3532.8386628207245  -17049.95312366266   0.1040816326530612   0.07959183673469389 
   4732.985147607179 -18135.335998447066   0.1163265306122449   0.07959183673469389 
   5929.786833637948 -19222.925198539288  0.12857142857142856   0.07959183673469389 
    7122.57644672716  -20312.07274293315   0.1408163265306122   0.07959183673469389 
  -20094.00585497939  1137.0526182046895   359.87142857142857   0.09183673469387754 
 -18955.461052383125  198.46738895235723   359.88367346938776   0.09183673469387754 
  -17807.67828048187  -752.7778646458661   359.89591836734695   0.09183673469387754 
  -16651.29635834938 -1716.1967108475417   359.90816326530614   0.09183673469387754 
 -15486.955670846042 -2691.2940792961367    359.9204081632653   0.09183673469387754 
 -14315.298169197893 -3677.5662606594524   359.93265306122447   0.09183673469387754 
 -13136.967371565643  -4674.500906179736   359.94489795918366   0.09183673469387754 
 -11952.608363654252  -5681.577027263725   359.95714285714286   0.09183673469387754 
 -10762.867799264333  -6698.264995045875   359.96938775510205   0.09183673469387754 
  -9568.393900913456  -7724.026539901055   359.98163265306124   0.09183673469387754 
  -8369.836460414477  -8758.314750987338   359.99387755102043   0.09183673469387754 
  -7167.846839474584   -9800.57407574062 0.006122448979591855   0.09183673469387754 
  -5963.077970283018 -10850.240319385224  0.01836734693877551   0.09183673469387754 
  -4756.184356128385 -11906.740644383055 0.030612244897959162   0.09183673469387754 
  -3547.822071995782 -12969.493569912664  0.04285714285714287   0.09183673469387754 
  -2338.648765173283  -14037.90897130725 0.055102040816326525   0.09183673469387754 
 -1129.3236558617743 -15111.388079481205  0.06734693877551018   0.09183673469387754 
   79.49246222221672 -16189.323480336016  0.07959183673469389   0.09183673469387754 
  1287.1372211815633 -17271.099114178644  0.09183673469387754   0.09183673469387754 
  2492.9466784105293  -18356.09027507631   0.1040816326530612   0.09183673469387754 
   3696.255315880618   -19443.6636102454   0.1163265306122449   0.09183673469387754 
 -20023.795240983163 -1037.7771235531945   359.88367346938776    0.1040816326530612 
 -18876.509126604993  -1995.380513926667   359.89591836734695    0.1040816326530612 
  -17720.42056644088  -2964.935517769292   359.90816326530614    0.1040816326530612 
 -16556.171344125658 -3945.9444001682127    359.9204081632653    0.1040816326530612 
  -15384.40480949443  -4937.900787094357   359.93265306122447    0.1040816326530612 
 -14205.765879197928  -5940.289664954559   359.94489795918366    0.1040816326530612 
 -13020.901037288866  -6952.587380175478   359.95714285714286    0.1040816326530612 
 -11830.458335775724  -7974.261638759104   359.96938775510205    0.1040816326530612 
 -10635.087395261458  -9004.771505800012   359.98163265306124    0.1040816326530612 
  -9435.439405514373 -10043.567405022632   359.99387755102043    0.1040816326530612 
  -8232.167126060769 -11090.091118262246 0.006122448979591855    0.1040816326530612 
  -7025.924886789073  -12143.77578498475  0.01836734693877551    0.1040816326530612 
  -5817.368588562016 -13204.045901726951 0.030612244897959162    0.1040816326530612 
 -4607.1557038153305 -14270.317321569793  0.04285714285714287    0.1040816326530612 
 -3395.9452771683164 -15341.997253576226 0.055102040816326525    0.1040816326530612 
  -2184.397926034651 -16418.484262213653  0.06734693877551018    0.1040816326530612 
  -973.1758412368084  -17499.16826675454  0.07959183673469389    0.1040816326530612 
  237.05721237826876 -18583.430540689646  0.09183673469387754    0.1040816326530612 
  1445.6358952904116 -19670.643711090313   0.1040816326530612    0.1040816326530612 
 -19948.310533643657 -3249.0900991474914   359.89591836734695    0.1163265306122449 
 -18792.751434522997  -4224.607667628393   359.90816326530614    0.1163265306122449 
 -17628.828522280222  -5211.350658405063    359.9204081632653    0.1163265306122449 
 -16457.186545465207  -6208.810032697831   359.93265306122447    0.1163265306122449 
 -15278.471819306345  -7216.468112018947   359.94489795918366    0.1163265306122449 
 -14093.332226292552  -8233.798577750993   359.95714285714286    0.1163265306122449 
 -12902.417216734872  -9260.266470699366   359.96938775510205    0.1163265306122449 
 -11706.377809416643  -10295.32819061582   359.98163265306124    0.1163265306122449 
 -10505.866592128368 -11338.431495700415   359.99387755102043    0.1163265306122449 
  -9301.537722320098 -12389.015502127113 0.006122448979591855    0.1163265306122449 
  -8094.046927660379  -13446.51068352066  0.01836734693877551    0.1163265306122449 
 -6884.0515066661455  -14510.33887040211 0.030612244897959162    0.1163265306122449 
  -5672.210329313187  -15579.91324968035  0.04285714285714287    0.1163265306122449 
  -4459.183837629658  -16654.63836404979 0.055102040816326525    0.1163265306122449 
 -3245.6340463226156 -17733.910111433634  0.06734693877551018    0.1163265306122449 
 -2032.2245433922706 -18817.115744391343  0.07959183673469389    0.1163265306122449 
  -819.6204907480599 -19903.633869490066  0.09183673469387754    0.1163265306122449 
 -19867.652435954675  -5494.462606623566   359.90816326530614   0.12857142857142856 
 -18704.292077681574  -6486.759634503551    359.9204081632653   0.12857142857142856 
 -17533.009648375308  -7489.538112131047   359.93265306122447   0.12857142857142856 
 -16354.452861935892  -8502.277696064088   359.94489795918366   0.12857142857142856 
 -15169.270999373788  -9524.449402573116   359.95714285714286   0.12857142857142856 
 -13978.114909408836 -10555.515607209521   359.96938775510205   0.12857142857142856 
 -12781.637009070335    -11594.930044294   359.98163265306124   0.12857142857142856 
 -11580.491284286516 -12642.137806449637   359.99387755102043   0.12857142857142856 
 -10375.333290500326   -13696.5753440958 0.006122448979591855   0.12857142857142856 
  -9166.820153249948 -14757.670464936335  0.01836734693877551   0.12857142857142856 
  -7955.610568798167 -15824.842333403656 0.030612244897959162   0.12857142857142856 
  -6742.364804734765  -16897.50147012741  0.04285714285714287   0.12857142857142856 
  -5527.744700586424  -17975.04975135624 0.055102040816326525   0.12857142857142856 
  -4312.413668433441 -19056.880408373192  0.06734693877551018   0.12857142857142856 
 -3097.0366935321003  -20142.37802691086  0.07959183673469389   0.12857142857142856 
  -19781.91778651337  -7771.403872611098    359.9204081632653    0.1408163265306122 
 -18611.231293405723  -8779.314903640385   359.93265306122447    0.1408163265306122 
  -17433.06758114201  -9796.945629293135   359.94489795918366    0.1408163265306122 
 -16248.077329364649 -10823.764400672015   359.95714285714286    0.1408163265306122 
 -15056.912785266184 -11859.230927988672   359.96938775510205    0.1408163265306122 
 -13860.227764237092 -12902.796280076918   359.98163265306124    0.1408163265306122 
 -12658.677650419262  -13953.90288389723   359.99387755102043    0.1408163265306122 
 -11452.919397340076 -15011.984524037342 0.006122448979591855    0.1408163265306122 
 -10243.611528494233 -16076.466342197378  0.01836734693877551    0.1408163265306122 
   -9031.41413797442 -17146.764836630835 0.030612244897959162    0.1408163265306122 
  -7816.988891075004  -18222.28786161022  0.04285714285714287    0.1408163265306122 
  -6600.999024896548  -19302.43462682662 0.055102040816326525    0.1408163265306122 
  -5384.109348982082 -20386.595696844044  0.06734693877551018    0.1408163265306122 
  -19691.19955898042 -10077.356048222166   359.93265306122447   0.15306122448979592 
 -18513.665454341284 -11099.684886595911   359.94489795918366   0.15306122448979592 
 -17329.102092532106  -12130.95388067275   359.95714285714286   0.15306122448979592 
 -16138.163119334018 -13170.620075269051   359.96938775510205   0.15306122448979592 
 -14941.503748569019  -14218.13187364274   359.98163265306124   0.15306122448979592 
 -13739.780762690021 -15272.929037018352   359.99387755102043   0.15306122448979592 
 -12533.652513402922 -16334.442684076865 0.006122448979591855   0.15306122448979592 
 -11323.778922245821 -17402.095290430992  0.01836734693877551   0.15306122448979592 
 -10110.821481223262  -18475.30068806112 0.030612244897959162   0.15306122448979592 
   -8895.44325341681 -19553.464064782896  0.04285714285714287   0.15306122448979592 
 -19595.586861603977 -12409.694204674961   359.94489795918366   0.16530612244897958 
  -18411.68706791965 -13445.213912947955   359.95714285714286   0.16530612244897958 
 -17221.209089491324 -14488.876452930417   359.96938775510205   0.16530612244897958 
 -16024.809538674495 -15540.127562235717   359.98163265306124   0.16530612244897958 
 -14823.146596324244 -16598.404336275446   359.99387755102043   0.16530612244897958 
 -13616.880012406853  -17663.13522773295 0.006122448979591855   0.16530612244897958 
  -12406.67110659341  -18733.74004604664  0.01836734693877551   0.16530612244897958 
 -11193.182768894274  -19809.62995684373 0.030612244897959162   0.16530612244897958 
 -19495.164936629168 -14765.726328715875   359.95714285714286   0.17755102040816323 
 -18305.384775789415 -15813.179225623498   359.96938775510205   0.17755102040816323 
  -17109.48061343245 -16867.959843783454   359.98163265306124   0.17755102040816323 
 -15908.112028904035 -17929.502612711203   359.99387755102043   0.17755102040816323 
 -14701.940170522092 -18997.233319008916 0.006122448979591855   0.17755102040816323 
 -13491.627756179034 -20070.569105851628  0.01836734693877551   0.17755102040816323 
 -19390.015159726932 -17142.693317844165   359.96938775510205   0.18979591836734694 
   -18194.8433532682 -18200.790975966807   359.98163265306124   0.18979591836734694 
 -16994.004839654754 -19265.383457025247   359.99387755102043   0.18979591836734694 
 -15788.162165653423 -20335.893881459986 0.006122448979591855   0.18979591836734694 
 -20474.416123513856 -18476.569412985675   359.96938775510205   0.20204081632653065 
  -19280.21503941626 -19537.768975266692   359.98163265306124   0.20204081632653065 
