\ This script generates Case-3 astrometry challenges. The telescope used in this
\ challenge is affected by distortion. Artificial sources tiled in a grid
\ pattern are generated. A list of source positions on the focal plane and
\ original ICRS coordinates is provided. Solve the position angle and distortion
\ parameters.
\pointing_ra=0.0
\pointing_dec=0.0
\position_angle=185.1243978289002
\sip_c[0,2]=-1.1509935774223028e-07
\sip_c[1,1]=-6.006386899188049e-08
\sip_c[1,2]=-2.916937497932768e-12
\sip_c[2,0]=-6.01706612229397e-08
\sip_c[2,1]=1.8522781845089377e-11
\sip_c[2,2]=-1.3497224737933922e-17
\sip_d[0,2]=-1.2208436499710222e-07
\sip_d[1,1]=-1.9596701238797755e-07
\sip_d[1,2]=-1.3281860488984305e-11
\sip_d[2,0]=1.9686123586912353e-08
\sip_d[2,1]=7.384665799954104e-12
\sip_d[2,2]=1.713682811899705e-16
|                  x|                  y|                  ra|                  dec|
|             double|             double|              double|               double|
|                 um|                 um|                 deg|                  deg|
|               null|               null|                null|                 null|
 -19635.829880083504  19590.172515508555    359.8591836734694  -0.16530612244897958 
 -18102.122805337363   19704.26571708954   359.87142857142857  -0.16530612244897958 
 -16567.348748717795  19818.941582452648   359.88367346938776  -0.16530612244897958 
 -15031.471696208251   19934.22508559884   359.89591836734695  -0.16530612244897958 
 -13494.455648269919   20050.14139372634   359.90816326530614  -0.16530612244897958 
 -11956.264619844002  20166.715867243343    359.9204081632653  -0.16530612244897958 
  -10416.86264027051   20283.97405980187   359.93265306122447  -0.16530612244897958 
   -8876.21375330535   20401.94171833212   359.94489795918366  -0.16530612244897958 
 -19507.662772423195  18011.616489745567    359.8591836734694  -0.15306122448979592 
  -17971.76956217251  18128.627353955177   359.87142857142857  -0.15306122448979592 
 -16434.939138019472  18246.144998842723   359.88367346938776  -0.15306122448979592 
 -14897.135400877736  18364.193333231236   359.89591836734695  -0.15306122448979592 
 -13358.322266216526  18482.796459079345   359.90816326530614  -0.15306122448979592 
 -11818.463664070858   18601.97867150272    359.9204081632653  -0.15306122448979592 
 -10277.523538958292   18721.76445880585   359.93265306122447  -0.15306122448979592 
  -8735.465849889717  18842.178502503575   359.94489795918366  -0.15306122448979592 
  -7192.254570316412  18963.245677345705   359.95714285714286  -0.15306122448979592 
    -5647.8536880851  19084.991051361878   359.96938775510205  -0.15306122448979592 
  -4102.227205435444   19207.43988586579   359.98163265306124  -0.15306122448979592 
  -2555.339138949478   19330.61763550841   359.99387755102043  -0.15306122448979592 
 -1007.1535195256839   19454.54994828501 0.006122448979591855  -0.15306122448979592 
   542.3656076748008   19579.26266557911  0.01836734693877551  -0.15306122448979592 
  2093.2541832159004  19704.781822190038 0.030612244897959162  -0.15306122448979592 
  3645.5481334641872  19831.133646349357  0.04285714285714287  -0.15306122448979592 
      5199.283370594  19958.344559779114 0.055102040816326525  -0.15306122448979592 
   6754.495792650477   20086.44117768687  0.06734693877551018  -0.15306122448979592 
   8311.221283509663   20215.45030882874  0.07959183673469389  -0.15306122448979592 
   9869.495712994443  20345.398955528988  0.09183673469387754  -0.15306122448979592 
   11429.35493689902   20476.31431369728   0.1040816326530612  -0.15306122448979592 
  -19379.41262809352  16434.576026391725    359.8591836734694  -0.14081632653061224 
 -17841.375248840497  16554.340703980073   359.87142857142857  -0.14081632653061224 
 -16302.530728032969   16674.54014794131   359.88367346938776  -0.14081632653061224 
 -14762.842881533366   16795.19720184437   359.89591836734695  -0.14081632653061224 
 -13222.275539830342    16916.3349023295   359.90816326530614  -0.14081632653061224 
 -11680.792548071147  17037.976479152294    359.9204081632653  -0.14081632653061224 
 -10138.357765956935  17160.145355187145   359.93265306122447  -0.14081632653061224 
  -8594.935067774426   17282.86514647603   359.94489795918366  -0.14081632653061224 
  -7050.488342330342   17406.15966223639   359.95714285714286  -0.14081632653061224 
  -5504.981492904357   17530.05290489373   359.96938775510205  -0.14081632653061224 
 -3958.3784372587133   17654.56907011749   359.98163265306124  -0.14081632653061224 
 -2410.6431075740784  17779.732546837327   359.99387755102043  -0.14081632653061224 
   -861.739450430372  17905.567917261826 0.006122448979591855  -0.14081632653061224 
   688.3685732452153   18032.09995692777  0.01836734693877551  -0.14081632653061224 
   2239.716988174231  18159.353634726296 0.030612244897959162  -0.14081632653061224 
  3792.3418047950563  18287.354112909543  0.04285714285714287  -0.14081632653061224 
   5346.279019284969   18416.12674713798 0.055102040816326525  -0.14081632653061224 
   6901.564613557696  18545.697086511613  0.06734693877551018  -0.14081632653061224 
   8458.234555374689  18676.090873581667  0.07959183673469389  -0.14081632653061224 
  10016.324798280128  18807.334044402556  0.09183673469387754  -0.14081632653061224 
  11575.871281720849   18939.45272854964   0.1040816326530612  -0.14081632653061224 
  13136.909931024493  19072.473249148607   0.1163265306122449  -0.14081632653061224 
  14699.476657436344  19206.422122914406  0.12857142857142856  -0.14081632653061224 
  16263.607358181202   19341.32606017733   0.1408163265306122  -0.14081632653061224 
  17829.337916448876  19477.211964914237  0.15306122448979592  -0.14081632653061224 
    19396.7042014863  19614.106934782463  0.16530612244897958  -0.14081632653061224 
  -19251.08752939321  14859.008246753163    359.8591836734694  -0.12857142857142856 
  -17710.94803129233  14981.363955830831   359.87142857142857  -0.12857142857142856 
 -16170.131768378238   15104.08628575135   359.88367346938776  -0.12857142857142856 
 -14628.602471470458  15227.197014743557   359.89591836734695  -0.12857142857142856 
 -13086.323886097436  15350.718114060279   359.90816326530614  -0.12857142857142856 
  -11543.25977252427  15474.671748012743    359.9204081632653  -0.12857142857142856 
  -9999.373905662165  15599.080273992677   359.93265306122447  -0.12857142857142856 
   -8454.63007508003  15723.966242491264   359.94489795918366  -0.12857142857142856 
  -6908.992084956991  15849.352397132523   359.95714285714286  -0.12857142857142856 
  -5362.423754025387   15975.26167469178   359.96938775510205  -0.12857142857142856 
  -3814.888915579511  16101.717205122664   359.98163265306124  -0.12857142857142856 
 -2266.3514174159154  16228.742311579634   359.99387755102043  -0.12857142857142856 
  -716.7751218153473  16356.360510453096 0.006122448979591855  -0.12857142857142856 
   833.8760945148223   16484.59551138875  0.01836734693877551  -0.12857142857142856 
  2385.6383404470967  16613.471217313407 0.030612244897959162  -0.12857142857142856 
   3938.547710449448  16743.011724462496  0.04285714285714287  -0.12857142857142856 
   5492.640284675321  16873.241322419777 0.055102040816326525  -0.12857142857142856 
   7047.952128974326  17004.184494122856  0.06734693877551018  -0.12857142857142856 
   8604.519294865046  17135.865915912913  0.07959183673469389  -0.12857142857142856 
  10162.377819657224   17268.31045754311  0.09183673469387754  -0.12857142857142856 
   11721.56372643532  17401.543182228514   0.1040816326530612  -0.12857142857142856 
  13282.113024088636  17535.589346658187   0.1163265306122449  -0.12857142857142856 
  14844.061707350726  17670.474401036434  0.12857142857142856  -0.12857142857142856 
   16407.44575686841   17806.22398910091   0.1408163265306122  -0.12857142857142856 
  17972.301139162308   17942.86394816873  0.15306122448979592  -0.12857142857142856 
   19538.66380669215  18080.420309152305  0.16530612244897958  -0.12857142857142856 
  -19122.69557373409  13284.870465779126    359.8591836734694   -0.1163265306122449 
 -17580.496090605426  13409.655491749994   359.87142857142857   -0.1163265306122449 
 -16037.750523812085   13534.74286178172   359.88367346938776   -0.1163265306122449 
 -14494.422519137255  13660.153288677671   359.89591836734695   -0.1163265306122449 
 -12950.475737166957  13785.907678230042   359.90816326530614   -0.1163265306122449 
 -11405.873853301002   13912.02712923743    359.9204081632653   -0.1163265306122449 
  -9860.580557667943  14038.532933529945   359.93265306122447   -0.1163265306122449 
  -8314.559555143203  14165.446575996815   359.94489795918366   -0.1163265306122449 
  -6767.774565286082  14292.789734595764   359.95714285714286   -0.1163265306122449 
  -5220.189322297663   14420.58428039208   359.96938775510205   -0.1163265306122449 
  -3671.767575022887  14548.852277575399   359.98163265306124   -0.1163265306122449 
  -2122.473086890728  14677.615983481226   359.99387755102043   -0.1163265306122449 
  -572.2696358959623  14806.897848618946 0.006122448979591855   -0.1163265306122449 
   978.8789854650746  14936.720516701575  0.01836734693877551   -0.1163265306122449 
   2531.008970151388  15067.106824655219 0.030612244897959162   -0.1163265306122449 
   4084.156496709833  15198.079802673146  0.04285714285714287   -0.1163265306122449 
   5638.357729255173  15329.662674206897 0.055102040816326525   -0.1163265306122449 
   7193.648817474538  15461.878856018073  0.06734693877551018   -0.1163265306122449 
   8750.065896710275  15594.751958195031  0.07959183673469389   -0.1163265306122449 
  10307.645087975885  15728.305784185723  0.09183673469387754   -0.1163265306122449 
   11866.42249796366  15862.564330815696   0.1040816326530612   -0.1163265306122449 
  13426.434219146317  15997.551788323672   0.1163265306122449   -0.1163265306122449 
  14987.716329722121  16133.292540385843  0.12857142857142856   -0.1163265306122449 
  16550.304893698223   16269.81116415024   0.1408163265306122   -0.1163265306122449 
  18114.235960903243  16407.132430257694  0.15306122448979592   -0.1163265306122449 
  19679.545567068177  16545.281302874875  0.16530612244897958   -0.1163265306122449 
 -18994.244873637792  11712.120192012932    359.8591836734694  -0.10408163265306122 
  -17450.02762298719  11839.173887512743   359.87142857142857  -0.10408163265306122 
 -15905.395274235052   11966.46951900904   359.88367346938776  -0.10408163265306122 
 -14360.311388145774   12094.02673380479   359.89591836734695  -0.10408163265306122 
 -12814.739540370507  12221.865372150052   359.90816326530614  -0.10408163265306122 
 -11268.643321462314  12350.005467262505    359.9204081632653  -0.10408163265306122 
  -9721.986336784792  12478.467245347023   359.93265306122447  -0.10408163265306122 
  -8174.732206523203   12607.27112560972   359.94489795918366  -0.10408163265306122 
   -6626.84456564403  12736.437720297406   359.95714285714286  -0.10408163265306122 
  -5078.287063828534  12865.987834701844   359.96938775510205  -0.10408163265306122 
  -3529.023365488068  12995.942467194183   359.98163265306124  -0.10408163265306122 
 -1979.0171496999992  13126.322809238822   359.99387755102043  -0.10408163265306122 
  -428.2321101901265  13257.150245422212 0.006122448979591855  -0.10408163265306122 
  1123.3680447260815  13388.446353470783  0.01836734693877551  -0.10408163265306122 
  2675.8195921366973  13520.232904291108 0.030612244897959162  -0.10408163265306122 
   4229.158794583801  13652.531861969612  0.04285714285714287  -0.10408163265306122 
   5783.421900108392  13785.365383810115 0.055102040816326525  -0.10408163265306122 
    7338.64514228903  13918.755820365996  0.06734693877551018  -0.10408163265306122 
   8894.864740223773  14052.725715450279  0.07959183673469389  -0.10408163265306122 
  10452.116898629456  14187.297806168763  0.09183673469387754  -0.10408163265306122 
  12010.437807817276  14322.495022955178   0.1040816326530612  -0.10408163265306122 
  13569.863643776975  14458.340489571196   0.1163265306122449  -0.10408163265306122 
  15130.430568149186   14594.85752316465  0.12857142857142856  -0.10408163265306122 
   16692.17472832986  14732.069634273139   0.1408163265306122  -0.10408163265306122 
  18255.132257431153  14870.000526865455  0.15306122448979592  -0.10408163265306122 
  19819.339274370184  15008.674098360643  0.16530612244897958  -0.10408163265306122 
 -20411.689004871263  10011.719350514044    359.8469387755102  -0.09183673469387754 
  -18865.74355675637   10140.71512756158    359.8591836734694  -0.09183673469387754 
 -17319.550839789135   10269.87791239217   359.87142857142857  -0.09183673469387754 
 -15773.074314706915  10399.226093845755   359.88367346938776  -0.09183673469387754 
 -14226.277457272112  10528.778253648157   359.89591836734695  -0.09183673469387754 
 -12679.123758222104   10658.55316643822   359.90816326530614  -0.09183673469387754 
 -11131.576723267712  10788.569799773124    359.9204081632653  -0.09183673469387754 
  -9583.599873026067   10918.84731416679   359.93265306122447  -0.09183673469387754 
  -8035.156743010411  11049.405063084176   359.94489795918366  -0.09183673469387754 
  -6486.210883604655  11180.262592992423   359.95714285714286  -0.09183673469387754 
  -4936.725859988006   11311.43964335668   359.96938775510205  -0.09183673469387754 
 -3386.6652521522715  11442.956146671453   359.98163265306124  -0.09183673469387754 
 -1835.9926548408569   11574.83222848293   359.99387755102043  -0.09183673469387754 
  -284.6716775267046  11707.088207404413 0.006122448979591855  -0.09183673469387754 
    1267.33405564727    11839.7445951464  0.01836734693877551  -0.09183673469387754 
  2820.0609058417913  11972.822096530772 0.030612244897959162  -0.09183673469387754 
  4373.5452196209935  12106.341609521483  0.04285714285714287  -0.09183673469387754 
   5927.823328955196  12240.324225239776 0.055102040816326525  -0.09183673469387754 
  7482.9315512426465  12374.791227995533  0.06734693877551018  -0.09183673469387754 
   9038.906189346431  12509.764095304552  0.07959183673469389  -0.09183673469387754 
  10595.783531645711  12645.264497913258  0.09183673469387754  -0.09183673469387754 
  12153.599852073938  12781.314299830141   0.1040816326530612  -0.09183673469387754 
  13712.391410099992  12917.935558342353   0.1163265306122449  -0.09183673469387754 
  15272.194450828263  13055.150524044486  0.12857142857142856  -0.09183673469387754 
   16833.04520497442  13192.981640865339   0.1408163265306122  -0.09183673469387754 
    18394.9798889401  13331.451546090773  0.15306122448979592  -0.09183673469387754 
   19958.03470479496  13470.583070391549  0.16530612244897958  -0.09183673469387754 
  -20285.20997488185   8439.615209687458    359.8469387755102  -0.07959183673469389 
 -18737.199765866684   8570.613168046935    359.8591836734694  -0.07959183673469389 
 -17189.073967502114   8701.726529111475   359.87142857142857  -0.07959183673469389 
 -15640.795955446862   8832.972616095347   359.88367346938776  -0.07959183673469389 
 -14092.329120480195   8964.368945072036   359.89591836734695  -0.07959183673469389 
 -12543.636868428668   9095.933224986215   359.90816326530614  -0.07959183673469389 
 -10994.682620190573   9227.683357675596    359.9204081632653  -0.07959183673469389 
  -9445.429811633521   9359.637437879695   359.93265306122447  -0.07959183673469389 
  -7895.841893633977   9491.813753277953   359.94489795918366  -0.07959183673469389 
  -6345.882331995686   9624.230784484562   359.95714285714286  -0.07959183673469389 
  -4795.514607413814   9756.907205083195   359.96938775510205  -0.07959183673469389 
 -3244.7022154777555   9889.861881641335   359.98163265306124  -0.07959183673469389 
 -1693.4086666122548  10023.113873735148   359.99387755102043  -0.07959183673469389 
 -141.59748605382987   10156.68243396006 0.006122448979591855  -0.07959183673469389 
   1410.767786208609   10290.58700796313  0.01836734693877551  -0.07959183673469389 
  2963.7235953999093  10424.847234449982 0.030612244897959162  -0.07959183673469389 
  4517.3063720819855  10559.482945219732  0.04285714285714287  -0.07959183673469389 
   6071.552532131646  10694.514165182482 0.055102040816326525  -0.07959183673469389 
    7626.49847674063   10829.96111237308  0.06734693877551018  -0.07959183673469389 
   9182.180592546883  10965.844197987766  0.07959183673469389  -0.07959183673469389 
  10738.635251575752  11102.184026387358  0.09183673469387754  -0.07959183673469389 
  12295.898811316065  11239.001395148869   0.1040816326530612  -0.07959183673469389 
  13854.007614769991  11376.317295056953   0.1163265306122449  -0.07959183673469389 
  15412.997990408745  11514.152910149829  0.12857142857142856  -0.07959183673469389 
  16972.906252304125  11652.529617736878   0.1408163265306122  -0.07959183673469389 
  18533.768700094035   11791.46898841744  0.15306122448979592  -0.07959183673469389 
  20095.621619018017   11930.99278611662  0.16530612244897958  -0.07959183673469389 
  -20158.65446459455   6868.933577689039    359.8469387755102   -0.0673469387755102 
  -18608.62165888776  7001.7724025724665    359.8591836734694   -0.0673469387755102 
 -17058.605247768748   7134.678893810409   359.87142857142857   -0.0673469387755102 
 -15508.568521841125   7267.669308915478   359.88367346938776   -0.0673469387755102 
  -13958.47478690459   7400.760098225587   359.89591836734695   -0.0673469387755102 
 -12408.287363896387  7533.9679049220995   359.90816326530614   -0.0673469387755102 
 -10857.969588906242   7667.309565044195    359.9204081632653   -0.0673469387755102 
   -9307.48481308874   7800.802107508989   359.93265306122447   -0.0673469387755102 
  -7756.796402670266   7934.462754120167   359.94489795918366   -0.0673469387755102 
 -6205.8677389073955   8068.308919596062   359.95714285714286   -0.0673469387755102 
 -4654.6622180227705    8202.35821157763   359.96938775510205   -0.0673469387755102 
  -3103.143251222947   8336.628430660207   359.98163265306124   -0.0673469387755102 
   -1551.27426462491   8471.137570390814   359.99387755102043   -0.0673469387755102 
  0.9813007586178113   8605.903817304195 0.006122448979591855   -0.0673469387755102 
  1553.6599890532232   8740.945550941009  0.01836734693877551   -0.0673469387755102 
  3106.7983295625763   8876.281343851462 0.030612244897959162   -0.0673469387755102 
   4660.432836816726   9011.929961642576  0.04285714285714287   -0.0673469387755102 
   6214.600010557175   9147.910362968618 0.055102040816326525   -0.0673469387755102 
   7769.336335808495   9284.241699572445  0.06734693877551018   -0.0673469387755102 
    9324.67828290455   9420.943316293806  0.07959183673469389   -0.0673469387755102 
  10880.662307528302    9558.03475110592  0.09183673469387754   -0.0673469387755102 
  12437.324850732493   9695.535735116797   0.1040816326530612   -0.0673469387755102 
  13994.702338942308   9833.466192602657   0.1163265306122449   -0.0673469387755102 
  15552.831184073342   9971.846241038218  0.12857142857142856   -0.0673469387755102 
  17111.747783494426  10110.696191101344   0.1408163265306122   -0.0673469387755102 
  18671.488520057163  10250.036546704632  0.15306122448979592   -0.0673469387755102 
  20232.089762177042  10389.888005026742  0.16530612244897958   -0.0673469387755102 
  -20032.03056334632   5299.631670064767    359.8469387755102 -0.055102040816326525 
 -18480.017408884505   5434.151113681194    359.8591836734694 -0.055102040816326525 
  -16928.15293740599   5568.694356012761   359.87142857142857 -0.055102040816326525 
 -15376.400354452404   5703.276588782169   359.88367346938776 -0.055102040816326525 
  -13824.72288087743   5837.913196522033   359.89591836734695 -0.055102040816326525 
 -12273.083752737171   5972.619756574697   359.90816326530614 -0.055102040816326525 
  -10721.44622132933   6107.412039112739    359.9204081632653 -0.055102040816326525 
  -9169.773553098206   6242.306007154609   359.93265306122447 -0.055102040816326525 
   -7618.02902964996   6377.317816577581   359.94489795918366 -0.055102040816326525 
  -6066.175947702678  6512.4638161383755   359.95714285714286 -0.055102040816326525 
  -4514.177619024544   6647.760547483445   359.96938775510205 -0.055102040816326525 
 -2961.9973704489985   6783.224745171329   359.98163265306124 -0.055102040816326525 
 -1409.5985438085645  6918.8733366841525   359.99387755102043 -0.055102040816326525 
  143.05550408226458   7054.723442446653 0.006122448979591855 -0.055102040816326525 
  1696.0014014911126   7190.792375849256  0.01836734693877551 -0.055102040816326525 
  3249.2757617218804   7327.097643255647 0.030612244897959162 -0.055102040816326525 
   4802.915183289863    7463.65694403491  0.04285714285714287 -0.055102040816326525 
    6356.95624978392   7600.488170560168 0.055102040816326525 -0.055102040816326525 
   7911.435530030041    7737.60940825234  0.06734693877551018 -0.055102040816326525 
   9466.389578055881   7875.038935581351  0.07959183673469389 -0.055102040816326525 
   11021.85493317437   8012.795224088674  0.09183673469387754 -0.055102040816326525 
  12577.868119960856   8150.896938418961   0.1040816326530612 -0.055102040816326525 
  14134.465648302217   8289.362936319254   0.1163265306122449 -0.055102040816326525 
  15691.684013495173   8428.212268686168  0.12857142857142856 -0.055102040816326525 
  17249.559696200537   8567.464179562154   0.1408163265306122 -0.055102040816326525 
   18808.12916244602   8707.138106173976  0.15306122448979592 -0.055102040816326525 
   20367.42886380359   8847.253678947745  0.16530612244897958 -0.055102040816326525 
 -19905.346375603873   3731.666895820706    359.8469387755102  -0.04285714285714287 
 -18351.395204079614   3867.707777317595    359.8591836734694  -0.04285714285714287 
  -16797.72530838202  4003.7324585747874   359.87142857142857  -0.04285714285714287 
 -15244.299809036947    4139.75506545529   359.88367346938776  -0.04285714285714287 
 -13691.081841938128   4275.789916600032   359.89591836734695  -0.04285714285714287 
 -12138.034558282163   4411.851523441385   359.90816326530614  -0.04285714285714287 
  -10585.12112459143   4547.954590216033    359.9204081632653  -0.04285714285714287 
  -9032.304722621411   4684.114013981537   359.93265306122447  -0.04285714285714287 
 -7479.5485493662645   4820.344884622752   359.94489795918366  -0.04285714285714287 
  -5926.815817021554   4956.662484875805   359.95714285714286  -0.04285714285714287 
  -4374.069752916347   5093.082290336207   359.96938775510205  -0.04285714285714287 
 -2821.2735995284747  5229.6199694768675   359.98163265306124  -0.04285714285714287 
 -1268.3906144211114  5366.2913836645475   359.99387755102043  -0.04285714285714287 
  284.61592978202134   5503.112587167386 0.006122448979591855  -0.04285714285714287 
  1837.7827454270916   5640.099827184999  0.01836734693877551  -0.04285714285714287 
  3391.1465298966355   5777.269543856958 0.030612244897959162  -0.04285714285714287 
   4944.743965567911   5914.638370277993  0.04285714285714287  -0.04285714285714287 
   6498.611719939124   6052.223132519857 0.055102040816326525  -0.04285714285714287 
   8052.786445559097   6190.040849642206  0.06734693877551018  -0.04285714285714287 
    9607.30478019407   6328.108733720638  0.07959183673469389  -0.04285714285714287 
  11162.203346700691   6466.444189858953  0.09183673469387754  -0.04285714285714287 
  12717.518753200147   6605.064816203885   0.1040816326530612  -0.04285714285714287 
  14273.287593046105   6743.988403972154   0.1163265306122449  -0.04285714285714287 
    15829.5464448263   6883.232937465904  0.12857142857142856  -0.04285714285714287 
  17386.331872499173   7022.816594092434   0.1408163265306122  -0.04285714285714287 
   18943.68042530961   7162.757744384183  0.15306122448979592  -0.04285714285714287 
 -19778.610020990778   2164.996857388718    359.8469387755102 -0.030612244897959162 
 -18222.763247845316  2302.4010627849752    359.8591836734694 -0.030612244897959162 
 -16667.330647855335  2439.7529376601874   359.87142857142857 -0.030612244897959162 
 -15112.275256524788  2577.0655419321333   359.88367346938776 -0.030612244897959162 
 -13557.560124815664  2714.3521282782895   359.89591836734695 -0.030612244897959162 
 -12003.148319079368     2851.6261421483   359.90816326530614 -0.030612244897959162 
 -10449.002921073095  2988.9012217727222    359.9204081632653 -0.030612244897959162 
  -8895.087027872436  3126.1911981794856   359.93265306122447 -0.030612244897959162 
 -7341.3637518839205   3263.510095202734   359.94489795918366 -0.030612244897959162 
  -5787.796220791227  3400.8721294973793   359.95714285714286 -0.030612244897959162 
  -4234.347577500319  3538.2917105524225   359.96938775510205 -0.030612244897959162 
  -2680.980980153315   3675.783440707714   359.98163265306124 -0.030612244897959162 
 -1127.6596020544632  3813.3621151575803   359.99387755102043 -0.030612244897959162 
  425.65336833341536  3951.0427219794565 0.006122448979591855 -0.030612244897959162 
  1978.9947274739166   4088.840442139043  0.01836734693877551 -0.030612244897959162 
   3532.401256695239   4226.770649510111 0.030612244897959162 -0.030612244897959162 
   5085.909722344142   4364.848910883931  0.04285714285714287 -0.030612244897959162 
   6639.556875707964   4503.090985987694 0.055102040816326525 -0.030612244897959162 
   8193.379453141035   4641.512827510067  0.06734693877551018 -0.030612244897959162 
   9747.414176028626   4780.130581103339  0.07959183673469389 -0.030612244897959162 
  11301.697750837324   4918.960585405866  0.09183673469387754 -0.030612244897959162 
  12856.266869173987   5058.019372061897   0.1040816326530612 -0.030612244897959162 
  14411.158207809805   5197.323665737224   0.1163265306122449 -0.030612244897959162 
  15966.408428697898   5336.890384136115  0.12857142857142856 -0.030612244897959162 
   17522.05417899394   5476.736638017944   0.1408163265306122 -0.030612244897959162 
    19078.1320911513   5616.879731225197  0.15306122448979592 -0.030612244897959162 
 -19651.829634268524   599.5793505818936    359.8469387755102  -0.01836734693877551 
 -18094.129758732073   738.1898327127858    359.8591836734694  -0.01836734693877551 
   -16536.9772581626   876.7157226950098   359.87142857142857  -0.01836734693877551 
 -14980.335083061203  1015.1690144225284   359.88367346938776  -0.01836734693877551 
 -13424.166199471798  1153.5618945332421   359.89591836734695  -0.01836734693877551 
 -11868.433588913878   1291.906742421033   359.90816326530614  -0.01836734693877551 
 -10313.100248395858  1430.2161302421853    359.9204081632653  -0.01836734693877551 
  -8758.129190329933  1568.5028229307661   359.93265306122447  -0.01836734693877551 
  -7203.483442543505  1706.7797782055868   359.94489795918366  -0.01836734693877551 
  -5649.126048230616  1845.0601465845468   359.95714285714286  -0.01836734693877551 
  -4095.020065891339  1983.3572713968667   359.96938775510205  -0.01836734693877551 
 -2541.1285693394207  2121.6846887915895   359.98163265306124  -0.01836734693877551 
  -987.4146476465648  2260.0561277545535   359.99387755102043  -0.01836734693877551 
   566.1585948905746  2398.4855101185726 0.006122448979591855  -0.01836734693877551 
  2119.6280387641737   2536.986950576959  0.01836734693877551  -0.01836734693877551 
  3673.0305493571445   2675.574756700388 0.030612244897959162  -0.01836734693877551 
  5226.4029768472465  2814.2634289421094  0.04285714285714287  -0.01836734693877551 
   6779.782156385087   2953.067660665097 0.055102040816326525  -0.01836734693877551 
   8333.204908043079  3092.0023381486167  0.06734693877551018  -0.01836734693877551 
   9886.708036839434   3231.082540599152  0.07959183673469389  -0.01836734693877551 
  11440.328332827003  3370.3235401773213  0.09183673469387754  -0.01836734693877551 
  12994.102571086507   3509.740802005114   0.1040816326530612  -0.01836734693877551 
   14548.06751178709  3649.3499841849552   0.1163265306122449  -0.01836734693877551 
  16102.259900191964  3789.1669378139704  0.12857142857142856  -0.01836734693877551 
  17656.716466695012   3929.207707003442   0.1408163265306122  -0.01836734693877551 
  19211.473926883067  4069.4885288962278  0.15306122448979592  -0.01836734693877551 
  -19525.01336537508  -964.6276354400676    359.8469387755102 -0.006122448979591855 
 -17965.502970460064  -824.9668569850279    359.8591836734694 -0.006122448979591855 
 -16406.673456828274  -685.4190636669828   359.87142857142857 -0.006122448979591855 
 -14848.487689991825  -545.9733276949004   359.88367346938776 -0.006122448979591855 
  -13290.90855107987  -406.6185285455718   359.89591836734695 -0.006122448979591855 
 -11733.898936804624 -267.34335295352747   359.90816326530614 -0.006122448979591855 
 -10177.421759431769 -128.13629490477484    359.9204081632653 -0.006122448979591855 
  -8621.439946737402  11.014344375522082   359.93265306122447 -0.006122448979591855 
  -7065.916441976011   150.1204564321163   359.94489795918366 -0.006122448979591855 
  -5510.814203867681   289.1941255854995   359.95714285714286 -0.006122448979591855 
 -3956.0962065220633    428.247628949917   359.96938775510205 -0.006122448979591855 
 -2401.7254394449856    567.293436437349   359.98163265306124 -0.006122448979591855 
   -847.664907487629   706.3442107727227   359.99387755102043 -0.006122448979591855 
   706.1223691865932    845.412807502169 0.006122448979591855 -0.006122448979591855 
   2259.673355147081   984.5122750080834  0.01836734693877551 -0.006122448979591855 
   3813.024999694302  1123.6558545191474 0.030612244897959162 -0.006122448979591855 
   5366.214236943987   1262.856980124739  0.04285714285714287 -0.006122448979591855 
   6919.277985811779  1402.1292787839686 0.055102040816326525 -0.006122448979591855 
    8472.25315007489  1541.4865703432322  0.06734693877551018 -0.006122448979591855 
  10025.176618424279  1680.9428675475579  0.07959183673469389 -0.006122448979591855 
  11578.085264435409  1820.5123760550312  0.09183673469387754 -0.006122448979591855 
  13131.015946636728  1960.2094944504813   0.1040816326530612 -0.006122448979591855 
  14684.005508601538   2100.048814261132   0.1163265306122449 -0.006122448979591855 
   16237.09077886315   2240.045119970358  0.12857142857142856 -0.006122448979591855 
   17790.30857104519  2380.2133890347886   0.1408163265306122 -0.006122448979591855 
   19343.69568386759   2520.568791897127  0.15306122448979592 -0.006122448979591855 
 -19398.169379404666 -2527.6659182123967    359.8469387755102  0.006122448979591855 
 -17836.891131937507 -2387.1097571465484    359.8591836734694  0.006122448979591855 
 -16276.427576581582  -2246.691105580645   359.87142857142857  0.006122448979591855 
  -14716.74149387232 -2106.4001019052926   359.88367346938776  0.006122448979591855 
 -13157.795680048417 -1966.2266917862844   359.89591836734695  0.006122448979591855 
 -11599.552947017497 -1826.1606281588743   359.90816326530614  0.006122448979591855 
 -10041.976122326789 -1686.1914712183345    359.9204081632653  0.006122448979591855 
  -8485.028049119499 -1546.3085884139145   359.93265306122447  0.006122448979591855 
  -6928.671586103232 -1406.5011544376339   359.94489795918366  0.006122448979591855 
   -5372.86960753651 -1266.7581512207175   359.95714285714286  0.006122448979591855 
 -3817.5850031529353 -1127.0683679192127   359.96938775510205  0.006122448979591855 
 -2262.7806781677273  -987.4204009079228   359.98163265306124  0.006122448979591855 
  -708.4195532264671  -847.8026537710367   359.99387755102043  0.006122448979591855 
   845.5354356281844  -708.2033372908667 0.006122448979591855  0.006122448979591855 
  2399.1213369943243  -568.6104694354233  0.01836734693877551  0.006122448979591855 
   3952.375184145867  -429.0118753518401 0.030612244897959162  0.006122448979591855 
   5505.333995020902 -289.39518735468795  0.04285714285714287  0.006122448979591855 
   7058.034772361816 -149.74784491162524 0.055102040816326525  0.006122448979591855 
   8610.514503629382 -10.057094633495687  0.06734693877551018  0.006122448979591855 
   10162.81016110683  129.69000973525675  0.07959183673469389  0.006122448979591855 
   11714.95870190254  269.50660733563313  0.09183673469387754  0.006122448979591855 
  13266.997068017776   409.4060302002339   0.1040816326530612  0.006122448979591855 
   14818.96218633468   549.4018032695255   0.1163265306122449  0.006122448979591855 
  16370.890968725447   689.5076444050853  0.12857142857142856  0.006122448979591855 
  17922.820311955114   829.7374644031619   0.1408163265306122  0.006122448979591855 
  19474.787097859335   970.1053670090326  0.15306122448979592  0.006122448979591855 
 -19271.305856630413 -4089.5771220021165    359.8469387755102   0.01836734693877551 
 -17708.302507260865 -3948.2794253996944    359.8591836734694   0.01836734693877551 
 -16146.247965355353  -3807.139894046647   359.87142857142857   0.01836734693877551 
 -14585.104926485006 -3666.1497325928467   359.88367346938776   0.01836734693877551 
 -13024.836102022156   -3525.29995297017   359.89591836734695   0.01836734693877551 
 -11465.404219072847   -3384.58137438268   359.90816326530614   0.01836734693877551 
  -9906.772020489883  -3243.984623305066    359.9204081632653   0.01836734693877551 
  -8348.902264787252 -3103.5001334715535   359.93265306122447   0.01836734693877551 
 -6791.7577261513225 -2963.1181458730616   359.94489795918366   0.01836734693877551 
  -5235.301194391621 -2822.8287087502354   359.95714285714286   0.01836734693877551 
 -3679.4954748801965  -2682.621677581548   359.96938775510205   0.01836734693877551 
 -2124.3033885611176 -2542.4867150816276   359.98163265306124   0.01836734693877551 
  -569.6877718843958 -2402.4132911843158   359.99387755102043   0.01836734693877551 
   984.3885232043654  -2262.390683043637 0.006122448979591855   0.01836734693877551 
     2537.9626293211  -2122.407975021797  0.01836734693877551   0.01836734693877551 
   4091.071663685069 -1982.4540586767896 0.030612244897959162   0.01836734693877551 
   5643.752728077889 -1842.5176327565289  0.04285714285714287   0.01836734693877551 
   7196.042908987921 -1702.5872031856895 0.055102040816326525   0.01836734693877551 
    8747.97927756088 -1562.6510830586196  0.06734693877551018   0.01836734693877551 
  10299.598889685432 -1422.6973926264413  0.07959183673469389   0.01836734693877551 
  11850.938785981305 -1282.7140592874384  0.09183673469387754   0.01836734693877551 
   13402.03599186313 -1142.6888175744355   0.1040816326530612   0.01836734693877551 
  14952.927517578048 -1002.6092091443975   0.1163265306122449   0.01836734693877551 
  16503.650358189552  -862.4625827656631  0.12857142857142856   0.01836734693877551 
    18054.2414937056   -722.236094305198   0.1408163265306122   0.01836734693877551 
  19604.737889017208  -581.9167067169418  0.15306122448979592   0.01836734693877551 
 -19144.430992511698   -5650.40267784751    359.8469387755102  0.030612244897959162 
 -17579.745375722465  -5508.516226198198    359.8591836734694  0.030612244897959162 
 -16016.142986293755  -5366.804726946208   359.87142857142857  0.030612244897959162 
 -14453.586434847928  -5225.260451078786   359.88367346938776  0.030612244897959162 
 -12892.038347889862  -5083.875476864718   359.89591836734695  0.030612244897959162 
 -11331.461367754815  -4942.641689850919   359.90816326530614  0.030612244897959162 
  -9771.818152601385  -4801.550782854852    359.9204081632653  0.030612244897959162 
  -8213.071376346044  -4660.594255963397   359.93265306122447  0.030612244897959162 
  -6655.183728658728 -4519.7634165250365   359.94489795918366  0.030612244897959162 
  -5098.117914915897  -4379.049379145378   359.95714285714286  0.030612244897959162 
 -3541.8366561439257  -4238.443065676723   359.96938775510205  0.030612244897959162 
  -1986.302689031217  -4097.935205223199   359.98163265306124  0.030612244897959162 
  -431.4787658559684  -3957.516334116686   359.99387755102043  0.030612244897959162 
  1122.6723455221402 -3817.1767959288077 0.006122448979591855  0.030612244897959162 
   2676.187861733494 -3676.9067414487376  0.01836734693877551  0.030612244897959162 
   4229.104983883253 -3536.6961286811083 0.030612244897959162  0.030612244897959162 
   5781.460897608176 -3396.5347228392834  0.04285714285714287  0.030612244897959162 
   7333.292773150931  -3256.412096334495 0.055102040816326525  0.030612244897959162 
   8884.637765308065  -3116.317628767059  0.06734693877551018  0.030612244897959162 
  10435.533013519056 -2976.2405069187353  0.07959183673469389  0.030612244897959162 
   11986.01564191641 -2836.1697247418156  0.09183673469387754  0.030612244897959162 
  13536.122759323622  -2696.094083351458   0.1040816326530612  0.030612244897959162 
  15085.891459292434  -2556.002191010431   0.1163265306122449  0.030612244897959162 
  16635.358820151345 -2415.8824631247007  0.12857142857142856  0.030612244897959162 
  18184.561905033705 -2275.7231222283626   0.1408163265306122  0.030612244897959162 
   19733.53776190636 -2135.5121979740434  0.15306122448979592  0.030612244897959162 
  -19017.55299768688  -7210.183823591639    359.8469387755102   0.04285714285714287 
 -17451.228031825252  -7067.860330859963    359.8591836734694   0.04285714285714287 
 -15886.121017768466 -6925.7247090790925   359.87142857142857   0.04285714285714287 
 -14322.194481206096  -6783.770295651493   359.88367346938776   0.04285714285714287 
 -12759.410963798651   -6641.99023525959   359.89591836734695   0.04285714285714287 
 -11197.733023112009  -6500.377479857765   359.90816326530614   0.04285714285714287 
  -9637.123232640384  -6358.924788679765    359.9204081632653   0.04285714285714287 
  -8077.544181706155  -6217.624728222957   359.93265306122447   0.04285714285714287 
  -6518.958475481536  -6076.469672255107   359.94489795918366   0.04285714285714287 
  -4961.328734923344  -5935.451801798841   359.95714285714286   0.04285714285714287 
  -3404.617596736499  -5794.563105141096   359.96938775510205   0.04285714285714287 
 -1848.7877133621973  -5653.795377816645   359.98163265306124   0.04285714285714287 
  -293.8017529257637  -5513.140222609565   359.99387755102043   0.04285714285714287 
  1260.3776007871304  -5372.589049539428 0.006122448979591855   0.04285714285714287 
   2813.787648393042  -5232.133075865655  0.01836734693877551   0.04285714285714287 
   4366.465674871083   -5091.76332607547 0.030612244897959162   0.04285714285714287 
   5918.448949734031  -4951.470631883188  0.04285714285714287   0.04285714285714287 
    7469.77472686576  -4811.245632205174 0.055102040816326525   0.04285714285714287 
   9020.480244756425  -4671.078773178345  0.06734693877551018   0.04285714285714287 
   10570.60272640892  -4530.960308134744  0.07959183673469389   0.04285714285714287 
  12120.179379411715  -4390.880297596828  0.09183673469387754   0.04285714285714287 
  13669.247395970968  -4250.828609275717   0.1040816326530612   0.04285714285714287 
  15217.843952943818  -4110.794918050168   0.1163265306122449   0.04285714285714287 
  16766.006211890817 -3970.7687059706764  0.12857142857142856   0.04285714285714287 
  18313.771319057367  -3830.739262241111   0.1408163265306122   0.04285714285714287 
   19861.17640545599  -3690.695683212067  0.15306122448979592   0.04285714285714287 
 -20459.991966860813  -8911.773814552038   359.83469387755105  0.055102040816326525 
 -18890.680098007742  -8768.961603927257    359.8469387755102  0.055102040816326525 
   -17322.7587852828  -8626.351717601758    359.8591836734694  0.055102040816326525 
 -15756.190453377161  -8483.938752196893   359.87142857142857  0.055102040816326525 
 -14190.937543055905  -8341.717111604683   359.88367346938776  0.055102040816326525 
 -12626.962511146823  -8199.681006993223   359.89591836734695  0.055102040816326525 
 -11064.227830476771  -8057.824456802417   359.90816326530614  0.055102040816326525 
  -9502.695989870674  -7916.141286737866    359.9204081632653  0.055102040816326525 
  -7942.329494083169   -7774.62512977626   359.93265306122447  0.055102040816326525 
  -6383.090863797908  -7633.269426159045   359.94489795918366  0.055102040816326525 
  -4824.942635577182  -7492.067423390019   359.95714285714286  0.055102040816326525 
 -3267.8473618103035  -7351.012176234329   359.96938775510205  0.055102040816326525 
  -1711.767610713118  -7210.096546712541   359.98163265306124  0.055102040816326525 
 -156.66596627017154  -7069.313204090968   359.99387755102043  0.055102040816326525 
  1397.4949717906836  -6928.654624897881 0.006122448979591855  0.055102040816326525 
   2950.752588026641  -6788.113092896827  0.01836734693877551  0.055102040816326525 
   4503.144251351684   -6647.68069908606 0.030612244897959162  0.055102040816326525 
   6054.707315003448  -6507.349341704072  0.04285714285714287  0.055102040816326525 
   7605.479116644206  -6367.110726218771 0.055102040816326525  0.055102040816326525 
   9155.496978347524 -6226.9563653143105  0.06734693877551018  0.055102040816326525 
  10704.798206664755  -6086.877578897035  0.07959183673469389  0.055102040816326525 
   12253.42009263303  -5946.865494077983  0.09183673469387754  0.055102040816326525 
  13801.399911839524 -5806.9110451735405   0.1040816326530612  0.055102040816326525 
  15348.774924411535 -5667.0049736919855   0.1163265306122449  0.055102040816326525 
  16895.582375093487  -5527.137828331145  0.12857142857142856  0.055102040816326525 
  18441.859493267246  -5387.299964969117   0.1408163265306122  0.055102040816326525 
  19987.643492986834 -5247.4815466538885  0.15306122448979592  0.055102040816326525 
  -20334.82108272196 -10469.730008384893   359.83469387755105   0.06734693877551018 
  -18763.82053451685 -10326.776870423932    359.8469387755102   0.06734693877551018 
   -17194.3459610304  -10184.03017157592    359.8591836734694   0.06734693877551018 
 -15626.359701949483 -10041.485575035309   359.87142857142857   0.06734693877551018 
 -14059.824113144552  -9899.138551268932   359.88367346938776   0.06734693877551018 
 -12494.701566618718  -9756.984378000287   359.89591836734695   0.06734693877551018 
  -10930.95445046183    -9615.0181402157   359.90816326530614   0.06734693877551018 
  -9368.545168862536  -9473.234730170248    359.9204081632653   0.06734693877551018 
  -7807.436142013317  -9331.628847375263   359.93265306122447   0.06734693877551018 
  -6247.589806130662  -9190.194998610536   359.94489795918366   0.06734693877551018 
  -4688.968613389805  -9048.927497907043   359.95714285714286   0.06734693877551018 
 -3131.5350318863398  -8907.820466566169   359.96938775510205   0.06734693877551018 
 -1575.2515456256829  -8766.867833139924   359.98163265306124   0.06734693877551018 
 -20.080654469467348  -8626.063333428938   359.99387755102043   0.06734693877551018 
  1534.0151258876128  -8485.400510502408 0.006122448979591855   0.06734693877551018 
  3087.0732639731955  -8344.872714657993  0.01836734693877551   0.06734693877551018 
  4639.1312125301965  -8204.473103456368 0.030612244897959162   0.06734693877551018 
   6190.226408591416  -8064.194641686972  0.04285714285714287   0.06734693877551018 
  7740.3962735180785  -7924.030101387411 0.055102040816326525   0.06734693877551018 
   9289.678212983597  -7783.972061819875  0.06734693877551018   0.06734693877551018 
  10838.109617058386  -7644.012909481316  0.07959183673469389   0.06734693877551018 
  12385.727860214198  -7504.144838087455  0.09183673469387754   0.06734693877551018 
  13932.570301381855  -7364.359848572325   0.1040816326530612   0.06734693877551018 
  15478.674283953278  -7224.649749085164   0.1163265306122449   0.06734693877551018 
   17024.07713587237  -7085.006154976549  0.12857142857142856   0.06734693877551018 
   18568.81616959273 -6945.4204888016475   0.1408163265306122   0.06734693877551018 
  20112.928682159596   -6805.88398030057  0.15306122448979592   0.06734693877551018 
    -20209.628925617 -12026.611963516869   359.83469387755105   0.07959183673469389 
  -18636.98256348042 -11883.670281574372    359.8469387755102   0.07959183673469389 
 -17065.997899227754 -11740.935284902747    359.8591836734694   0.07959183673469389 
 -15496.637187573167 -11598.403703359565   359.87142857142857   0.07959183673469389 
  -13928.86269948201 -11456.072074047406   359.88367346938776   0.07959183673469389 
 -12362.636722159607 -11313.936741325166   359.89591836734695   0.07959183673469389 
 -10797.921558978627 -11171.993856798465   359.90816326530614   0.07959183673469389 
  -9234.679529495439 -11030.239379329216    359.9204081632653   0.07959183673469389 
  -7672.872969361419 -10888.669075029513   359.93265306122447   0.07959183673469389 
  -6112.464230337141 -10747.278517270699   359.94489795918366   0.07959183673469389 
  -4553.415680234237 -10606.063086676859   359.95714285714286   0.07959183673469389 
  -2995.689702863502 -10465.017971125835   359.96938775510205   0.07959183673469389 
 -1439.2486980381757 -10324.138165749077   359.98163265306124   0.07959183673469389 
  115.94491848721492  -10183.41847293557   359.99387755102043   0.07959183673469389 
   1669.928715039574  -10042.85350232154 0.006122448979591855   0.07959183673469389 
   3222.740244059133  -9902.437670797122  0.01836734693877551   0.07959183673469389 
   4774.417042170025  -9762.165202493683 0.030612244897959162   0.07959183673469389 
  6324.9966301561735  -9622.030128799097  0.04285714285714287   0.07959183673469389 
   7874.516513017182   -9482.02628833923 0.055102040816326525   0.07959183673469389 
   9423.014180054495  -9342.147326979757  0.06734693877551018   0.07959183673469389 
  10970.527104830126   -9202.38669782508  0.07959183673469389   0.07959183673469389 
  12517.092745237018  -9062.737661216392  0.09183673469387754   0.07959183673469389 
  14062.748543504025  -8923.193284715151   0.1040816326530612   0.07959183673469389 
  15607.531926315325  -8783.746443119122   0.1163265306122449   0.07959183673469389 
  17151.480304725417  -8644.389818440633  0.12857142857142856   0.07959183673469389 
  18694.631074278434  -8505.115899904686   0.1408163265306122   0.07959183673469389 
  20237.021615029546  -8365.916983952811  0.15306122448979592   0.07959183673469389 
   -20084.4236831164 -13582.461211708927   359.83469387755105   0.09183673469387754 
  -18510.17445637985 -13439.682302823587    359.8469387755102   0.09183673469387754 
  -16937.72295528048 -13297.106456714444    359.8591836734694   0.09183673469387754 
 -15367.031349572395 -13154.731469980752   359.87142857142857   0.09183673469387754 
 -13798.061825345936 -13012.554946447333   359.88367346938776   0.09183673469387754 
  -12230.77658500943 -12870.574297170455   359.89591836734695   0.09183673469387754 
 -10665.137847235066 -12728.786740444742   359.90816326530614   0.09183673469387754 
  -9101.107846963298 -12587.189301804006    359.9204081632653   0.09183673469387754 
  -7538.648835324732 -12445.778814030542   359.93265306122447   0.09183673469387754 
  -5977.723079632889 -12304.551917135654   359.94489795918366   0.09183673469387754 
  -4418.292863350937 -12163.505058389524   359.95714285714286   0.09183673469387754 
 -2860.3204860253654 -12022.634492304134   359.96938775510205   0.09183673469387754 
 -1303.7682632923902 -11881.936280640157   359.98163265306124   0.09183673469387754 
  251.40147318899855 -11741.406292402726   359.99387755102043   0.09183673469387754 
   1805.226375728863 -11601.040203852168 0.006122448979591855   0.09183673469387754 
  3357.7440807101657 -11460.833498494889  0.01836734693877551   0.09183673469387754 
   4908.992208567395 -11320.781467079845 0.030612244897959162   0.09183673469387754 
   6459.008363832894 -11180.879207611031  0.04285714285714287   0.09183673469387754 
   8007.830135185964 -11041.121625331727 0.055102040816326525   0.09183673469387754 
   9555.495095449063 -10901.503432736588  0.06734693877551018   0.09183673469387754 
  11102.040801698446  -10762.01914955706  0.07959183673469389   0.09183673469387754 
  12647.504795192592 -10622.663102766099  0.09183673469387754   0.09183673469387754 
  14191.924601517947  -10483.42942657613   0.1040816326530612   0.09183673469387754 
  15735.337730560035 -10344.312062436084   0.1163265306122449   0.09183673469387754 
  17277.781676512983 -10205.304759020084  0.12857142857142856   0.09183673469387754 
  18819.293917976556 -10066.401072236264   0.1408163265306122   0.09183673469387754 
  20359.911917955025  -9927.594365215404  0.15306122448979592   0.09183673469387754 
 -19959.213558017524 -15137.319091669407   359.83469387755105    0.1040816326530612 
 -18383.404499919805 -14994.853206603031    359.8469387755102    0.1040816326530612 
 -16809.529499829958  -14852.58289317881    359.8591836734694    0.1040816326530612 
 -15237.550642546206 -14710.507014810495   359.87142857142857    0.1040816326530612 
 -13667.430029289693 -14568.624242112559   359.88367346938776    0.1040816326530612 
  -12099.12977769699 -14426.933052919097   359.89591836734695    0.1040816326530612 
 -10532.612021751138 -14285.431732278925   359.90816326530614    0.1040816326530612 
  -8967.838911795403 -14144.118372467485    359.9204081632653    0.1040816326530612 
  -7404.772614443492  -14002.99087298276   359.93265306122447    0.1040816326530612 
  -5843.375312589378  -13862.04694054949   359.94489795918366    0.1040816326530612 
  -4283.609205359662    -13721.284089134   359.95714285714286    0.1040816326530612 
 -2725.4365080505254 -13580.699639926277   359.96938775510205    0.1040816326530612 
 -1168.8194521389105  -13440.29072136264   359.98163265306124    0.1040816326530612 
  386.27971479329034 -13300.054269123211   359.99387755102043    0.1040816326530612 
  1939.8987290227883 -13159.987026117931 0.006122448979591855    0.1040816326530612 
  3492.0753108654053 -13020.085542505736  0.01836734693877551    0.1040816326530612 
   5042.847164549402 -12880.346175691442 0.030612244897959162    0.1040816326530612 
   6592.251978316234  -12740.76509031807  0.04285714285714287    0.1040816326530612 
   8140.327424497665 -12601.338258279173 0.055102040816326525    0.1040816326530612 
    9687.11115948499 -12462.061458713153  0.06734693877551018    0.1040816326530612 
   11232.64082377489 -12322.930278000878  0.07959183673469389    0.1040816326530612 
  12776.954042041973  -12183.94010976543  0.09183673469387754    0.1040816326530612 
  14320.088423165455 -12045.086154876217   0.1040816326530612    0.1040816326530612 
  15862.081560206183 -11906.363421440916   0.1163265306122449    0.1040816326530612 
  17402.971030486002 -11767.766724804742  0.12857142857142856    0.1040816326530612 
  18942.794395660254 -11629.290687556937   0.1408163265306122    0.1040816326530612 
 -19834.006768326068  -16691.22674907452   359.83469387755105    0.1163265306122449 
 -18256.680996052328 -16549.223072378398    359.8469387755102    0.1163265306122449 
 -16681.425918777863 -16407.403607546086    359.8591836734694    0.1163265306122449 
 -15108.203536350462 -16265.768284874604   359.87142857142857    0.1163265306122449 
 -13536.975865152186 -16124.316841857744   359.88367346938776    0.1163265306122449 
 -11967.704938053837  -15983.04882317092   359.89591836734695    0.1163265306122449 
 -10400.352804367645 -15841.963580689302   359.90816326530614    0.1163265306122449 
  -8834.881529845434 -15701.060273480713    359.9204081632653    0.1163265306122449 
  -7271.253196610355 -15560.337867834569   359.93265306122447    0.1163265306122449 
  -5709.429903147512 -15419.795137239922   359.94489795918366    0.1163265306122449 
  -4149.373764262131 -15279.430662409772   359.95714285714286    0.1163265306122449 
  -2591.046911018369 -15139.242831266374   359.96938775510205    0.1163265306122449 
 -1034.4114907502992 -14999.229838978188   359.98163265306124    0.1163265306122449 
    520.570333006531 -14859.389687913146   359.99387755102043    0.1163265306122449 
   2073.936380539993 -14719.720187695182 0.006122448979591855    0.1163265306122449 
  3625.7244559905594 -14580.218955168215  0.01836734693877551    0.1163265306122449 
   5175.972347398358 -14440.883414413393 0.030612244897959162    0.1163265306122449 
   6724.717826759035 -14301.710796756422  0.04285714285714287    0.1163265306122449 
   8271.998649959081 -14162.698140759292 0.055102040816326525    0.1163265306122449 
   9817.852556942375 -14023.842292228315  0.06734693877551018    0.1163265306122449 
  11362.317271660166  -13885.13990420457  0.07959183673469389    0.1163265306122449 
   12905.43050215765  -13746.58743698376  0.09183673469387754    0.1163265306122449 
  14447.229940563246 -13608.181158097628   0.1040816326530612    0.1163265306122449 
  15987.753263116598 -13469.917142323098   0.1163265306122449    0.1163265306122449 
  17527.038130268007 -13331.791271681745  0.12857142857142856    0.1163265306122449 
  19065.122186668486 -13193.799235438932   0.1408163265306122    0.1163265306122449 
 -19708.811547277415 -18244.225136612444   359.83469387755105   0.12857142857142856 
  -18130.01226196626 -18102.831786672104    359.8469387755102   0.12857142857142856 
 -16553.420613270337  -17961.60742016189    359.8591836734694   0.12857142857142856 
 -14978.998516125132 -17820.553034362973   359.87142857142857   0.12857142857142856 
 -13406.707902067074 -17679.669433702817   359.88367346938776   0.12857142857142856 
 -11836.510719221225 -17538.957229773332   359.89591836734695   0.12857142857142856 
  -10268.36893224157  -17398.41684133972   359.90816326530614   0.12857142857142856 
  -8702.244522314819  -17258.04849434244    359.9204081632653   0.12857142857142856 
 -7138.0994870774575  -17117.85222190539   359.93265306122447   0.12857142857142856 
  -5575.895840625054 -16977.827864344963   359.94489795918366   0.12857142857142856 
 -4015.5956134555477 -16837.975069166743   359.95714285714286   0.12857142857142856 
 -2457.1608524218773 -16698.293291094764   359.96938775510205   0.12857142857142856 
   -900.553620725118  -16558.78179203845   359.98163265306124   0.12857142857142856 
   654.2640021413088  -16419.43964113731   359.99387755102043   0.12857142857142856 
   2207.329920404036 -16280.265714743413 0.006122448979591855   0.12857142857142856 
   3758.682022075756 -16141.258696425408  0.01836734693877551   0.12857142857142856 
   5308.358178986399 -16002.417076979213 0.030612244897959162   0.12857142857142856 
   6856.396246781936 -15863.739154434044  0.04285714285714287   0.12857142857142856 
   8402.834065002293  -15725.22303404712 0.055102040816326525   0.12857142857142856 
   9947.709457064018 -15586.866628308819  0.06734693877551018   0.12857142857142856 
  11491.060230377212 -15448.667656952963  0.07959183673469389   0.12857142857142856 
  13032.924176307017 -15310.623646944672  0.09183673469387754   0.12857142857142856 
  14573.339070219747 -15172.731932498626   0.1040816326530612   0.12857142857142856 
  16112.342671559336 -15034.989655067393   0.1163265306122449   0.12857142857142856 
  17649.972723827243 -14897.393763347147  0.12857142857142856   0.12857142857142856 
   19186.26695467036 -14759.941013285299   0.1408163265306122   0.12857142857142856 
  -19583.63614334903 -19796.355014024695   359.83469387755105    0.1408163265306122 
 -18003.406630100493  -19655.71904310086    359.8469387755102    0.1408163265306122 
 -16425.521999740915 -19515.232958534536    359.8591836734694    0.1408163265306122 
 -14849.944082289257 -19374.898824650278   359.87142857142857    0.1408163265306122 
 -13276.634724463556  -19234.71851289599   359.88367346938776    0.1408163265306122 
 -11705.555789655371 -19094.693701848457   359.89591836734695    0.1408163265306122 
 -10136.669157875534 -18954.825877230807   359.90816326530614    0.1408163265306122 
  -8569.936725754564  -18815.11633190944    359.9204081632653    0.1408163265306122 
  -7005.320406464141  -18675.56616591228   359.93265306122447    0.1408163265306122 
  -5442.782129722082 -18536.176286430942   359.94489795918366    0.1408163265306122 
  -3882.283841740763 -18396.947407834374   359.95714285714286    0.1408163265306122 
 -2323.7875051689603 -18257.880051661523   359.96938775510205    0.1408163265306122 
  -767.2550991003417  -18118.97454665496   359.98163265306124    0.1408163265306122 
   787.3513809975675  -17980.23102873332   359.99387755102043    0.1408163265306122 
   2340.069923279472 -17841.649441024307 0.006122448979591855    0.1408163265306122 
    3890.93849962318 -17703.229533857855  0.01836734693877551    0.1408163265306122 
   5439.995065592162 -17564.970864776064 0.030612244897959162    0.1408163265306122 
    6987.27756052928 -17426.872798538385  0.04285714285714287    0.1408163265306122 
   8532.823907524347 -17288.934507118684 0.055102040816326525    0.1408163265306122 
   10076.67201353801 -17151.154969723262  0.06734693877551018    0.1408163265306122 
  11618.859769350867  -17013.53297277664  0.07959183673469389    0.1408163265306122 
   13159.42504964669 -16876.067109944142  0.09183673469387754    0.1408163265306122 
  14698.405713045355 -16738.755782128283   0.1040816326530612    0.1408163265306122 
  16235.839602128925 -16601.597197461662   0.1163265306122449    0.1408163265306122 
    17771.7645434679  -16464.58937132349  0.12857142857142856    0.1408163265306122 
  19306.218347655238  -16327.73012633311   0.1408163265306122    0.1408163265306122 
  -8437.966992074438  -20372.29689042614    359.9204081632653   0.15306122448979592 
 -6872.9248907644915 -20233.511737994748   359.93265306122447   0.15306122448979592 
  -5310.097790535959 -20094.871375539344   359.94489795918366   0.15306122448979592 
 -3749.4475533253417 -19956.377584324313   359.95714285714286   0.15306122448979592 
 -2190.9360576003883 -19818.031952780686   359.96938775510205   0.15306122448979592 
  -634.5251983577806 -19679.835876495938   359.98163265306124   0.15306122448979592 
   919.8231129378681 -19541.790558226672   359.99387755102043   0.15306122448979592 
  2472.1469483692963 -19403.897007921507 0.006122448979591855   0.15306122448979592 
  4022.4843636292926   -19266.1560426952  0.01836734693877551   0.15306122448979592 
   5570.873398035597 -19128.568286867623 0.030612244897959162   0.15306122448979592 
   7117.352074558193 -18991.134171956382  0.04285714285714287   0.15306122448979592 
   8661.958399898404  -18853.85393668169 0.055102040816326525   0.15306122448979592 
  10204.730364452445 -18716.727626972755  0.06734693877551018   0.15306122448979592 
  11745.705942407969  -18579.75509598013  0.07959183673469389   0.15306122448979592 
  13284.923091743178 -18442.936004072486  0.09183673469387754   0.15306122448979592 
  14822.419754313516 -18306.269818843673   0.1040816326530612   0.15306122448979592 
  16358.233855811297  -18169.75581511917   0.1163265306122449   0.15306122448979592 
   17892.40330583679 -18033.393074963966  0.12857142857142856   0.15306122448979592 
  19424.965997964187 -17897.180487670954   0.1408163265306122   0.15306122448979592 
   8790.227748899928 -20420.002507179564 0.055102040816326525   0.16530612244897958 
  10331.874632342093 -20283.604718335137  0.06734693877551018   0.16530612244897958 
  11871.588787807028 -20147.353078649514  0.07959183673469389   0.16530612244897958 
  13409.408256573495 -20011.248315207835  0.09183673469387754   0.16530612244897958 
   14945.37106367561 -19875.290962314568   0.1040816326530612   0.16530612244897958 
  16479.515217905806 -19739.481361488033   0.1163265306122449   0.16530612244897958 
   18011.87871190396   -19603.8196614717  0.12857142857142856   0.16530612244897958 
   19542.49952216058 -19468.305818245462   0.1408163265306122   0.16530612244897958 
