\ This script generates Case-3 astrometry challenges. The telescope used in this
\ challenge is affected by distortion. Artificial sources tiled in a grid
\ pattern are generated. A list of source positions on the focal plane and
\ original ICRS coordinates is provided. Solve the position angle and distortion
\ parameters.
\pointing_ra=0.0
\pointing_dec=0.0
\position_angle=23.418573474700626
\distortion_K=(47.37199105233194,)
\distortion_S=(0.8731020037865467, -1.906679220823918)
\distortion_T=(-51.077609733779894,)
\distortion_scale=0.9939974614989409
|                  x|                  y|                  ra|                  dec|
|             double|             double|              double|               double|
|                 um|                 um|                 deg|                  deg|
|               null|               null|                null|                 null|
 -16472.534095205305 -20267.472448887715 0.055102040816326525  -0.18979591836734694 
 -17950.498706577662 -19639.524660224317  0.06734693877551018  -0.18979591836734694 
 -19432.610640943287 -19017.196196594254  0.07959183673469389  -0.18979591836734694 
 -12843.116577519753 -19955.493886003915 0.030612244897959162  -0.17755102040816326 
 -14309.816980344289  -19318.01698505028  0.04285714285714287  -0.17755102040816326 
 -15778.508831023666   -18686.7029486361 0.055102040816326525  -0.17755102040816326 
 -17250.191303152038  -18061.12797810607  0.06734693877551018  -0.17755102040816326 
 -18725.868965635214  -17440.86373532534  0.07959183673469389  -0.17755102040816326 
 -20206.551783615985 -16825.477342263108  0.09183673469387754  -0.17755102040816326 
  -7786.360760335891  -20329.85302848866   359.99387755102043  -0.16530612244897958 
  -9247.834812904406 -19675.163089387752 0.006122448979591855  -0.16530612244897958 
 -10708.181466036607  -19027.57692046803  0.01836734693877551  -0.16530612244897958 
  -12168.38419284588 -18386.682905029615 0.030612244897959162  -0.16530612244897958 
 -13629.431858896589 -17752.064887855246  0.04285714285714287  -0.16530612244897958 
 -15092.318723113185 -17123.302174835128 0.055102040816326525  -0.16530612244897958 
   -16558.0444386971  -16499.96953257453  0.06734693877551018  -0.16530612244897958 
  -18027.61405406159  -15881.63718800326  0.07959183673469389  -0.16530612244897958 
  -19502.03801375825 -15267.870827958755  0.09183673469387754  -0.16530612244897958 
  -4212.512534313835  -20091.83971140456   359.96938775510205  -0.15306122448979592 
  -5674.605920921651 -19425.981609690207   359.98163265306124  -0.15306122448979592 
  -7133.467327544157 -18767.734675315824   359.99387755102043  -0.15306122448979592 
  -8590.069925315514 -18116.694933685365 0.006122448979591855  -0.15306122448979592 
  -10045.39227593927 -17472.453872221613  0.01836734693877551  -0.15306122448979592 
 -11500.418332550575 -16834.598440013637 0.030612244897959162  -0.15306122448979592 
 -12956.137440641129 -16202.711047451796  0.04285714285714287  -0.15306122448979592 
  -14413.54433896049 -15576.369565835274 0.055102040816326525  -0.15306122448979592 
 -15873.639160436393  -14955.14732698357  0.06734693877551018  -0.15306122448979592 
   -17337.4274331108 -14338.613122844185  0.07959183673469389  -0.15306122448979592 
 -18805.920081070577 -13726.331205076836  0.09183673469387754  -0.15306122448979592 
  -20280.13342541039 -13117.861284649878   0.1040816326530612  -0.15306122448979592 
  -643.9151234253642 -19884.920167394375   359.94489795918366  -0.14081632653061224 
  -2111.433934232179  -19207.38531214134   359.95714285714286  -0.14081632653061224 
 -3573.6366629825393 -18537.954773210044   359.96938775510205  -0.14081632653061224 
 -5031.4861828753155 -17876.232217385357   359.98163265306124  -0.14081632653061224 
  -6485.950755814576 -17221.816773983373   359.99387755102043  -0.14081632653061224 
   -7938.00403327443  -16574.30303453315 0.006122448979591855  -0.14081632653061224 
    -9388.6250571991  -15933.28105239945  0.01836734693877551  -0.14081632653061224 
 -10838.798260867872   -15298.3363424273 0.030612244897959162  -0.14081632653061224 
 -12289.513469818008 -14669.049880568025  0.04285714285714287  -0.14081632653061224 
 -13741.765902735264 -14044.998103474127 0.055102040816326525  -0.14081632653061224 
 -15196.556172400635 -13425.752908140423  0.06734693877551018  -0.14081632653061224 
  -16654.89028660167  -12810.88165147879  0.07959183673469389  -0.14081632653061224 
 -18117.779649079388 -12199.947149918238  0.09183673469387754  -0.14081632653061224 
 -19586.241060482305 -11592.507678990316   0.1040816326530612  -0.14081632653061224 
  4417.3340001448405 -20407.094827066532   359.90816326530614  -0.12857142857142856 
   2931.298671981097 -19708.435911856363    359.9204081632653  -0.12857142857142856 
  1453.5902515851628  -19018.74437029808   359.93265306122447  -0.12857142857142856 
 -16.738454211596867 -18337.636046506323   359.94489795918366  -0.12857142857142856 
 -1480.6400246488433 -17664.722247958773   359.95714285714286  -0.12857142857142856 
   -2939.07242586421  -16999.60974519047   359.96938775510205  -0.12857142857142856 
    -4392.9990117125 -16341.900771428065   359.98163265306124  -0.12857142857142856 
  -5843.388524657993 -15691.193022280644   359.99387755102043  -0.12857142857142856 
  -7291.215096632704 -15047.079655365616 0.006122448979591855  -0.12857142857142856 
  -8737.458249939362 -14409.149289947107  0.01836734693877551  -0.12857142857142856 
 -10183.102898115456  -13776.98600657537 0.030612244897959162  -0.12857142857142856 
 -11629.139346856213 -13150.169346711158  0.04285714285714287  -0.12857142857142856 
 -13076.563294918313 -12528.274312333046 0.055102040816326525  -0.12857142857142856 
 -14526.375835039924 -11910.871365543933  0.06734693877551018  -0.12857142857142856 
  -15979.58345488263 -11297.526428178247  0.07959183673469389  -0.12857142857142856 
 -17437.198037960447  -10687.80088137997  0.09183673469387754  -0.12857142857142856 
 -18900.236864601335 -10081.251565192362   0.1040816326530612  -0.12857142857142856 
 -20369.722612901704  -9477.430778126043   0.1163265306122449  -0.12857142857142856 
   8027.889380626398 -20273.386651063585   359.88367346938776   -0.1163265306122449 
   6524.909258528718  -19561.66276094571   359.89591836734695   -0.1163265306122449 
   5032.288927647331 -18859.363259243506   359.90816326530614   -0.1163265306122449 
  3549.0914831093564 -18166.111629718725    359.9204081632653   -0.1163265306122449 
  2074.3746357258838 -17481.526819942632   359.93265306122447   -0.1163265306122449 
   607.1907112426613   -16805.2232410101   359.94489795918366   -0.1163265306122449 
  -853.4133505601113 -16136.810767204563   359.95714285714286   -0.1163265306122449 
 -2308.3959966848424 -15475.894735653854   359.96938775510205   -0.1163265306122449 
  -3758.721061766734 -14822.075946038864   359.98163265306124   -0.1163265306122449 
  -5205.357768939901 -14174.950660185275   359.99387755102043   -0.1163265306122449 
  -6649.280730712124 -13534.110601768463 0.006122448979591855   -0.1163265306122449 
  -8091.469949861563 -12899.142955908877  0.01836734693877551   -0.1163265306122449 
  -9532.910820299147 -12269.630368814147 0.030612244897959162   -0.1163265306122449 
 -10974.594128004108 -11645.150947418417  0.04285714285714287   -0.1163265306122449 
   -12417.5160519111 -11025.278258963253 0.055102040816326525   -0.1163265306122449 
 -13862.678164846428  -10409.58133062272  0.06734693877551018   -0.1163265306122449 
 -15311.087434463616  -9797.624649098352  0.07959183673469389   -0.1163265306122449 
 -16763.756224172153  -9188.968160196375  0.09183673469387754   -0.1163265306122449 
  -18221.70229409537  -8583.167268413505   0.1040816326530612   -0.1163265306122449 
  -19685.94880204274  -7979.772836512552   0.1163265306122449   -0.1163265306122449 
  11673.195202673895  -20169.00805695734    359.8591836734694  -0.10408163265306122 
  10148.610298519376  -19443.81082404908   359.87142857142857  -0.10408163265306122 
   8636.397620627433   -18728.4807482529   359.88367346938776  -0.10408163265306122 
   7135.630548658205  -18022.64895243309   359.89591836734695  -0.10408163265306122 
    5645.37707966257 -17325.942023702464   359.90816326530614  -0.10408163265306122 
   4164.699827396023 -16637.982013124187    359.9204081632653  -0.10408163265306122 
  2692.6560213769444 -15958.386435398123   359.93265306122447  -0.10408163265306122 
  1228.2975061210286 -15286.768268566519   359.94489795918366  -0.10408163265306122 
 -229.32925963941597 -14622.735953673198   359.95714285714286  -0.10408163265306122 
  -1681.183203915341 -13965.893394425273   359.96938775510205  -0.10408163265306122 
 -3128.2286422238635 -13315.839956879372   359.98163265306124  -0.10408163265306122 
  -4571.435278492746 -12672.170469081182   359.99387755102043  -0.10408163265306122 
  -6011.778205916251 -12034.475220695645 0.006122448979591855  -0.10408163265306122 
  -7450.237907865069 -11402.339962659413  0.01836734693877551  -0.10408163265306122 
  -8887.800258748746 -10775.345906802866 0.030612244897959162  -0.10408163265306122 
 -10325.456524937486 -10153.069725469668  0.04285714285714287  -0.10408163265306122 
 -11764.203365672784  -9535.083551127755 0.055102040816326525  -0.10408163265306122 
  -13205.04283398948  -8920.954975970013  0.06734693877551018  -0.10408163265306122 
 -14648.982377642125   -8310.24705150472  0.07959183673469389  -0.10408163265306122 
 -16097.034840064274  -7702.518288152327  0.09183673469387754  -0.10408163265306122 
 -17550.218461308767  -7097.322654813252   0.1040816326530612  -0.10408163265306122 
  -19009.55687900919  -6494.209578438071   0.1163265306122449  -0.10408163265306122 
 -20476.079129359005  -5892.723943591536  0.12857142857142856  -0.10408163265306122 
  15364.816595866023 -20093.074778450093   359.83469387755105  -0.09183673469387754 
  13814.008757829628 -19354.024495708083    359.8469387755102  -0.09183673469387754 
  12277.565141087984 -18625.269892954602    359.8591836734694  -0.09183673469387754 
  10754.569406140588 -17906.449731687953   359.87142857142857  -0.09183673469387754 
   9244.099832546543 -17197.198238040623   359.88367346938776  -0.09183673469387754 
   7745.229318251021 -16497.145102508075   359.89591836734695  -0.09183673469387754 
   6257.025378701566  -15805.91547965659   359.90816326530614  -0.09183673469387754 
  4778.5501461291105 -15123.129987831804    359.9204081632653  -0.09183673469387754 
  3308.8603686400097 -14448.404708828128   359.93265306122447  -0.09183673469387754 
  1847.0074095051411 -13781.351187597385   359.94489795918366  -0.09183673469387754 
   392.0372462035667 -13121.576431905649   359.95714285714286  -0.09183673469387754 
 -1057.0095303769517 -12468.682912005806   359.96938775510205  -0.09183673469387754 
 -2501.0977167446567 -11822.268560300497   359.98163265306124  -0.09183673469387754 
  -3941.197497734328 -11181.926770982871   359.99387755102043  -0.09183673469387754 
    -5378.2844473497 -10547.246399692265 0.006122448979591855  -0.09183673469387754 
  -6813.339529670478  -9917.811763129994  0.01836734693877551  -0.09183673469387754 
  -8247.349099718518  -9293.202638696113 0.030612244897959162  -0.09183673469387754 
  -9681.304904381699  -8672.994264106519  0.04285714285714287  -0.09183673469387754 
 -11116.204083323084   -8056.75733699869 0.055102040816326525  -0.09183673469387754 
 -12553.049169900782  -7444.058014529628  0.06734693877551018  -0.09183673469387754 
 -13992.848092110515  -6834.457912974481  0.07959183673469389  -0.09183673469387754 
 -15436.614173518126  -6227.514107302901  0.09183673469387754  -0.09183673469387754 
 -16885.366134221476  -5622.779130759911   0.1040816326530612  -0.09183673469387754 
   -18340.1280918169  -5019.800974432784   0.1163265306122449  -0.09183673469387754 
 -19801.929562350124  -4418.123086803358  0.12857142857142856  -0.09183673469387754 
  19114.232059886046 -20044.636824268975   359.81020408163266  -0.07959183673469389 
  17532.624953172042 -19291.382446995856   359.82244897959185  -0.07959183673469389 
  15967.353631043306 -18548.838026948124   359.83469387755105  -0.07959183673469389 
  14417.512031139902  -17816.64996380136    359.8469387755102  -0.07959183673469389 
  12882.188711898358 -17094.460122258664    359.8591836734694  -0.07959183673469389 
  11360.466851745898 -16381.905831764812   359.87142857142857  -0.07959183673469389 
    9851.42424831713 -15678.619886236818   359.88367346938776  -0.07959183673469389 
   8354.133317758598 -14984.230543783076   359.89591836734695  -0.07959183673469389 
  6867.6610937931755  -14298.36152638864   359.90816326530614  -0.07959183673469389 
   5391.069227022644 -13620.632019649012    359.9204081632653  -0.07959183673469389 
  3923.4139840652824 -12950.656672411202   359.93265306122447  -0.07959183673469389 
  2463.7462467252853 -12288.045596508977   359.94489795918366  -0.07959183673469389 
  1011.1115111971093 -11632.404366397375   359.95714285714286  -0.07959183673469389 
 -435.45011286293135 -10983.334018826838   359.96938775510205  -0.07959183673469389 
 -1876.9039030693964 -10340.431052504648   359.98163265306124  -0.07959183673469389 
 -3314.2205252847975  -9703.287427745747   359.99387755102043  -0.07959183673469389 
   -4748.37603443584  -9071.490566103419 0.006122448979591855  -0.07959183673469389 
  -6180.351875430976  -8444.623350004429  0.01836734693877551  -0.07959183673469389 
   -7611.13488402104  -7822.264122368657 0.030612244897959162  -0.07959183673469389 
  -9041.717287733374  -7203.986686238208  0.04285714285714287  -0.07959183673469389 
 -10473.096706767474  -6589.360304365374 0.055102040816326525  -0.07959183673469389 
 -11906.276154933683  -5977.949698825404  0.06734693877551018  -0.07959183673469389 
 -13342.264040582808   -5369.31505060019  0.07959183673469389  -0.07959183673469389 
 -14782.074167538723  -4763.011999156272  0.09183673469387754  -0.07959183673469389 
 -16226.725736071978  -4158.591642027284   0.1040816326530612  -0.07959183673469389 
 -17677.243343851336 -3555.6005343732436   0.1163265306122449  -0.07959183673469389 
   -19134.6569869231    -2953.5806885393  0.12857142857142856  -0.07959183673469389 
  19717.238610909797  -18498.22675289646   359.81020408163266   -0.0673469387755102 
  18135.975758427317 -17752.319915707136   359.82244897959185   -0.0673469387755102 
  16571.202875042123 -17016.826607716343   359.83469387755105   -0.0673469387755102 
  15022.013416067877  -16291.39179688804    359.8469387755102   -0.0673469387755102 
  13487.495457668463  -15575.65591602127    359.8591836734694   -0.0673469387755102 
  11966.731696148345 -14869.254862495643   359.87142857142857   -0.0673469387755102 
  10458.799447126492 -14171.819997991659   359.88367346938776   -0.0673469387755102 
    8962.77064479037  -13482.97814818596   359.89591836734695   -0.0673469387755102 
   7477.711841032991 -12802.351602461114   359.90816326530614   -0.0673469387755102 
   6002.684204744431 -12129.558113621551    359.9204081632653   -0.0673469387755102 
    4536.74352088646 -11464.210897542207   359.93265306122447   -0.0673469387755102 
  3078.9401897532543 -10805.918632895751   359.94489795918366   -0.0673469387755102 
   1628.319226081481 -10154.285460787098   359.95714285714286   -0.0673469387755102 
  183.92025825716487  -9508.910984425116   359.96938775510205   -0.0673469387755102 
  -1255.222472643362  -8869.390268790461   359.98163265306124   -0.0673469387755102 
  -2690.080113580402  -8235.313840257755   359.99387755102043   -0.0673469387755102 
   -4121.62920053056  -7606.267686264715 0.006122448979591855   -0.0673469387755102 
  -5550.851659347196  -6981.833254910941  0.01836734693877551   -0.0673469387755102 
  -6978.734806631424  -6361.587454592091 0.030612244897959162   -0.0673469387755102 
  -8406.271350665116  -5745.102653621543  0.04285714285714287   -0.0673469387755102 
  -9834.459392315835  -5131.946679823705 0.055102040816326525   -0.0673469387755102 
  -11264.30242595554 -4521.6828201298895  0.06734693877551018   -0.0673469387755102 
  -12696.80934040789 -3913.8698201740167  0.07959183673469389   -0.0673469387755102 
 -14132.994419892773  -3308.061883869297  0.09183673469387754   -0.0673469387755102 
 -15573.877344969653 -2703.8086729763722   0.1040816326530612   -0.0673469387755102 
  -17020.48319350099 -2100.6553066687175   0.1163265306122449   -0.0673469387755102 
  -18473.84244165631 -1498.1423610915508  0.12857142857142856   -0.0673469387755102 
 -19934.990964855995   -895.805868901876   0.1408163265306122   -0.0673469387755102 
  20322.614866023665   -16963.3308888476   359.81020408163266 -0.055102040816326525 
  18741.383366868668  -16224.66485848838   359.82244897959185 -0.055102040816326525 
    17176.7951822353 -15496.114095965393   359.83469387755105 -0.055102040816326525 
  15627.943284940056 -14777.322137496549    359.8469387755102 -0.055102040816326525 
   14093.91526881692 -14067.927983963977    359.8591836734694 -0.055102040816326525 
  12573.793347928951  -13367.56610065942   359.87142857142857 -0.055102040816326525 
  11066.654355751767 -12675.866416977156   359.88367346938776 -0.055102040816326525 
   9571.569744412549 -11992.454326143012   359.89591836734695 -0.055102040816326525 
   8087.605583870971  -11316.95068490585   359.90816326530614 -0.055102040816326525 
   6613.822561163344 -10648.971813240803    359.9204081632653 -0.055102040816326525 
   5149.275979532975  -9988.129494022705   359.93265306122447 -0.055102040816326525 
  3693.0157576011675   -9334.03097272134   359.94489795918366 -0.055102040816326525 
  2244.0864285835983   -8686.27895704924   359.95714285714286 -0.055102040816326525 
   801.5271393883777  -8044.471616641751   359.96938775510205 -0.055102040816326525 
  -635.6283502234149  -7408.202582699238   359.98163265306124 -0.055102040816326525 
  -2068.351668488985  -6777.060947625243   359.99387755102043 -0.055102040816326525 
 -3497.6198325383225  -6150.631264686784 0.006122448979591855 -0.055102040816326525 
  -4924.415249288918  -5528.493547612253  0.01836734693877551 -0.055102040816326525 
  -6349.725716311158   -4910.22327022383 0.030612244897959162 -0.055102040816326525 
  -7774.544422763765  -4295.391366057173  0.04285714285714287 -0.055102040816326525 
  -9199.869950290935 -3683.5642279490066 0.055102040816326525 -0.055102040816326525 
 -10626.706273964564 -3074.3037076430473  0.06734693877551018 -0.055102040816326525 
 -12056.062763200287 -2467.1671153670704  0.07959183673469389 -0.055102040816326525 
 -13488.954182724794 -1861.7072194186412  0.09183673469387754 -0.055102040816326525 
 -14926.400693513711 -1257.4722457292253   0.1040816326530612 -0.055102040816326525 
 -16369.427853766085  -654.0058774279723   0.1163265306122449 -0.055102040816326525 
   -17819.0666198787 -50.847254393520544  0.12857142857142856 -0.055102040816326525 
 -19276.353347421544   552.4690271988374   0.1408163265306122 -0.055102040816326525 
  19349.279463517807 -14707.485820896325   359.82244897959185  -0.04285714285714287 
   17784.56175540462 -13985.767604705383   359.83469387755105  -0.04285714285714287 
  16235.732358455745 -13273.506665954937    359.8469387755102  -0.04285714285714287 
   14701.87838400732 -12570.340573584293    359.8591836734694  -0.04285714285714287 
  13182.081563782294 -11875.902360759297   359.87142857142857  -0.04285714285714287 
  11675.418248972284 -11189.820524569253   359.88367346938776  -0.04285714285714287 
  10180.959409583566 -10511.719025761231   359.89591836734695  -0.04285714285714287 
   8697.770633524751  -9841.217288403554   359.90816326530614  -0.04285714285714287 
  7224.9121258511905  -9177.930199622038    359.9204081632653  -0.04285714285714287 
   5761.438707941034  -8521.468109243611   359.93265306122447  -0.04285714285714287 
  4306.3998166944875   -7871.43682949744   359.94489795918366  -0.04285714285714287 
    2858.83950365878  -7227.437634679081   359.95714285714286  -0.04285714285714287 
  1417.7964341607387  -6589.067260789484   359.96938775510205  -0.04285714285714287 
 -17.696113496758645  -5955.917905214617   359.98163265306124  -0.04285714285714287 
  -1448.610248924862  -5327.577226348248   359.99387755102043  -0.04285714285714287 
  -2875.923470528244  -4703.628343228905 0.006122448979591855  -0.04285714285714287 
  -4300.618666403908 -4083.6498351671858  0.01836734693877551  -0.04285714285714287 
  -5723.684115218515 -3467.2157413703353 0.030612244897959162  -0.04285714285714287 
  -7146.113487117094  -2853.895560535995  0.04285714285714287  -0.04285714285714287 
  -8568.905844661213 -2243.2542504701582 0.055102040816326525  -0.04285714285714287 
  -9993.065643717156 -1634.8522276622984  0.06734693877551018  -0.04285714285714287 
 -11419.602734437207 -1028.2453668852543  0.07959183673469389  -0.04285714285714287 
 -12849.532362165015 -422.98500076051766  0.09183673469387754  -0.04285714285714287 
 -14283.875168426563  181.38208066871485   0.1040816326530612  -0.04285714285714287 
 -15723.657191868737   785.3136303809147   0.1163265306122449  -0.04285714285714287 
 -17169.909869251216   1389.271944824187  0.12857142857142856  -0.04285714285714287 
 -18623.670036426975  1993.7238643738708   0.1408163265306122  -0.04285714285714287 
 -20085.979929332058   2599.140773797394  0.15306122448979592  -0.04285714285714287 
   19960.09608234755 -13199.844885492332   359.82244897959185 -0.030612244897959162 
  18394.934146254596 -12484.847783931235   359.83469387755105 -0.030612244897959162 
  16845.811706034212 -11779.004599544996    359.8469387755102 -0.030612244897959162 
  15311.815390492702 -11081.951469300768    359.8591836734694 -0.030612244897959162 
  13792.026448844317 -10393.319994210526   359.87142857142857 -0.030612244897959162 
  12285.520749967083   -9712.73723903532   359.88367346938776 -0.030612244897959162 
  10791.368781551688  -9039.825731994892   359.89591836734695 -0.030612244897959162 
    9308.63564936336  -8374.203464462607   359.90816326530614 -0.030612244897959162 
  7836.3810763803585  -7715.483890662681    359.9204081632653 -0.030612244897959162 
   6373.659402023405  -7063.275927344914   359.93265306122447 -0.030612244897959162 
   4919.519581307975  -6417.183953465629   359.94489795918366 -0.030612244897959162 
   3473.005184006793   -5776.80780984397   359.95714285714286 -0.030612244897959162 
  2033.1543937511676  -5141.742798820465   359.96938775510205 -0.030612244897959162 
    599.000007311086 -4511.5796839212035   359.98163265306124 -0.030612244897959162 
   -830.430566459216  -3885.904689469996   359.99387755102043 -0.030612244897959162 
  -2256.115307342232 -3264.2995002483603 0.006122448979591855 -0.030612244897959162 
 -3679.0375847417286  -2646.341261098156  0.01836734693877551 -0.030612244897959162 
  -5100.186158526863 -2031.6025765466356 0.030612244897959162 -0.030612244897959162 
  -6520.555179966015 -1419.6515104152722  0.04285714285714287 -0.030612244897959162 
 -7941.1441926336765  -810.0515854137296 0.055102040816326525 -0.030612244897959162 
  -9362.958133343069 -202.36178273290986  0.06734693877551018 -0.030612244897959162 
 -10787.007333086085   403.8634583739949  0.07959183673469389 -0.030612244897959162 
 -12214.307517959336  1009.0742410169097  0.09183673469387754 -0.030612244897959162 
 -13645.879810148976  1613.7252111031567   0.1040816326530612 -0.030612244897959162 
 -15082.750728887453   2218.275557781294   0.1163265306122449 -0.030612244897959162 
   -16525.9521914199   2823.189013890458  0.12857142857142856 -0.030612244897959162 
  -17976.52151399709  3428.9338564199716   0.1408163265306122 -0.030612244897959162 
  -19435.50141288309  4035.9829069792254  0.15306122448979592 -0.030612244897959162 
  19008.344255685497 -10992.408819782157   359.83469387755105  -0.01836734693877551 
  17458.612746255258  -10292.86869167049    359.8469387755102  -0.01836734693877551 
  15924.157224563516  -9601.811991634644    359.8591836734694  -0.01836734693877551 
  14404.058457255462   -8918.86888850575   359.87142857142857  -0.01836734693877551 
  12897.391830703406    -8243.6650146777   359.88367346938776  -0.01836734693877551 
  11403.227350234049  -7575.821465819513   359.89591836734695  -0.01836734693877551 
    9920.62963932151  -6914.954800565413   359.90816326530614  -0.01836734693877551 
   8448.657938779283  -6260.677040209011    359.9204081632653  -0.01836734693877551 
   6986.366105947892   -5612.59566838086   359.93265306122447  -0.01836734693877551 
   5532.802613853718  -4970.313630720841   359.94489795918366  -0.01836734693877551 
  4087.0105503620593  -4333.429334541631   359.95714285714286  -0.01836734693877551 
   2648.027617346763  -3701.536648475771   359.96938775510205  -0.01836734693877551 
  1214.8861298095806  -3074.224902135343   359.98163265306124  -0.01836734693877551 
 -213.38698493811472 -2451.0788857458374   359.99387755102043  -0.01836734693877551 
 -1637.7701882192816 -1831.6788497654636 0.006122448979591855  -0.01836734693877551 
 -3059.2473308526187 -1215.6005045221539  0.01836734693877551  -0.01836734693877551 
  -4478.807654036664  -602.4150198191627 0.030612244897959162  -0.01836734693877551 
  -5897.445790275848    8.31097545658061  0.04285714285714287  -0.01836734693877551 
  -7316.161764297382      617.0153937459 0.055102040816326525  -0.01836734693877551 
  -8735.960993959967  1224.1406892134235  0.06734693877551018  -0.01836734693877551 
 -10157.854291225003    1830.13385818296  0.07959183673469389  -0.01836734693877551 
 -11582.857863073277  2435.4464395565074  0.09183673469387754  -0.01836734693877551 
 -13011.993312476992  3040.5345152530795   0.1040816326530612  -0.01836734693877551 
 -14446.287639372722  3645.8587106552186   0.1163265306122449  -0.01836734693877551 
 -15886.773241612049   4251.884195055625  0.12857142857142856  -0.01836734693877551 
 -17334.487915982147   4859.080682126288   0.1408163265306122  -0.01836734693877551 
 -18790.474859193866   5467.922430386596  0.15306122448979592  -0.01836734693877551 
 -20255.782668857086   6078.888243672173  0.16530612244897958  -0.01836734693877551 
   19625.22433425087   -9507.49843369883   359.83469387755105 -0.006122448979591855 
  18074.567247210627  -8814.145231013073    359.8469387755102 -0.006122448979591855 
  16539.335171926487  -8128.966996358537    359.8591836734694 -0.006122448979591855 
  15018.608392349252  -7451.592466353586   359.87142857142857 -0.006122448979591855 
  13511.461812286821   -6781.64584099327   359.88367346938776 -0.006122448979591855 
   12016.96495456006  -6118.746783363181   359.89591836734695 -0.006122448979591855 
  10534.181960259042  -5462.510419319191   359.90816326530614 -0.006122448979591855 
   9062.171587910376  -4812.547337193871    359.9204081632653 -0.006122448979591855 
  7599.9872126320915  -4168.463587453916   359.93265306122447 -0.006122448979591855 
   6146.676825362108 -3529.8606823847026   359.94489795918366 -0.006122448979591855 
   4701.283031973332  -2896.335595747214   359.95714285714286 -0.006122448979591855 
  3262.8430524083324 -2267.4807624219825   359.96938775510205 -0.006122448979591855 
  1830.3887198647371 -1642.8840780692283   359.98163265306124 -0.006122448979591855 
   402.9464799041809 -1022.1288987528193   359.99387755102043 -0.006122448979591855 
 -1020.4626103937918  -404.7940405773998 0.006122448979591855 -0.006122448979591855 
  -2440.822883411263  209.54622070282858  0.01836734693877551 -0.006122448979591855 
  -3859.124061787281   821.3221500605604 0.030612244897959162 -0.006122448979591855 
  -5276.361259389799  1430.9685536009922  0.04285714285714287 -0.006122448979591855 
 -6693.5349822022035  2038.9247789610492 0.055102040816326525 -0.006122448979591855 
 -8111.6511292769555   2645.634715728461  0.06734693877551018 -0.006122448979591855 
  -9531.720993654095  3251.5467958583836  0.07959183673469389 -0.006122448979591855 
 -10954.761263320213  3857.1139941064002  0.09183673469387754 -0.006122448979591855 
 -12381.794022163556   4462.793828466039   0.1040816326530612 -0.006122448979591855 
 -13813.846750940233   5069.048360614687   0.1163265306122449 -0.006122448979591855 
 -15251.952328256044    5676.34419637003  0.12857142857142856 -0.006122448979591855 
 -16697.149031551642   6285.152486152287   0.1408163265306122 -0.006122448979591855 
 -18150.480538095457   6895.948925454096  0.15306122448979592 -0.006122448979591855 
 -19612.995926003696   7509.213755324965  0.16530612244897958 -0.006122448979591855 
   20246.00698251627 -8029.1578815609555   359.83469387755105  0.006122448979591855 
  18694.107326881625  -7341.874040670168    359.8469387755102  0.006122448979591855 
    17157.7808680497  -6662.454873633055    359.8591836734694  0.006122448979591855 
  15636.107407204161  -5990.527684823464   359.87142857142857  0.006122448979591855 
  14128.161365426113  -5325.715241807982   359.88367346938776  0.006122448979591855 
  12633.011782969408  -4667.635775050274   359.89591836734695  0.006122448979591855 
  11149.722318396589 -4015.9029775962167   359.90816326530614  0.006122448979591855 
   9677.351247832077 -3370.1260047737555    359.9204081632653  0.006122448979591855 
   8214.951464089381 -2729.9094738500894   359.93265306122447  0.006122448979591855 
   6761.570475874686  -2094.853463713774   359.94489795918366  0.006122448979591855 
   5316.250406948278 -1464.5535145311599   359.95714285714286  0.006122448979591855 
  3878.0279952051696  -838.6006273841482   359.96938775510205  0.006122448979591855 
  2445.9345919437565 -216.58126393426664   359.98163265306124  0.006122448979591855 
  1018.9961608633918   401.9226539572286   359.99387755102043  0.006122448979591855 
 -403.76672271873565  1017.3337445977459 0.006122448979591855  0.006122448979591855 
 -1823.3388728282812  1630.0791668583627  0.01836734693877551  0.006122448979591855 
  -3240.710493677384   2240.590620534859 0.030612244897959162  0.006122448979591855 
  -4656.877180613387   2849.304346781535  0.04285714285714287  0.006122448979591855 
  -6072.839921010705   3456.661128491513 0.055102040816326525  0.006122448979591855 
  -7489.605095222604  4063.1062907292417  0.06734693877551018  0.006122448979591855 
   -8908.18447750289   4669.089701143305  0.07959183673469389  0.006122448979591855 
 -10329.595236964346   5275.065770404066  0.09183673469387754  0.006122448979591855 
 -11754.859938534848   5881.493452642397   0.1040816326530612  0.006122448979591855 
 -13185.006543924272   6488.836245897438   0.1163265306122449  0.006122448979591855 
 -14621.068412606806   7097.562192575447  0.12857142857142856  0.006122448979591855 
 -16064.084302806885   7708.143879913684   0.1408163265306122  0.006122448979591855 
 -17515.098372492917   8321.058440451934  0.15306122448979592  0.006122448979591855 
 -18975.160180397528   8936.787552519989  0.16530612244897958  0.006122448979591855 
 -20445.324687025157   9555.817440722873  0.17755102040816323  0.006122448979591855 
   19317.66545357647  -5875.088477283532    359.8469387755102   0.01836734693877551 
  17779.926298625753  -5201.307547131793    359.8591836734694   0.01836734693877551 
  16256.987004930921  -4534.705034468282   359.87142857142857   0.01836734693877551 
   14747.92151078532 -3874.9022743958712   359.88367346938776   0.01836734693877551 
   13251.79837371608  -3221.516064722857   359.89591836734695   0.01836734693877551 
  11767.680769651293 -2574.1586656452805   359.90816326530614   0.01836734693877551 
    10294.6264922188  -1932.437799449317    359.9204081632653   0.01836734693877551 
   8831.687951790185 -1295.9566501597608   359.93265306122447   0.01836734693877551 
   7377.912174754688  -664.3138632285898   359.94489795918366   0.01836734693877551 
   5932.340802599782  -37.10354517973019   359.95714285714286   0.01836734693877551 
   4494.010091126384   586.0847367424539   359.96938775510205   0.01836734693877551 
    3061.95090953837  1205.6659549266321   359.98163265306124   0.01836734693877551 
  1635.1887395921685   1822.059621765611   359.99387755102043   0.01836734693877551 
   212.7436747274199   2435.689790030247 0.006122448979591855   0.01836734693877551 
 -1206.3695808594168  3046.9850532559544  0.01836734693877551   0.01836734693877551 
 -2623.1417130681675  3656.3785461321536 0.030612244897959162   0.01836734693877551 
 -4038.5687988443324   4264.307944907474  0.04285714285714287   0.01836734693877551 
  -5453.652307081839   4871.215467796087 0.055102040816326525   0.01836734693877551 
  -6869.399099553832   5477.547875393587  0.06734693877551018   0.01836734693877551 
  -8286.821431853132   6083.756471104046  0.07959183673469389   0.01836734693877551 
  -9706.936954342777   6690.297101574563  0.09183673469387754   0.01836734693877551 
 -11130.768713114332    7297.63015713661   0.1040816326530612   0.01836734693877551 
 -12559.345150962055   7906.220572259747   0.1163265306122449   0.01836734693877551 
 -13993.700108352923   8516.537826004469  0.12857142857142856   0.01836734693877551 
 -15434.872824416994     9129.0559424908   0.1408163265306122   0.01836734693877551 
  -16883.90793796374   9744.253491383903  0.15306122448979592   0.01836734693877551 
 -18341.855488463145  10362.613588361362  0.16530612244897958   0.01836734693877551 
 -19809.770917081096  10984.623895615527  0.17755102040816323   0.01836734693877551 
   19945.67444632469  -4412.815430160583    359.8469387755102  0.030612244897959162 
  18406.203799932155  -3744.550473164742    359.8591836734694  0.030612244897959162 
  16881.679039166924 -3083.1485384446537   359.87142857142857  0.030612244897959162 
   15371.17361937533  -2428.229528602049   359.88367346938776  0.030612244897959162 
  13873.755615272792 -1779.4088087538655   359.89591836734695  0.030612244897959162 
  12388.487720063693 -1136.2972062097479   359.90816326530614  0.030612244897959162 
  10914.427244730261  -498.5010101718613    359.9204081632653  0.030612244897959162 
   9450.626117109783  134.37802861566098   359.93265306122447  0.030612244897959162 
   7996.130881123755   762.7426981836568   359.94489795918366  0.030612244897959162 
   6549.982695942845  1387.0003256910015   359.95714285714286  0.030612244897959162 
   5111.217335049758  2007.5627777850548   359.96938775510205  0.030612244897959162 
  3678.8651855414637  2624.8464609475122   359.98163265306124  0.030612244897959162 
   2251.951247039044  3239.2723218744763   359.99387755102043  0.030612244897959162 
   829.4951310277739   3851.265847849616 0.006122448979591855  0.030612244897959162 
  -589.4889402179962   4461.257067137223  0.01836734693877551  0.030612244897959162 
  -2005.992134396196   5069.680549361515 0.030612244897959162  0.030612244897959162 
  -3421.011010181202   5676.975405935666  0.04285714285714287  0.030612244897959162 
  -4835.547518098709   6283.585290440762 0.055102040816326525  0.030612244897959162 
  -6250.609001468764   6889.958399066703  0.06734693877551018  0.030612244897959162 
  -7667.208197351304   7496.547471039913  0.07959183673469389  0.030612244897959162 
  -9086.363237478741   8103.809789040945  0.09183673469387754  0.030612244897959162 
 -10509.097649235853   8712.207179670242   0.1040816326530612  0.030612244897959162 
 -11936.440356623898   9322.206013892684   0.1163265306122449  0.030612244897959162 
 -13369.425681232258   9934.277207492429  0.12857142857142856  0.030612244897959162 
  -14809.09334323283  10548.896221546562   0.1408163265306122  0.030612244897959162 
 -16256.488462389063  11166.543062908933  0.15306122448979592  0.030612244897959162 
  -17712.66155904372  11787.702284680701  0.16530612244897958  0.030612244897959162 
 -19178.668555164782  12412.862986722836  0.17755102040816323  0.030612244897959162 
  19037.046059225293  -2291.202639776274    359.8591836734694   0.04285714285714287 
  17510.615714353524 -1634.8757516084127   359.87142857142857   0.04285714285714287 
   15998.34941295488  -984.7131259359778   359.88367346938776   0.04285714285714287 
  14499.314746780028  -340.3286951458889   359.89591836734695   0.04285714285714287 
  13012.573926199631   298.6681463772237   359.90816326530614   0.04285714285714287 
  11537.183779439838   932.6725425554359    359.9204081632653   0.04285714285714287 
  10072.195751687015  1562.0841759680345   359.93265306122447   0.04285714285714287 
    8616.65590429752   2187.307268172372   359.94489795918366   0.04285714285714287 
   7169.604913973506  2808.7505800570034   359.95714285714286   0.04285714285714287 
   5730.078071820992  3426.8274122058433   359.96938775510205   0.04285714285714287 
   4297.105282620849  4041.9556052449047   359.98163265306124   0.04285714285714287 
  2869.7110638399117   4654.557540224199   359.99387755102043   0.04285714285714287 
  1446.9145448012625   5265.060138990348 0.006122448979591855   0.04285714285714287 
  27.729465814772635   5873.894864590074  0.01836734693877551   0.04285714285714287 
 -1388.8358227947626   6481.497721648098 0.030612244897959162   0.04285714285714287 
  -2803.778361528465   7088.309256780737  0.04285714285714287   0.04285714285714287 
  -4218.100582674831   7694.774559014137 0.055102040816326525   0.04285714285714287 
  -5632.810311221582   8301.343260183457  0.06734693877551018   0.04285714285714287 
  -7048.920765812615   8908.469535394683  0.07959183673469389   0.04285714285714287 
  -8467.450559688847   9516.612103440422  0.09183673469387754   0.04285714285714287 
   -9889.42370164899  10126.234227249432   0.1040816326530612   0.04285714285714287 
 -11315.869597023187  10737.803714344964   0.1163265306122449   0.04285714285714287 
  -12747.82304865373  11351.792917307119  0.12857142857142856   0.04285714285714287 
 -14186.324257884018  11968.678734242574   0.1408163265306122   0.04285714285714287 
 -15632.418825554236  12588.942609260394  0.15306122448979592   0.04285714285714287 
 -17087.157753022533   13213.07053296924  0.16530612244897958   0.04285714285714287 
 -18551.597443176586  13841.553042965992  0.17755102040816323   0.04285714285714287 
  -20026.79970146341  14474.885224340414  0.18979591836734694   0.04285714285714287 
  19672.886115146815  -840.2765658397938    359.8591836734694  0.055102040816326525 
  18144.229586245398 -188.89775961142624   359.87142857142857  0.055102040816326525 
   16629.88096440812  456.63728133596186   359.88367346938776  0.055102040816326525 
  15128.907358361028  1096.7160573805922   359.89591836734695  0.055102040816326525 
  13640.370495513054  1731.7306071041542   359.90816326530614  0.055102040816326525 
  12163.326721191206  2362.0775075943234    359.9204081632653  0.055102040816326525 
  10696.826997840557  2988.1578747976687   359.93265306122447  0.055102040816326525 
   9239.916904133124  3610.3773638423318   359.94489795918366  0.055102040816326525 
   7791.636634159899   4229.146169391854   359.95714285714286  0.055102040816326525 
     6351.0209965667   4844.879026016645   359.96938775510205  0.055102040816326525 
   4917.099413671963   5457.995208535565   359.98163265306124  0.055102040816326525 
  3488.8959206823374    6068.91853240327   359.99387755102043  0.055102040816326525 
   2065.429164660648  6678.0773540888085 0.006122448979591855  0.055102040816326525 
   645.7124037735393   7285.904571473002  0.01836734693877551  0.055102040816326525 
  -771.2464936887042   7892.837624230344 0.030612244897959162  0.055102040816326525 
 -2186.4450502147947    8499.31849425339  0.04285714285714287  0.055102040816326525 
  -3600.886179963094   9105.793706048156 0.055102040816326525  0.055102040816326525 
  -5015.578189725565   9712.714327187852  0.06734693877551018  0.055102040816326525 
  -6431.534779849648  10320.535968704256  0.07959183673469389  0.055102040816326525 
  -7849.775045203952  10929.718785563398  0.09183673469387754  0.055102040816326525 
   -9271.32347613335  11540.727477096703   0.1040816326530612  0.055102040816326525 
 -10697.209959425867  12154.031287454109   0.1163265306122449  0.055102040816326525 
 -12128.469779303081  12770.104006080775  0.12857142857142856  0.055102040816326525 
 -13566.143618399787  13389.423968176952   0.1408163265306122  0.055102040816326525 
 -15011.277558780474  14012.474055195871  0.15306122448979592  0.055102040816326525 
  -16464.92308293384  14639.741695316598  0.16530612244897958  0.055102040816326525 
 -17928.137074800536  15271.718863949971  0.17755102040816323  0.055102040816326525 
 -19401.981820808593  15908.902084248597  0.18979591836734694  0.055102040816326525 
   20314.15735809106   609.2216998638589    359.8591836734694   0.06734693877551018 
   18782.95356221387  1255.7808220254537   359.87142857142857   0.06734693877551018 
   17266.20069820753  1896.8185111120624   359.88367346938776   0.06734693877551018 
  15762.965391594767  2532.7237003103464   359.89591836734695   0.06734693877551018 
  14272.308886744293   3163.889861207118   359.90816326530614   0.06734693877551018 
  12793.287046009591  3790.7150040978004    359.9204081632653   0.06734693877551018 
  11324.950348934834   4413.601678340387   359.93265306122447   0.06734693877551018 
   9866.343891386196   5032.956972678549   359.94489795918366   0.06734693877551018 
   8416.507384755156   5649.192515602732   359.95714285714286   0.06734693877551018 
   6974.475155064206   6262.724475713859   359.96938775510205   0.06734693877551018 
   5539.276142153365   6873.973562077288   359.98163265306124   0.06734693877551018 
   4109.933898710919   7483.365024602803   359.99387755102043   0.06734693877551018 
    2685.46658951685   8091.328654436431 0.006122448979591855   0.06734693877551018 
  1264.8869904348053   8698.298784345801  0.01836734693877551   0.06734693877551018 
  -152.7975124150123   9304.714289117455 0.030612244897959162   0.06734693877551018 
 -1568.5849235946653   9911.018585975613  0.04285714285714287   0.06734693877551018 
  -2983.478639277276  10517.659634981144 0.055102040816326525   0.06734693877551018 
  -4398.487448172508  11125.089939482375  0.06734693877551018   0.06734693877551018 
  -5814.625532464906  11733.766546519144  0.07959183673469389   0.06734693877551018 
  -7232.912468776782   12344.15104729614  0.09183673469387754   0.06734693877551018 
  -8654.373229118784  12956.709577604674   0.1040816326530612   0.06734693877551018 
 -10080.038181869275   13571.91281829817   0.1163265306122449   0.06734693877551018 
 -11510.943092755304  14190.235995755562  0.12857142857142856   0.06734693877551018 
 -12948.129125839409   14812.15888235018   0.1408163265306122   0.06734693877551018 
 -14392.642844525952  15438.165796939928  0.15306122448979592   0.06734693877551018 
 -15845.536212573776  16068.745605359487  0.16530612244897958   0.06734693877551018 
 -17307.866595109554  16704.391720912034  0.17755102040816323   0.06734693877551018 
 -18780.696759668073   17345.60210488718  0.18979591836734694   0.06734693877551018 
 -20265.094877226154  17992.879267070482  0.20204081632653065   0.06734693877551018 
  19427.220901714085  2700.1618488376585   359.87142857142857   0.07959183673469389 
  17907.741390687544   3336.833852390453   359.88367346938776   0.07959183673469389 
  16401.921139854014   3968.698956268072   359.89591836734695   0.07959183673469389 
  14908.820910371018   4596.152065104811   359.90816326530614   0.07959183673469389 
  13427.496081509973   5219.592622447222    359.9204081632653   0.07959183673469389 
  11956.996649780465   5839.424611107993   359.93265306122447   0.07959183673469389 
  10496.367228174207   6456.056553496392   359.94489795918366   0.07959183673469389 
   9044.647045245461   7069.901511971786   359.95714285714286   0.07959183673469389 
   7600.869944279857   7681.377089220837   359.96938775510205   0.07959183673469389 
   6164.064382456354   8290.905428603406   359.98163265306124   0.07959183673469389 
   4733.253429933216   8898.913214542807   359.99387755102043   0.07959183673469389 
  3307.4547689922824   9505.831672912083 0.006122448979591855   0.07959183673469389 
  1885.6806931325534  10112.096571426357  0.01836734693877551   0.07959183673469389 
  466.93810617125695  10718.148220042895 0.030612244897959162   0.07959183673469389 
  -949.7714786685011  11324.431471366028  0.04285714285714287   0.07959183673469389 
  -2365.451939689276  11931.395721087249 0.055102040816326525   0.07959183673469389 
  -3781.112547642243  12539.494908383807  0.06734693877551018   0.07959183673469389 
  -5197.767966677217  13149.187516380369  0.07959183673469389   0.07959183673469389 
 -6616.4382552906845  13760.936572572158  0.09183673469387754   0.07959183673469389 
 -8038.1488672930245  14375.209649292208   0.1040816326530612   0.07959183673469389 
  -9463.930652775929  14992.478864159519   0.1163265306122449   0.07959183673469389 
 -10894.819859101057  15613.220880559831  0.12857142857142856   0.07959183673469389 
 -12331.858131884475  16237.916908109477   0.1408163265306122   0.07959183673469389 
 -13776.092516007482  16867.052703153997  0.15306122448979592   0.07959183673469389 
 -15228.575456623474   17501.11856925372  0.16530612244897958   0.07959183673469389 
 -16690.364800180152  18140.609357686593  0.17755102040816323   0.07959183673469389 
  -18162.52379545106  18786.024467958443  0.18979591836734694   0.07959183673469389 
  -19646.12109457788  19437.867848322345  0.20204081632653065   0.07959183673469389 
  20077.465216641256   4145.253648367875   359.87142857142857   0.09183673469387754 
  18554.936170580862   4777.693066215705   359.88367346938776   0.09183673469387754 
   17046.20724873314   5405.653019968135   359.89591836734695   0.09183673469387754 
  15550.338728927552   6029.529847349776   359.90816326530614   0.09183673469387754 
  14066.385507235938   6649.724425201518    359.9204081632653   0.09183673469387754 
  12593.397097063931    7266.64216983923   359.93265306122447   0.09183673469387754 
  11130.417628341163   7880.693037380862   359.94489795918366   0.09183673469387754 
   9676.485846708254   8492.291524107404   359.95714285714286   0.09183673469387754 
   8230.635112572867     9101.8566668415   359.96938775510205   0.09183673469387754 
   6791.893400371326   9709.812043288193   359.98163265306124   0.09183673469387754 
    5359.28329756705  10316.585772439708   359.99387755102043   0.09183673469387754 
   3931.822003855725  10922.610514953136 0.006122448979591855   0.09183673469387754 
   2508.521330235662  11528.323473545466  0.01836734693877551   0.09183673469387754 
  1088.3876980908528  12134.166393398944 0.030612244897959162   0.09183673469387754 
   -329.577861683674  12740.585562579912  0.04285714285714287   0.09183673469387754 
  -1746.379709643814  13348.031812445915 0.055102040816326525   0.09183673469387754 
  -3163.027598711296  13956.960518090882  0.06734693877551018   0.09183673469387754 
  -4580.536675120966  14567.831598768402  0.07959183673469389   0.09183673469387754 
  -5999.927479376103  15181.109518349918  0.09183673469387754   0.09183673469387754 
  -7422.225947207738  15797.263285765019   0.1040816326530612   0.09183673469387754 
   -8848.46341055367    16416.7664554798   0.1163265306122449   0.09183673469387754 
  -10279.67659853651   17040.09712795433  0.12857142857142856   0.09183673469387754 
 -11716.907638459135  17667.737950128012   0.1408163265306122   0.09183673469387754 
 -13161.204056804589   18300.17611590203  0.15306122448979592   0.09183673469387754 
 -14613.618780256476  18937.903366646224  0.16530612244897958   0.09183673469387754 
  -16075.21013671087  19581.415991687416  0.17755102040816323   0.09183673469387754 
 -17547.041856314405  20231.214828830492  0.18979591836734694   0.09183673469387754 
  19208.218519315265   6220.412386635712   359.88367346938776    0.1040816326530612 
   17696.25671640927    6844.60355917161   359.89591836734695    0.1040816326530612 
  16197.294857440038   7465.042309587096   359.90816326530614    0.1040816326530612 
   14710.38735515046   8082.130948062383    359.9204081632653    0.1040816326530612 
  13234.583239693806   8696.276324460732   359.93265306122447    0.1040816326530612 
  11768.926157859949   9307.889828659741   359.94489795918366    0.1040816326530612 
  10312.454372224802   9917.387390913247   359.95714285714286    0.1040816326530612 
   8864.200760253447  10525.189482227783   359.96938775510205    0.1040816326530612 
   7423.192813452445  11131.721114711465   359.98163265306124    0.1040816326530612 
   5988.452636498008  11737.411841975032   359.99387755102043    0.1040816326530612 
   4558.996946386405  12342.695759516684 0.006122448979591855    0.1040816326530612 
   3133.837071488594  12948.011505118113  0.01836734693877551    0.1040816326530612 
  1711.9789506380973   13553.80225924967 0.030612244897959162    0.1040816326530612 
   292.4231322592183  14160.515745486431  0.04285714285714287    0.1040816326530612 
 -1125.8352265687254  14768.604230931947 0.055102040816326525    0.1040816326530612 
 -2543.8063610584245  15378.524526647301  0.06734693877551018    0.1040816326530612 
  -3962.505899662555  15990.737988096136  0.07959183673469389    0.1040816326530612 
 -5382.9548650139695   16605.71051558012  0.09183673469387754    0.1040816326530612 
  -6806.179674897628   17223.91255471169   0.1040816326530612    0.1040816326530612 
  -8233.212143219618  17845.819096860894   0.1163265306122449    0.1040816326530612 
   -9665.08948099543  18471.909679642416  0.12857142857142856    0.1040816326530612 
   -11102.8542973437  19102.668387393252   0.1408163265306122    0.1040816326530612 
 -12547.554600482003  19738.583851649244  0.15306122448979592    0.1040816326530612 
 -14000.243798750384   20380.14925166121  0.16530612244897958    0.1040816326530612 
   19868.02227146198   7666.014521669543   359.88367346938776    0.1163265306122449 
  18352.502894119105    8286.57471565718   359.89591836734695    0.1163265306122449 
  16850.122163839133     8903.7150275267   359.90816326530614    0.1163265306122449 
  15359.934009946737   9517.839200842642    359.9204081632653    0.1163265306122449 
  13880.986979229403  10129.355519064788   359.93265306122447    0.1163265306122449 
  12412.324235228274  10738.676805882147   359.94489795918366    0.1163265306122449 
  10952.983557302048  11346.220425566595   359.95714285714286    0.1163265306122449 
   9501.997339843829  11952.408283361805   359.96938775510205    0.1163265306122449 
   8058.392591365468  12557.666825836483   359.98163265306124    0.1163265306122449 
   6621.190933615723  13162.427041277493   359.99387755102043    0.1163265306122449 
   5189.408600765312  13767.124460073372 0.006122448979591855    0.1163265306122449 
   3762.056438407251  14372.199155138183  0.01836734693877551    0.1163265306122449 
  2338.1399027309335  14978.095742279636 0.030612244897959162    0.1163265306122449 
   916.6590595730032   15585.26338066065  0.04285714285714287    0.1163265306122449 
 -503.39141647952175  16194.155773182763 0.055102040816326525    0.1163265306122449 
 -1923.0222430777674  16805.231166945734  0.06734693877551018    0.1163265306122449 
 -3343.2495310047398   17418.95235368695  0.07959183673469389    0.1163265306122449 
  -4765.094785151786  18035.786670213205  0.09183673469387754    0.1163265306122449 
  -6189.584905481916  18656.205998880792   0.1040816326530612    0.1163265306122449 
   -7617.75218800244  19280.686768048236   0.1163265306122449    0.1163265306122449 
  -9050.634325749268  19909.709952553487  0.12857142857142856    0.1163265306122449 
   19015.37948643719    9732.59710620474   359.89591836734695   0.12857142857142856 
   17509.25386932106  10346.580051925446   359.90816326530614   0.12857142857142856 
  16015.458209494522  10957.882668455204    359.9204081632653   0.12857142857142856 
  14533.040570278295  11566.914672897317   359.93265306122447   0.12857142857142856 
  13061.043631821125  12174.090322798023   359.94489795918366   0.12857142857142856 
  11598.504690209344  12779.828416500744   359.95714285714286   0.12857142857142856 
  10144.455656601851  13384.552293543911   359.96938775510205   0.12857142857142856 
   8697.923056369958  13988.689835005309   359.98163265306124   0.12857142857142856 
   7257.928028267621  14592.673463904413   359.99387755102043   0.12857142857142856 
   5823.486323465607  15196.940145590994 0.006122448979591855   0.12857142857142856 
   4393.608304700021  15801.931388153323  0.01836734693877551   0.12857142857142856 
  2967.2989453863393  16408.093242820094 0.030612244897959162   0.12857142857142856 
  1543.5578286502491  17015.876304379573  0.04285714285714287   0.12857142857142856 
  121.37914641005058   17625.73571161625 0.055102040816326525   0.12857142857142856 
 -1300.2483014848456   18238.13114772599  0.06734693877551018   0.12857142857142856 
 -2722.3411082985544  18853.526840790255  0.07959183673469389   0.12857142857142856 
  -4145.921261307003  19472.391564189966  0.09183673469387754   0.12857142857142856 
  -5572.016142779796   20095.19863709956   0.1040816326530612   0.12857142857142856 
  19685.320551780096  11183.707823588498   359.89591836734695    0.1408163265306122 
  18175.123548764568   11794.67590958929   359.90816326530614    0.1408163265306122 
  16677.393045206136  12403.301311912046    359.9204081632653    0.1408163265306122 
  15191.176620853219  13009.995181350956   359.93265306122447    0.1408163265306122 
  13715.516472364106   13615.17320935945   359.94489795918366    0.1408163265306122 
   12249.44941240315  14219.255628414025   359.95714285714286    0.1408163265306122 
   10792.00686877836  14822.667212392615   359.96938775510205    0.1408163265306122 
   9342.214883649582   15425.83727694177   359.98163265306124    0.1408163265306122 
   7899.094112570577  16029.199679873622   359.99387755102043    0.1408163265306122 
   6461.659823663678  16633.192821549364 0.006122448979591855    0.1408163265306122 
   5028.921896656645   17238.25964530014  0.01836734693877551    0.1408163265306122 
   3599.884822052537  17844.847637830066 0.030612244897959162    0.1408163265306122 
   2173.547700125256  18453.408829633656  0.04285714285714287    0.1408163265306122 
   748.9042400858581  19064.399795425106 0.055102040816326525    0.1408163265306122 
  -675.0572409231768  19678.281654580103  0.06734693877551018    0.1408163265306122 
 -2099.3538187476647  20295.520071580722  0.07959183673469389    0.1408163265306122 
  20362.760502780362  12640.950437587806   359.89591836734695   0.15306122448979592 
  18848.165131126003  13249.047604375875   359.90816326530614   0.15306122448979592 
   17346.17196246446  13855.141569325755    359.9204081632653   0.15306122448979592 
  15855.828092861308  14459.644916977972   359.93265306122447   0.15306122448979592 
  14376.175235302826  15062.974772742995   359.94489795918366   0.15306122448979592 
  12906.249718953706  15665.552803279521   359.95714285714286   0.15306122448979592 
  11445.082488155282   16267.80521686348   359.96938775510205   0.15306122448979592 
   9991.699101713823   16870.16276376499   359.98163265306124   0.15306122448979592 
   8545.119731907744  17473.060736648153   359.99387755102043   0.15306122448979592 
   7104.359163631421  18076.938970949348 0.006122448979591855   0.15306122448979592 
    5668.42679351272   18682.24184530451  0.01836734693877551   0.15306122448979592 
    4236.32662899649   19289.41828195021 0.030612244897959162   0.15306122448979592 
   2807.057287432513   19898.92174714882  0.04285714285714287   0.15306122448979592 
  19528.812899850538  14710.746618211526   359.90816326530614   0.16530612244897958 
   18022.22876100859  15314.456356939241    359.9204081632653   0.16530612244897958 
   16527.42830235765  15916.918230513249   359.93265306122447   0.16530612244897958 
   15043.45275315758  16518.550798356875   359.94489795918366   0.16530612244897958 
  13569.337958884942  17119.777161362686   359.95714285714286   0.16530612244897958 
  12104.114380339577   17721.02496226766   359.96938775510205   0.16530612244897958 
  10646.807092843068  18322.726386020222   359.98163265306124   0.16530612244897958 
   9196.435785239508   18925.31816018825   359.99387755102043   0.16530612244897958 
   7752.014759114922  19529.241555347988 0.006122448979591855   0.16530612244897958 
   6312.552927862113  20134.942385505638  0.01836734693877551   0.16530612244897958 
  20217.501493258846  16180.830912131943   359.90816326530614   0.17755102040816323 
   18705.99759533961   16782.30507015306    359.9204081632653   0.17755102040816323 
   17206.41092009855  17382.875951909387   359.93265306122447   0.17755102040816323 
  15717.782212966582  17982.963550893954   359.94489795918366   0.17755102040816323 
  14239.146835638876  18582.992402282016   359.95714285714286   0.17755102040816323 
  12769.534765225131  19183.391583325552   359.96938775510205   0.17755102040816323 
  11307.970593405913  19784.594713714778   359.98163265306124   0.17755102040816323 
     9853.4735255495  20387.039955985223   359.99387755102043   0.17755102040816323 
    19397.9129751007   18259.75358456927    359.9204081632653   0.18979591836734694 
   17893.20997185912  18858.585391379693   359.93265306122447   0.18979591836734694 
  16399.597156698077  19457.281775356354   359.94489795918366   0.18979591836734694 
  14916.109407419252  20056.268706021317   359.95714285714286   0.18979591836734694 
   20098.40976549904  19747.874257053994    359.9204081632653   0.20204081632653065 
   18588.25983883785  20345.120340459645   359.93265306122447   0.20204081632653065 
