\ This script generates Case-3 astrometry challenges. The telescope used in this
\ challenge is affected by distortion. Artificial sources tiled in a grid
\ pattern are generated. A list of source positions on the focal plane and
\ original ICRS coordinates is provided. Solve the position angle and distortion
\ parameters.
\pointing_ra=0.0
\pointing_dec=0.0
\position_angle=66.02562354723618
\distortion_K=(12.098113578301707,)
\distortion_S=(-5.739840733973393, -5.174753497539099)
\distortion_T=(-28.114376462048636,)
\distortion_scale=0.9947483019282185
|                  x|                  y|                  ra|                  dec|
|             double|             double|              double|               double|
|                 um|                 um|                 deg|                  deg|
|               null|               null|                null|                 null|
 -19127.750457166807  -18900.34486028422   359.93265306122447  -0.17755102040816326 
   -19751.8381573945  -17317.20019334413   359.94489795918366  -0.17755102040816326 
 -20379.979324308064 -15744.409438566088   359.95714285714286  -0.17755102040816326 
  -16819.40273909378 -19651.558897805677    359.9204081632653  -0.16530612244897958 
 -17438.550764031483  -18066.14359453413   359.93265306122447  -0.16530612244897958 
 -18061.587562874953 -16491.268634501415   359.94489795918366  -0.16530612244897958 
  -18688.63540664864 -14926.762561357895   359.95714285714286  -0.16530612244897958 
 -19319.813551581756 -13372.446325459361   359.96938775510205  -0.16530612244897958 
 -19955.238239201142 -11828.133283781783   359.98163265306124  -0.16530612244897958 
 -14537.016417276509 -20408.725547169728   359.90816326530614  -0.15306122448979592 
  -15151.48999937417 -18820.813569823098    359.9204081632653  -0.15306122448979592 
  -15769.68097381245   -17243.6241405761   359.93265306122447  -0.15306122448979592 
  -16391.71494286823   -15676.9903415253   359.94489795918366  -0.15306122448979592 
   -17017.7144938537 -14120.737661607483   359.95714285714286  -0.15306122448979592 
 -17647.799199275032 -12574.683996502108   359.96938775510205  -0.15306122448979592 
  -18282.08561691592 -11038.639648530056   359.98163265306124  -0.15306122448979592 
 -18920.687289966736   -9512.40732649996   359.99387755102043  -0.15306122448979592 
 -19563.714747138518  -7995.782145576961 0.006122448979591855  -0.15306122448979592 
 -20211.275502757653  -6488.551627089562  0.01836734693877551  -0.15306122448979592 
 -12890.184286785188  -19581.52998563236   359.90816326530614  -0.14081632653061224 
 -13503.801384424116 -18001.799423825374    359.9204081632653  -0.14081632653061224 
 -14121.086737507161 -16432.807009339012   359.93265306122447  -0.14081632653061224 
 -14742.166264643465 -14874.382769527885   359.94489795918366  -0.14081632653061224 
 -15367.162869473592 -13326.349138636866   359.95714285714286  -0.14081632653061224 
  -15996.19644079066  -11788.52095765972   359.96938775510205  -0.14081632653061224 
 -16629.383852664858 -10260.705474270551   359.98163265306124  -0.14081632653061224 
 -17266.838964537867  -8742.702342635774   359.99387755102043  -0.14081632653061224 
 -17908.672621348927   -7234.30362329141 0.006122448979591855  -0.14081632653061224 
  -18554.99265363745   -5735.29378294897  0.01836734693877551  -0.14081632653061224 
 -19205.903877627512   -4245.44969434222 0.030612244897959162  -0.14081632653061224 
 -19861.508095336696 -2764.5406360187085  0.04285714285714287  -0.14081632653061224 
  -10654.12302125671  -20348.60424319242   359.89591836734695  -0.12857142857142856 
 -11263.451594032898  -18766.10948580153   359.90816326530614  -0.12857142857142856 
 -11876.266993945892 -17194.531166900277    359.9204081632653  -0.12857142857142856 
 -12492.698471111367 -15633.703852084916   359.93265306122447  -0.12857142857142856 
 -13112.872260510154 -14083.454513986457   359.94489795918366  -0.12857142857142856 
 -13736.911582119426 -12543.602532142875   359.95714285714286  -0.12857142857142856 
  -14364.93664106418 -11013.959692883598   359.96938775510205  -0.12857142857142856 
  -14997.06462769927  -9494.330189215736   359.98163265306124  -0.12857142857142856 
  -15633.40971774127 -7984.5106206654145   359.99387755102043  -0.12857142857142856 
 -16274.083072379213  -6484.289993136154 0.006122448979591855  -0.12857142857142856 
  -16919.19283837745  -4993.449718711625  0.01836734693877551  -0.12857142857142856 
  -17568.84414816018 -3511.7636154988886 0.030612244897959162  -0.12857142857142856 
   -18223.1391199203 -2038.9979074165794  0.04285714285714287  -0.12857142857142856 
  -18882.17685769379  -574.9112239822769 0.055102040816326525  -0.12857142857142856 
 -19546.053451437398   880.7453999124922  0.06734693877551018  -0.12857142857142856 
 -20214.861977127573  2328.2285242427088  0.07959183673469389  -0.12857142857142856 
  -9048.095373444947 -19536.860863059715   359.89591836734695   -0.1163265306122449 
  -9656.732887471433 -17962.472951030857   359.90816326530614   -0.1163265306122449 
 -10268.801692722142  -16399.01464657276    359.9204081632653   -0.1163265306122449 
 -10884.431355744782 -14846.317460541357   359.93265306122447   -0.1163265306122449 
 -11503.748427913844 -13304.205310839168   359.94489795918366   -0.1163265306122449 
 -12126.876445583983 -11772.494522314459   359.95714285714286   -0.1163265306122449 
 -12753.935930209462  -10250.99382660622   359.96938775510205   -0.1163265306122449 
 -13385.044388474036   -8739.50436207216   359.98163265306124   -0.1163265306122449 
 -14020.316312372557  -7237.819673580383   359.99387755102043   -0.1163265306122449 
 -14659.863179361633   -5745.72571239582 0.006122448979591855   -0.1163265306122449 
   -15303.7934524422  -4263.000835962733  0.01836734693877551   -0.1163265306122449 
 -15952.212580243124  -2789.415807746781 0.030612244897959162   -0.1163265306122449 
  -16605.22299715216 -1324.7337970239578  0.04285714285714287   -0.1163265306122449 
 -17262.924123359448   131.2896213433148 0.055102040816326525   -0.1163265306122449 
  -17925.41236496456  1578.9064671301478  0.06734693877551018   -0.1163265306122449 
  -18592.78111405378   3018.376354996734  0.07959183673469389   -0.1163265306122449 
 -19265.120748752022  4449.9664947457195  0.09183673469387754   -0.1163265306122449 
 -19942.518633296688   5873.951691593509   0.1040816326530612   -0.1163265306122449 
  -6857.157464264364 -20314.351627513668   359.88367346938776  -0.10408163265306122 
  -7461.922564623295 -18736.934033696696   359.89591836734695  -0.10408163265306122 
 -8069.9274806609355  -17170.62042517149   359.90816326530614  -0.10408163265306122 
  -8681.305110692252 -15615.246850900881    359.9204081632653  -0.10408163265306122 
  -9296.185337714162 -14070.641766978966   359.93265306122447  -0.10408163265306122 
  -9914.695029530765 -12536.626036593863   359.94489795918366  -0.10408163265306122 
 -10536.958038892779 -11013.012929895907   359.95714285714286  -0.10408163265306122 
 -11163.095203621378  -9499.608123844067   359.96938775510205  -0.10408163265306122 
 -11793.224346724797  -7996.209702120589   359.98163265306124  -0.10408163265306122 
 -12427.460276523221  -6502.608154949285   359.99387755102043  -0.10408163265306122 
 -13065.914786734687  -5018.586378931354 0.006122448979591855  -0.10408163265306122 
 -13708.696656607655 -3543.9196768604415  0.01836734693877551  -0.10408163265306122 
 -14355.911651005174  -2078.375757550762 0.030612244897959162  -0.10408163265306122 
 -15007.662520494894  -621.7147356113601  0.04285714285714287  -0.10408163265306122 
 -15664.049001433688   826.3108687689218 0.055102040816326525  -0.10408163265306122 
 -16325.167816065099  2265.9561300560463  0.06734693877551018  -0.10408163265306122 
 -16991.112672573385   3697.483717619545  0.07959183673469389  -0.10408163265306122 
  -17661.97426517835  5121.1638959972515  0.09183673469387754  -0.10408163265306122 
 -18337.840274183578   6537.274525170784   0.1040816326530612  -0.10408163265306122 
 -19018.795366034345  7946.1010608537335   0.1163265306122449  -0.10408163265306122 
   -19704.9211933839   9347.936554799799  0.12857142857142856  -0.10408163265306122 
 -20396.296395138572  10743.081655121048   0.1408163265306122  -0.10408163265306122 
  -5291.235142453107 -19518.207622387996   359.88367346938776  -0.09183673469387754 
  -5895.488357103518 -17948.817995368245   359.89591836734695  -0.09183673469387754 
  -6502.919452338975 -16390.543092692038   359.90816326530614  -0.09183673469387754 
  -7113.661642994834   -14843.2159085445    359.9204081632653  -0.09183673469387754 
  -7727.845128563774 -13306.661844289418   359.93265306122447  -0.09183673469387754 
  -8345.597093299175  -11780.69870838265   359.94489795918366  -0.09183673469387754 
   -8967.04170637303 -10265.136716275081   359.95714285714286  -0.09183673469387754 
  -9592.300121999675  -8759.778490244991   359.96938775510205  -0.09183673469387754 
 -10221.490479540687 -7264.4190592962705   359.98163265306124  -0.09183673469387754 
 -10854.727903635114  -5778.845858981839   359.99387755102043  -0.09183673469387754 
 -11492.124504298024  -4302.838731240906 0.006122448979591855  -0.09183673469387754 
 -12133.789377040022  -2836.169924199603  0.01836734693877551  -0.09183673469387754 
 -12779.828602945316 -1378.6040919965444 0.030612244897959162  -0.09183673469387754 
 -13430.345248781343   70.10170544091608  0.04285714285714287  -0.09183673469387754 
 -14085.439367080478  1510.1980026207682 0.055102040816326525  -0.09183673469387754 
 -14745.207996217123  2941.9429287245994  0.06734693877551018  -0.09183673469387754 
 -15409.745160495791   4365.602207861548  0.07959183673469389  -0.09183673469387754 
   -16079.1418702082   5781.449159333265  0.09183673469387754  -0.09183673469387754 
 -16753.486121709124   7189.764697916314   0.1040816326530612  -0.09183673469387754 
  -17432.86289747545   8590.837334157579   0.1163265306122449  -0.09183673469387754 
  -18117.35416615452   9984.963174680232  0.12857142857142856  -0.09183673469387754 
 -18807.038882618413  11372.445922508154   0.1408163265306122  -0.09183673469387754 
  -19501.99298800215  12753.596877399423  0.15306122448979592  -0.09183673469387754 
 -20202.289409753994   14128.73493620378  0.16530612244897958  -0.09183673469387754 
  -3144.030707571068  -20306.57846050941   359.87142857142857  -0.07959183673469389 
 -3744.8578143725967 -18733.895700282657   359.88367346938776  -0.07959183673469389 
  -4348.661278341091  -17172.49812898698   359.89591836734695  -0.07959183673469389 
  -4955.577646419399 -15622.223278704638   359.90816326530614  -0.07959183673469389 
  -5565.740450001864 -14082.901088854362    359.9204081632653  -0.07959183673469389 
  -6179.280205096523  -12554.35390604597   359.93265306122447  -0.07959183673469389 
  -6796.324412447246 -11036.396484026382   359.94489795918366  -0.07959183673469389 
  -7416.997557670752  -9528.835983535248   359.95714285714286  -0.07959183673469389 
  -8041.421111392559  -8031.471972157744   359.96938775510205  -0.07959183673469389 
  -8669.713529350123  -6544.096424213285   359.98163265306124  -0.07959183673469389 
  -9301.990252524589  -5066.493720575659   359.99387755102043  -0.07959183673469389 
  -9938.363707237026 -3598.4406485034337 0.006122448979591855  -0.07959183673469389 
  -10578.94330526863  -2139.706401438166  0.01836734693877551  -0.07959183673469389 
 -11223.835443947994  -690.0525788270952 0.030612244897959162  -0.07959183673469389 
 -11873.143506242843   750.7668141088249  0.04285714285714287  -0.07959183673469389 
 -12526.967860854142  2183.0053665984697 0.055102040816326525  -0.07959183673469389 
 -13185.405862302645  3606.9242625660995  0.06734693877551018  -0.07959183673469389 
 -13848.551850999296   5022.792280888863  0.07959183673469389  -0.07959183673469389 
 -14516.497153313125   6430.885795665625  0.09183673469387754  -0.07959183673469389 
 -15189.330081642302   7831.488776502707   0.1040816326530612  -0.07959183673469389 
 -15867.135934477006   9224.892788814408   0.1163265306122449  -0.07959183673469389 
 -16549.996996451722  10611.396994135095  0.12857142857142856  -0.07959183673469389 
  -17237.99253838816   11991.30815044155   0.1408163265306122  -0.07959183673469389 
 -17931.198817352135  13364.940612501132  0.15306122448979592  -0.07959183673469389 
 -18629.689076683117  14732.616332221194  0.16530612244897958  -0.07959183673469389 
 -19333.533546028186  16094.664859017626  0.17755102040816323  -0.07959183673469389 
 -20042.799441369316  17451.423340196925  0.18979591836734694  -0.07959183673469389 
 -1617.3703139200845 -19526.133419079368   359.87142857142857   -0.0673469387755102 
 -2217.8784560928666 -17961.395438608986   359.88367346938776   -0.0673469387755102 
 -2821.2946209264724 -16407.950956165994   359.89591836734695   -0.0673469387755102 
  -3427.755671996192  -14865.63444903665   359.90816326530614   -0.0673469387755102 
 -4037.3954572895004 -13334.272801876059    359.9204081632653   -0.0673469387755102 
  -4650.344809366803 -11813.685306548308   359.93265306122447   -0.0673469387755102 
  -5266.731545485689 -10303.683662076073   359.94489795918366   -0.0673469387755102 
  -5886.680467733057  -8804.071974480468   359.95714285714286   -0.0673469387755102 
  -6510.313363173485 -7314.6467566527135   359.96938775510205   -0.0673469387755102 
 -7137.7490039397635   -5835.19692821359   359.98163265306124   -0.0673469387755102 
  -7769.103147371924  -4365.503815343116   359.99387755102043   -0.0673469387755102 
   -8404.48853611231  -2905.341150603288 0.006122448979591855   -0.0673469387755102 
  -9044.014898230142 -1454.4750727335597  0.01836734693877551   -0.0673469387755102 
  -9687.788947288807  -12.66412646561203 0.030612244897959162   -0.0673469387755102 
 -10335.914382486766  1420.3407377062117  0.04285714285714287   -0.0673469387755102 
 -10988.491888695371  2844.7961637604903 0.055102040816326525   -0.0673469387755102 
 -11645.619136570844   4260.966390391794  0.06734693877551018   -0.0673469387755102 
 -12307.390782629149   5669.123251274822  0.07959183673469389   -0.0673469387755102 
  -12973.89846931878   7069.546175341711  0.09183673469387754   -0.0673469387755102 
  -13645.23082507303   8462.522187064194   0.1040816326530612   -0.0673469387755102 
 -14321.473464385965   9848.345906762986   0.1163265306122449   -0.0673469387755102 
 -15002.708987864195   11227.31955092397  0.12857142857142856   -0.0673469387755102 
  -15689.01698226999    12599.7529325243   0.1408163265306122   -0.0673469387755102 
 -16380.474020573047  13965.963461381778  0.15306122448979592   -0.0673469387755102 
 -17077.153661989974  15326.276144514506  0.16530612244897958   -0.0673469387755102 
  -17779.12645200849  16681.023586506086  0.17755102040816323   -0.0673469387755102 
  -18486.45992242594   18030.54598990038  0.18979591836734694   -0.0673469387755102 
 -19199.218591363777  19375.191155595345  0.20204081632653065   -0.0673469387755102 
  487.67871480849857   -20325.8025672265    359.8591836734694 -0.055102040816326525 
 -109.87982161956947  -18757.51003651699   359.87142857142857 -0.055102040816326525 
  -710.1348087345017 -17200.677555498864   359.88367346938776 -0.055102040816326525 
 -1313.2264425467101 -15655.144139245735   359.89591836734695 -0.055102040816326525 
 -1919.2919033046403 -14120.741210260658   359.90816326530614 -0.055102040816326525 
  -2528.465355621408 -12597.292598419965    359.9204081632653 -0.055102040816326525 
 -3140.8779486430744  -11084.61454084692   359.93265306122447 -0.055102040816326525 
 -3756.6578161674893  -9582.515681827808   359.94489795918366 -0.055102040816326525 
  -4375.930076784941  -8090.797072670461   359.95714285714286 -0.055102040816326525 
  -4998.816834015848 -6609.2521715491175   359.96938775510205 -0.055102040816326525 
  -5625.437176414062  -5137.666843379346   359.98163265306124 -0.055102040816326525 
 -6255.9071776890605   -3675.81935962522   359.99387755102043 -0.055102040816326525 
  -6890.339896827823  -2223.480398141158 0.006122448979591855 -0.055102040816326525 
   -7528.84537819428  -780.4130429406964  0.01836734693877551 -0.055102040816326525 
  -8171.530651611522   653.6272159808802 0.030612244897959162 -0.055102040816326525 
   -8818.49973249288  2078.8924828846116  0.04285714285714287 -0.055102040816326525 
  -9469.853621888711   3495.642456523009 0.055102040816326525 -0.055102040816326525 
 -10125.690306607201   4904.144430395424  0.06734693877551018 -0.055102040816326525 
 -10786.104759262253   6304.673293006439  0.07959183673469389 -0.055102040816326525 
 -11451.188938369636   7697.511528154279  0.09183673469387754 -0.055102040816326525 
 -12121.031788396485   9082.949215216293   0.1040816326530612 -0.055102040816326525 
 -12795.719239831415  10461.284029460481   0.1163265306122449 -0.055102040816326525 
 -13475.334209239149  11832.821242366428  0.12857142857142856 -0.055102040816326525 
 -14159.956599303467  13197.873721954098   0.1408163265306122 -0.055102040816326525 
 -14849.663298888518   14556.76193314659  0.15306122448979592 -0.055102040816326525 
 -15544.528183059878   15909.81393811749  0.16530612244897958 -0.055102040816326525 
  -16244.62211312677  17257.365396674457  0.17755102040816323 -0.055102040816326525 
  -16950.01293667454  18599.759566654186  0.18979591836734694 -0.055102040816326525 
 -17660.765487577344  19937.347304317056  0.20204081632653065 -0.055102040816326525 
  1976.0648216352183 -19561.108474049273    359.8591836734694  -0.04285714285714287 
  1378.6185798603242  -18000.67322748355   359.87142857142857  -0.04285714285714287 
   778.5506216066949 -16451.703909825508   359.88367346938776  -0.04285714285714287 
  175.72043407753293 -14914.036481331405   359.89591836734695  -0.04285714285714287 
 -430.00947965509476 -13387.499309700193   359.90816326530614  -0.04285714285714287 
  -1038.773600874418 -11871.913170051605    359.9204081632653  -0.04285714285714287 
 -1650.7033953439188 -10367.091244750596   359.93265306122447  -0.04285714285714287 
 -2265.9273134337395  -8872.839123348562   359.94489795918366  -0.04285714285714287 
   -2884.57079025971  -7388.954802417689   359.95714285714286  -0.04285714285714287 
  -3506.756245825054  -5915.228685411847   359.96938775510205  -0.04285714285714287 
  -4132.603085121427  -4451.443582521835   359.98163265306124  -0.04285714285714287 
 -4762.2276982603835 -2997.3747104901013   359.99387755102043  -0.04285714285714287 
  -5395.743460572244   -1552.78969242896 0.006122448979591855  -0.04285714285714287 
  -6033.260732729682 -117.44855760930831  0.01836734693877551  -0.04285714285714287 
  -6674.886860836992  1308.8962587340768 0.030612244897959162  -0.04285714285714287 
  -7320.726176515405   2726.499915643473  0.04285714285714287  -0.04285714285714287 
  -7970.879997020667   4135.625166681935 0.055102040816326525  -0.04285714285714287 
  -8625.446625285493   5536.542360176105  0.06734693877551018  -0.04285714285714287 
   -9284.52135004022   6929.529439502685  0.07959183673469389  -0.04285714285714287 
  -9948.196445860442   8314.871943362074  0.09183673469387754  -0.04285714285714287 
  -10616.56117323776   9692.863006075826   0.1040816326530612  -0.04285714285714287 
 -11289.701778645604  11063.803357901113   0.1163265306122449  -0.04285714285714287 
 -11967.701494594981  12428.001325356185  0.12857142857142856  -0.04285714285714287 
  -12650.64053968369  13785.772831558259   0.1408163265306122  -0.04285714285714287 
 -13338.596118637683  15137.441396572296  0.15306122448979592  -0.04285714285714287 
  -14031.64242236093   16483.33813778851  0.16530612244897958  -0.04285714285714287 
 -14729.850627961683   17823.80177029524  0.17755102040816323  -0.04285714285714287 
 -15433.288898781499  19159.178607273705  0.18979591836734694  -0.04285714285714287 
   4040.724704161938 -20372.448839241693    359.8469387755102 -0.030612244897959162 
   3445.721367770046  -18808.19965935479    359.8591836734694 -0.030612244897959162 
  2848.3179361979965   -17255.5790473937   359.87142857142857 -0.030612244897959162 
  2248.3705638978854 -15714.427501218257   359.88367346938776 -0.030612244897959162 
  1645.7384212844836 -14184.577926264128   359.89591836734695 -0.030612244897959162 
  1040.2836946535738 -12665.855635444279   359.90816326530614 -0.030612244897959162 
   431.8715860565241  -11158.07834909548    359.9204081632653 -0.030612244897959162 
  -179.6296869492558  -9661.056194827706   359.93265306122447 -0.030612244897959162 
  -794.3488913123101 -8174.5917074433855   359.94489795918366 -0.030612244897959162 
 -1412.4117787105765  -6698.479828779388   359.95714285714286 -0.030612244897959162 
 -2033.9410856513161 -5232.5079075414205   359.96938775510205 -0.030612244897959162 
 -2659.0565335885176 -3776.4556991873974   359.98163265306124 -0.030612244897959162 
  -3287.874829042832 -2330.0953657073737   359.99387755102043 -0.030612244897959162 
  -3920.509663718158  -893.1914754641892 0.006122448979591855 -0.030612244897959162 
  -4557.071714611532   534.4989970438642  0.01836734693877551 -0.030612244897959162 
  -5197.668644096582  1953.2266713707043 0.030612244897959162 -0.030612244897959162 
  -5842.405100035985  3363.2497613692717  0.04285714285714287 -0.030612244897959162 
  -6491.382715867033   4764.834075438208 0.055102040816326525 -0.030612244897959162 
  -7144.700110677334   6158.253016775586  0.06734693877551018 -0.030612244897959162 
  -7802.452889299233   7543.787583663672  0.07959183673469389 -0.030612244897959162 
  -8464.733642360407   8921.726369738351  0.09183673469387754 -0.030612244897959162 
  -9131.631946374353  10292.365564310248   0.1040816326530612 -0.030612244897959162 
  -9803.234363794209  11656.008952674458   0.1163265306122449 -0.030612244897959162 
 -10479.624443062849  13012.967916432273  0.12857142857142856 -0.030612244897959162 
 -11160.882718668865  14363.561433839166   0.1408163265306122 -0.030612244897959162 
 -11847.086711199176  15708.116080170928  0.15306122448979592 -0.030612244897959162 
 -12538.310927362647   17046.96602807452  0.16530612244897958 -0.030612244897959162 
 -13234.626860044726  18380.453047977957  0.17755102040816323 -0.030612244897959162 
 -13936.102988320143   19708.92650846872  0.18979591836734694 -0.030612244897959162 
   5491.968412571717 -19623.510075060727    359.8469387755102  -0.01836734693877551 
   4896.856950958846  -18067.02637506192    359.8591836734694  -0.01836734693877551 
  4299.4265283867035  -16522.17469238442   359.87142857142857  -0.01836734693877551 
  3699.5329823911165   -14988.7924700376   359.88367346938776  -0.01836734693877551 
  3097.0351665846747 -13466.709558643857   359.89591836734695  -0.01836734693877551 
   2491.794950472148 -11955.748216317033   359.90816326530614  -0.01836734693877551 
   1883.677219352729 -10455.723108616448    359.9204081632653  -0.01836734693877551 
  1272.5498741232773  -8966.441308383028   359.93265306122447  -0.01836734693877551 
    658.283831203267  -7487.702295660092   359.94489795918366  -0.01836734693877551 
  40.753022308870904  -6019.297957526235   359.95714285714286  -0.01836734693877551 
   -580.165605569463    -4561.0125879417   359.96938775510205  -0.01836734693877551 
 -1204.5920903760443 -3112.6228875999113   359.98163265306124  -0.01836734693877551 
 -1832.6434550664328  -1673.897963724344   359.99387755102043  -0.01836734693877551 
  -2464.433707725483 -244.59932989728836 0.006122448979591855  -0.01836734693877551 
 -3100.0738416860972  1175.5190941767282  0.01836734693877551  -0.01836734693877551 
 -3739.6718356120964  2586.7109828678995 0.030612244897959162  -0.01836734693877551 
  -4383.332653607338   3989.237604871936  0.04285714285714287  -0.01836734693877551 
  -5031.158245301739   5383.367823458251 0.055102040816326525  -0.01836734693877551 
   -5683.24754593399  6769.3780967315315  0.06734693877551018  -0.01836734693877551 
  -6339.696476432093   8147.552477910642  0.07959183673469389  -0.01836734693877551 
  -7000.597943487594   9518.182615621583  0.09183673469387754  -0.01836734693877551 
   -7666.04183962275  10881.567754202326   0.1040816326530612  -0.01836734693877551 
  -8336.115043256457  12238.014734027267   0.1163265306122449  -0.01836734693877551 
  -9010.901418754926  13587.837991832135  0.12857142857142856  -0.01836734693877551 
  -9690.481816484664  14931.359561063042   0.1408163265306122  -0.01836734693877551 
 -10374.934072869633  16268.909072254162  0.15306122448979592  -0.01836734693877551 
 -11064.333010413928   17600.82375337719  0.16530612244897958  -0.01836734693877551 
 -11758.750437747807   18927.44843024637  0.17755102040816323  -0.01836734693877551 
 -12458.255149659659   20249.13552692533  0.18979591836734694  -0.01836734693877551 
  7518.1936081358845  -20446.84923550401   359.83469387755105 -0.006122448979591855 
   6924.988150965376 -18886.294252701056    359.8469387755102 -0.006122448979591855 
   6329.695404417933 -17337.530013807907    359.8591836734694 -0.006122448979591855 
   5732.167872786332 -15800.398499306197   359.87142857142857 -0.006122448979591855 
   5132.261076681211 -14274.734097365239   359.88367346938776 -0.006122448979591855 
   4529.833552815496 -12760.363603776485   359.89591836734695 -0.006122448979591855 
  3924.7468539056517 -11257.106221857199   359.90816326530614 -0.006122448979591855 
   3316.865548451513  -9764.773562382214    359.9204081632653 -0.006122448979591855 
  2706.0572206544607  -8283.169643412964   359.93265306122447 -0.006122448979591855 
    2092.19247025265  -6812.090890216757   359.94489795918366 -0.006122448979591855 
   1475.144912388623  -5351.326135110973   359.95714285714286 -0.006122448979591855 
   854.7911774696132 -3900.6566172729686   359.96938775510205 -0.006122448979591855 
  231.01091105494822 -2459.8559826249916   359.98163265306124 -0.006122448979591855 
  -396.3132262650676 -1028.6902835966252   359.99387755102043 -0.006122448979591855 
 -1027.2955589672583  393.08202102839465 0.006122448979591855 -0.006122448979591855 
 -1662.0473967425216  1805.7100663773085  0.01836734693877551 -0.006122448979591855 
  -2300.677034545468  3209.4505816609535 0.030612244897959162 -0.006122448979591855 
  -2943.289752734563   4604.567890455949  0.04285714285714287 -0.006122448979591855 
 -3589.9878171336636   5991.333910931031 0.055102040816326525 -0.006122448979591855 
   -4240.87047913491   7370.028156137742  0.06734693877551018 -0.006122448979591855 
 -4896.0339757669435   8740.937734275692  0.07959183673469389 -0.006122448979591855 
   -5555.57152977487   10104.35734899814  0.09183673469387754 -0.006122448979591855 
  -6219.573349687125  11460.589299719444   0.1040816326530612 -0.006122448979591855 
  -6888.126629877629  12809.943481937451   0.1163265306122449 -0.006122448979591855 
  -7561.315550625332  14152.737387574989  0.12857142857142856 -0.006122448979591855 
   -8239.22127816495  15489.296105329257   0.1408163265306122 -0.006122448979591855 
  -8921.921964731093   16819.95232103341  0.15306122448979592 -0.006122448979591855 
  -9609.492748605628  18145.046318047218  0.16530612244897958 -0.006122448979591855 
 -10302.005754147767   19464.92597764094  0.17755102040816323 -0.006122448979591855 
   8933.571058503563 -19713.622577128015   359.83469387755105  0.006122448979591855 
   8340.023305142482   -18160.7369612432    359.8469387755102  0.006122448979591855 
   7744.475797028649  -16619.64310889183    359.8591836734694  0.006122448979591855 
   7146.780721419456 -15090.179945683167   359.87142857142857  0.006122448979591855 
   6546.793281910188 -13572.178804940091   359.88367346938776  0.006122448979591855 
  5944.3716983479635 -12065.463427633189   359.89591836734695  0.006122448979591855 
   5339.377206536202 -10569.849962268278   359.90816326530614  0.006122448979591855 
   4731.674058214566  -9085.146964818796    359.9204081632653  0.006122448979591855 
   4121.129520812866 -7611.1553985598375   359.93265306122447  0.006122448979591855 
  3507.6138773787284  -6147.668633974201   359.94489795918366  0.006122448979591855 
  2891.0004264376853  -4694.472448588711   359.95714285714286  0.006122448979591855 
   2271.165481792852 -3251.3450267934913   359.96938775510205  0.006122448979591855 
  1647.9883725098575 -1818.0569597033343   359.98163265306124  0.006122448979591855 
  1021.3514426821308 -394.37124494210906   359.99387755102043  0.006122448979591855 
  391.14005140633657   1019.956713544907 0.006122448979591855  0.006122448979591855 
  -242.7574273373526  2425.1791057387723  0.01836734693877551  0.006122448979591855 
  -880.4496048336318   3821.555715724932 0.030612244897959162  0.006122448979591855 
  -1522.042077691553   5209.353921992155  0.04285714285714287  0.006122448979591855 
 -2167.6374279417196   6588.848697651651 0.055102040816326525  0.006122448979591855 
  -2817.335223127355   7960.322610737397  0.06734693877551018  0.006122448979591855 
  -3471.232016378677    9324.06582447325  0.07959183673469389  0.006122448979591855 
  -4129.421346490645  10680.376097583765  0.09183673469387754  0.006122448979591855 
  -4791.993737991022  12029.558784605559   0.1040816326530612  0.006122448979591855 
  -5459.036701203081   13371.92683621381   0.1163265306122449  0.006122448979591855 
   -6130.63473230513  14707.800799568126  0.12857142857142856  0.006122448979591855 
  -6806.869313381985   16037.50881866599   0.1408163265306122  0.006122448979591855 
  -7487.818912469934   17361.38663470844  0.15306122448979592  0.006122448979591855 
  -8173.558983603403  18679.777586495256  0.16530612244897958  0.006122448979591855 
  -8864.161966846443  19993.032610812705  0.17755102040816323  0.006122448979591855 
  10331.295381777813 -18992.030567369988   359.83469387755105   0.01836734693877551 
   9737.328496836806 -17446.764930375855    359.8469387755102   0.01836734693877551 
   9141.452433533153 -15913.289334222114    359.8591836734694   0.01836734693877551 
   8543.519062055402  -14391.43964964701   359.87142857142857   0.01836734693877551 
   7943.383268996967  -12881.04415512345   359.88367346938776   0.01836734693877551 
   7340.902957206695 -11381.923536791093   359.89591836734695   0.01836734693877551 
   6735.939045608669    -9893.8908883389   359.90816326530614   0.01836734693877551 
   6128.355469109144   -8416.75171093196    359.9204081632653   0.01836734693877551 
  5518.0191783500395  -6950.303913039381   359.93265306122447   0.01836734693877551 
   4904.800139664757  -5494.337810342679   359.94489795918366   0.01836734693877551 
   4288.571334890741 -4048.6361255628076   359.95714285714286   0.01836734693877551 
    3669.20876126565  -2612.973988277184   359.96938775510205   0.01836734693877551 
  3046.5914312657296 -1187.1189347725021   359.98163265306124   0.01836734693877551 
  2420.6013725189746  229.16909216418176   359.99387755102043   0.01836734693877551 
  1791.1236277081614  1636.1377434511394 0.006122448979591855   0.01836734693877551 
   1158.046254415112  3034.0422639460508  0.01836734693877551   0.01836734693877551 
   521.2603250229697   4423.145492661899 0.030612244897959162   0.01836734693877551 
 -119.34007332810195   5803.717863019409  0.04285714285714287   0.01836734693877551 
  -763.8578388765644  7176.0374031218325 0.055102040816326525   0.01836734693877551 
 -1412.3928553227706   8540.389736021485  0.06734693877551018   0.01836734693877551 
  -2065.041991898412    9897.06808001227  0.07959183673469389   0.01836734693877551 
  -2721.899103445166  11246.373248935775  0.09183673469387754   0.01836734693877551 
 -3383.0550304838616  12588.613652498398   0.1040816326530612   0.01836734693877551 
 -4048.5975992799476  13924.105296608957   0.1163265306122449   0.01836734693877551 
  -4718.611621899005  15253.171783714923  0.12857142857142856   0.01836734693877551 
  -5393.178896259693  16576.144313164572   0.1408163265306122   0.01836734693877551 
  -6072.378206187539   17893.36168159871  0.15306122448979592   0.01836734693877551 
  -6756.285321446898  19205.170283310068  0.16530612244897958   0.01836734693877551 
  12304.435825471175 -19831.637401993656   359.82244897959185  0.030612244897959162 
  11711.636752966468 -18281.994132257147   359.83469387755105  0.030612244897959162 
  11117.173583933278  -16744.29603033761    359.8469387755102  0.030612244897959162 
  10520.894854776496 -15218.383504255751    359.8591836734694  0.030612244897959162 
   9922.652118559838 -13704.089369872096   359.87142857142857  0.030612244897959162 
   9322.299944826034 -12201.238850807455   359.88367346938776  0.030612244897959162 
   8719.695919389203 -10709.649578359167   359.89591836734695  0.030612244897959162 
   8114.700644265387   -9229.13159138605   359.90816326530614  0.030612244897959162 
   7507.177737466825  -7759.487336232639    359.9204081632653  0.030612244897959162 
   6896.993832824386  -6300.511666551491   359.93265306122447  0.030612244897959162 
   6284.018579936963  -4851.991843201467   359.94489795918366  0.030612244897959162 
   5668.124643932607  -3413.707534076403   359.95714285714286  0.030612244897959162 
    5049.18770542052  -1985.430813914883   359.96938775510205  0.030612244897959162 
   4427.086460324357  -566.9261641592868   359.98163265306124  0.030612244897959162 
   3801.702619750422   842.0495272767923   359.99387755102043  0.030612244897959162 
  3172.9209099220543   2241.746966202759 0.006122448979591855  0.030612244897959162 
  2540.6290720409033  3632.4244523938833  0.01836734693877551  0.030612244897959162 
  1904.7178621648752   5014.347879807201 0.030612244897959162  0.030612244897959162 
   1265.081051166331   6387.790736858622  0.04285714285714287  0.030612244897959162 
   621.6154245700502   7753.034106664832 0.055102040816326525  0.030612244897959162 
 -25.779217467698743   9110.366667345941  0.06734693877551018  0.030612244897959162 
  -677.2000602846078  10460.084692316897  0.07959183673469389  0.030612244897959162 
 -1332.7412747622966  11802.492050574769  0.09183673469387754  0.030612244897959162 
 -1992.4940174119197    13137.9002070559   0.1040816326530612  0.030612244897959162 
 -2656.5464304303764  14466.628222947847   0.1163265306122449  0.030612244897959162 
   -3324.98364176059  15789.002756045582  0.12857142857142856  0.030612244897959162 
 -3997.8877651444195  17105.358061114537   0.1408163265306122  0.030612244897959162 
   -4675.33790017352  18416.035990280416  0.15306122448979592  0.030612244897959162 
  -5357.410132325487    19721.3859933977  0.16530612244897958  0.030612244897959162 
  13668.350387162738 -19125.552420099193   359.82244897959185   0.04285714285714287 
  13074.880583515962   -17583.4253382596   359.83469387755105   0.04285714285714287 
  12479.843660724662 -16053.239271824323    359.8469387755102   0.04285714285714287 
  11883.087837940218 -14534.831573907182    359.8591836734694   0.04285714285714287 
  11284.464351065124 -13028.032005485771   359.87142857142857   0.04285714285714287 
  10683.827452512302 -11532.662735324244   359.88367346938776   0.04285714285714287 
  10081.034411068404 -10048.538339867266   359.89591836734695   0.04285714285714287 
   9475.945511775175  -8575.465803136203   359.90816326530614   0.04285714285714287 
    8868.42405571748 -7113.2445166352745    359.9204081632653   0.04285714285714287 
   8258.336359880828   -5661.66627918128   359.93265306122447   0.04285714285714287 
     7645.5517570836 -4220.5152967900185   359.94489795918366   0.04285714285714287 
   7029.942595746072 -2789.5681825093047   359.95714285714286   0.04285714285714287 
   6411.384239817998 -1368.5939562170079   359.96938775510205   0.04285714285714287 
   5789.755068621588  42.645955525798364   359.98163265306124   0.04285714285714287 
   5164.936476752893  1444.3977197031168   359.99387755102043   0.04285714285714287 
    4536.81287395078   2836.915097047207 0.006122448979591855   0.04285714285714287 
  3905.2716850162715   4220.459442288841  0.01836734693877551   0.04285714285714287 
  3270.2033496741706   5595.299704371481 0.030612244897959162   0.04285714285714287 
   2631.501322501534   6961.712426729938  0.04285714285714287   0.04285714285714287 
  1989.0620728170734   8319.981747553546 0.055102040816326525   0.04285714285714287 
  1342.7850846022775    9670.39940006983  0.06734693877551018   0.04285714285714287 
   692.5728564341875  11013.264712851167  0.07959183673469389   0.04285714285714287 
  38.330901376330736   12348.88461012386  0.09183673469387754   0.04285714285714287 
  -620.0322530610771  13677.573612089289   0.1040816326530612   0.04285714285714287 
 -1282.6050649968438  14999.653835271702   0.1163265306122449   0.04285714285714287 
  -1949.472978241053  16315.454992872288  0.12857142857142856   0.04285714285714287 
 -2620.7184223444146  17625.314395132773   0.1408163265306122   0.04285714285714287 
   -3296.42081264859  18929.576949725888  0.15306122448979592   0.04285714285714287 
 -3976.6565503276256   20228.59516214287  0.16530612244897958   0.04285714285714287 
  15608.458264318175  -19977.65303664799   359.81020408163266  0.055102040816326525 
  15015.548885331464   -18430.8940992386   359.82244897959185  0.055102040816326525 
  14421.327521648405 -16896.227392233286   359.83469387755105  0.055102040816326525 
  13825.639058209521 -15373.494805896542    359.8469387755102  0.055102040816326525 
  13228.331396868036  -13862.53063844007    359.8591836734694  0.055102040816326525 
  12629.255456295932 -12363.161595962685   359.87142857142857  0.055102040816326525 
  12028.265171743824 -10875.206792346835   359.88367346938776  0.055102040816326525 
  11425.217494926812  -9398.477749178752   359.89591836734695  0.055102040816326525 
  10819.972393861006 -7932.7783956267185   359.90816326530614  0.055102040816326525 
  10212.392852681054  -6477.905068339667    359.9204081632653  0.055102040816326525 
    9602.34487151861  -5033.646511275706   359.93265306122447  0.055102040816326525 
   8989.697466342765  -3599.783875592716   359.94489795918366  0.055102040816326525 
    8374.32266883756   -2176.09071946054   359.95714285714286  0.055102040816326525 
   7756.095526278777  -762.3330078717714   359.96938775510205  0.055102040816326525 
   7134.894101372403    641.730887521257   359.98163265306124  0.055102040816326525 
   6510.599472153149  2036.3501886329773   359.99387755102043  0.055102040816326525 
   5883.095731909329  3421.7817111539807 0.006122448979591855  0.055102040816326525 
   5252.269989004112   4798.289864805197  0.01836734693877551  0.055102040816326525 
  4618.0123668075385   6166.146653555643 0.030612244897959162  0.055102040816326525 
  3980.2160035995535   7525.631675904152  0.04285714285714287  0.055102040816326525 
  3338.7770524798557   8877.032125151887 0.055102040816326525  0.055102040816326525 
  2693.5946812728257  10220.642789688893  0.06734693877551018  0.055102040816326525 
  2044.5710724335565  11556.766053292462  0.07959183673469389  0.055102040816326525 
  1391.6114230126536   12885.71189545967  0.09183673469387754  0.055102040816326525 
   734.6239445314942  14207.797891719547   0.1040816326530612  0.055102040816326525 
   73.51986294457518  15523.349213993133   0.1163265306122449  0.055102040816326525 
  -591.7865814046025   16832.69863094437  0.12857142857142856  0.055102040816326525 
  -1261.378133855964  18136.186508348623   0.1408163265306122  0.055102040816326525 
 -1935.3345254907156  19434.160809497327  0.15306122448979592  0.055102040816326525 
  16940.192986737075 -19286.910691611734   359.81020408163266   0.06734693877551018 
  16346.347522613922 -17747.559842296057   359.82244897959185   0.06734693877551018 
  15751.293452689413 -16220.294641268241   359.83469387755105   0.06734693877551018 
  15154.875344424498  -14704.95392386024    359.8469387755102   0.06734693877551018 
  14556.940782350126 -13201.368933370602    359.8591836734694   0.06734693877551018 
  13957.340367864737 -11709.363321001994   359.87142857142857   0.06734693877551018 
  13355.927719028718  -10228.75314575733   359.88367346938776   0.06734693877551018 
  12752.559470427437    -8759.3468743509   359.89591836734695   0.06734693877551018 
  12147.095272991968  -7300.945381070115   359.90816326530614   0.06734693877551018 
  11539.397793927052  -5853.341947697962    359.9204081632653   0.06734693877551018 
  10929.332716389787  -4416.322263314714   359.93265306122447   0.06734693877551018 
   10316.76873953696 -2989.6644241901763   359.94489795918366   0.06734693877551018 
   9701.577578294806  -1573.138933597134   359.95714285714286   0.06734693877551018 
   9083.633963195076 -166.50870160905058   359.96938775510205   0.06734693877551018 
   8462.815640327834  1230.4709550598086   359.98163265306124   0.06734693877551018 
   7839.003371152727  2618.0523132886656   359.99387755102043   0.06734693877551018 
   7212.080932472487   3996.495243762009 0.006122448979591855   0.06734693877551018 
   6581.935116185422   5366.067211228241  0.01836734693877551   0.06734693877551018 
   5948.455729329969   6727.043274724979 0.030612244897959162   0.06734693877551018 
   5311.535593874637   8079.706087862282  0.04285714285714287   0.06734693877551018 
   4671.070546684252   9424.345899095331 0.055102040816326525   0.06734693877551018 
  4026.9594394035257   10761.26055202002  0.06734693877551018   0.06734693877551018 
  3379.1041384236173   12090.75548567792  0.07959183673469389   0.06734693877551018 
  2727.4095247218725  13413.143734890145  0.09183673469387754   0.06734693877551018 
  2071.7834938461765  14728.745930568657   0.1040816326530612   0.06734693877551018 
  1412.1369558735116  16037.890300080719   0.1163265306122449   0.06734693877551018 
   748.3838352810754   17340.91266762553  0.12857142857142856   0.06734693877551018 
   80.44107095084853  18638.156454577875   0.1408163265306122   0.06734693877551018 
  -591.7713839192003  19929.972679904015  0.15306122448979592   0.06734693877551018 
  18849.866431817525 -20151.675030862574   359.79795918367347   0.07959183673469389 
    18255.9437942782  -18607.44013583812   359.81020408163266   0.07959183673469389 
   17661.07773922175  -17075.43819229031   359.82244897959185   0.07959183673469389 
  17065.109499360515 -15555.512572590384   359.83469387755105   0.07959183673469389 
  16467.883324749444 -14047.499057134168    359.8469387755102   0.07959183673469389 
  15869.246482491197 -12551.225834303943    359.8591836734694   0.07959183673469389 
  15269.049256649025   -11066.5135003941   359.87142857142857   0.07959183673469389 
  14667.144948072411  -9593.175059514999   359.88367346938776   0.07959183673469389 
  14063.389874158123  -8131.015923485475   359.89591836734695   0.07959183673469389 
  13457.643368759853  -6679.833911708301   359.90816326530614   0.07959183673469389 
  12849.767782017547  -5239.419251071924    359.9204081632653   0.07959183673469389 
   12239.62848019582 -3809.5545757554905   359.93265306122447   0.07959183673469389 
  11627.093845524525   -2390.01492711759   359.94489795918366   0.07959183673469389 
  11012.035276162742   -980.567753503902   359.95714285714286   0.07959183673469389 
  10394.327185888953  419.02708996050023   359.96938775510205   0.07959183673469389 
   9773.847004137482   1809.017341532231   359.98163265306124   0.07959183673469389 
   9150.475175808915   3189.658333090117   359.99387755102043   0.07959183673469389 
   8524.095161132023   4561.212990351758 0.006122448979591855   0.07959183673469389 
    7894.59343561475   5923.951833134467  0.01836734693877551   0.07959183673469389 
   7261.859489874495   7278.152975587109 0.030612244897959162   0.07959183673469389 
   6625.785829587454   8624.102126471698  0.04285714285714287   0.07959183673469389 
   5986.267975395258   9962.092589452082 0.055102040816326525   0.07959183673469389 
   5343.204462755586  11292.425263375659  0.06734693877551018   0.07959183673469389 
    4696.49684194877  12615.408642607934  0.07959183673469389   0.07959183673469389 
    4046.04967793824  13931.358817335391  0.09183673469387754   0.07959183673469389 
   3391.770550295443  15240.599473924494   0.1040816326530612   0.07959183673469389 
  2733.5700531891925   16543.46189525629   0.1163265306122449   0.07959183673469389 
   2071.361795274182  17840.284961109333  0.12857142857142856   0.07959183673469389 
  1405.0623996580214   19131.41514852701   0.1408163265306122   0.07959183673469389 
   734.5915038412824  20417.206532227316  0.15306122448979592   0.07959183673469389 
  20151.195515293824  -19476.06332370315   359.79795918367347   0.09183673469387754 
  19556.057682535655 -17939.124108126074   359.81020408163266   0.09183673469387754 
    18960.0862131425  -16414.40883222217   359.82244897959185   0.09183673469387754 
  18363.122022232856 -14901.757813397773   359.83469387755105   0.09183673469387754 
   17765.00904230497 -13401.003777108643    359.8469387755102   0.09183673469387754 
  17165.594223038617 -11911.971856803331    359.8591836734694   0.09183673469387754 
   16564.72753114793 -10434.479593864846   359.87142857142857   0.09183673469387754 
  15962.261950150205  -8968.336937487496   359.88367346938776   0.09183673469387754 
  15358.053480259166  -7513.346244586919   359.89591836734695   0.09183673469387754 
  14751.961138173256  -6069.302279654459   359.90816326530614   0.09183673469387754 
   14143.84695698509  -4635.992214661179    359.9204081632653   0.09183673469387754 
  13533.575985975476  -3213.195628865798   359.93265306122447   0.09183673469387754 
  12921.016290486055 -1800.6845086848034   359.94489795918366   0.09183673469387754 
  12306.038951802651  -398.2232475072369   359.95714285714286   0.09183673469387754 
  11688.518066967355   994.4313545213909   359.96938775510205   0.09183673469387754 
  11068.330748745071   2377.530090663642   359.98163265306124   0.09183673469387754 
  10445.357125403589  3751.3313478364666   359.99387755102043   0.09183673469387754 
   9819.480340653936   5116.101106829195 0.006122448979591855   0.09183673469387754 
   9190.586553529845   6472.112942571109  0.01836734693877551   0.09183673469387754 
   8558.564938269912   7819.648024364605 0.030612244897959162   0.09183673469387754 
   7923.307684234918   9158.995116175993  0.04285714285714287   0.09183673469387754 
    7284.70999579973  10490.450576919999 0.055102040816326525   0.09183673469387754 
   6642.670092269777   11814.31836075976  0.06734693877551018   0.09183673469387754 
   5997.089207812817   13130.91001742596  0.07959183673469389   0.09183673469387754 
   5347.871591348437  14440.544692542937  0.09183673469387754   0.09183673469387754 
    4694.92450651462  15743.549127975471   0.1040816326530612   0.09183673469387754 
   4038.158231570192  17040.257662186665   0.1163265306122449   0.09183673469387754 
  3377.4860593440303   18331.01223059963  0.12857142857142856   0.09183673469387754 
  2712.8242971838713  19616.162366000968   0.1408163265306122   0.09183673469387754 
   20243.73486069224 -15764.342584925498   359.82244897959185    0.1040816326530612 
  19645.692620022382  -14258.89813070896   359.83469387755105    0.1040816326530612 
  19046.613778351588 -12765.332794970685    359.8469387755102    0.1040816326530612 
  18446.344967867397 -11283.468656218956    359.8591836734694    0.1040816326530612 
  17844.735837849257  -9813.120200904043   359.87142857142857    0.1040816326530612 
   17241.63905448234  -8354.094323291918   359.88367346938776    0.1040816326530612 
  16636.910300744203 -6906.1903253730925   359.89591836734695    0.1040816326530612 
   16030.40827614183  -5469.199916708045   359.90816326530614    0.1040816326530612 
  15421.994696676797 -4042.9072143286667    359.9204081632653    0.1040816326530612 
  14811.534294594738 -2627.0887425398846   359.93265306122447    0.1040816326530612 
  14198.894818332454 -1221.5134327938642   359.94489795918366    0.1040816326530612 
  13583.947032288721  174.05737651195366   359.95714285714286    0.1040816326530612 
  12966.564716750647    1559.86994024452   359.96938775510205    0.1040816326530612 
   12346.62466772673   2936.178106711039   359.98163265306124    0.1040816326530612 
   11724.00669690414     4303.2433179035   359.99387755102043    0.1040816326530612 
   11098.59363141071    5661.33460972609 0.006122448979591855    0.1040816326530612 
  10470.271313829946   7010.728612260959  0.01836734693877551    0.1040816326530612 
    9838.92860196848   8351.709550016689 0.030612244897959162    0.1040816326530612 
    9204.45736888585   9684.569242207614  0.04285714285714287    0.1040816326530612 
   8566.752502685653  11009.607103052893 0.055102040816326525    0.1040816326530612 
   7925.711906511771  12327.130142085372  0.06734693877551018    0.1040816326530612 
   7281.236498410863  13637.452964456634  0.07959183673469389    0.1040816326530612 
  6633.2302112857105  14940.897771288019  0.09183673469387754    0.1040816326530612 
   5981.599992815284  16237.794360007973   0.1040816326530612    0.1040816326530612 
   5326.255805354284  17528.480124719277   0.1163265306122449    0.1040816326530612 
   4667.110625930787  18813.300056569933  0.12857142857142856    0.1040816326530612 
   4004.080446154301    20092.6067441422   0.1408163265306122    0.1040816326530612 
  20313.074052713295 -12140.341961535913    359.8469387755102    0.1163265306122449 
  19711.874919304028 -10665.569027501982    359.8591836734694    0.1163265306122449 
   19109.45006168497  -9202.285060580012   359.87142857142857    0.1163265306122449 
   18505.65182869386  -7750.293900097105   359.88367346938776    0.1163265306122449 
  17900.335585967758  -6309.391793090989   359.89591836734695    0.1163265306122449 
   17293.35971584274   -4879.36739416862   359.90816326530614    0.1163265306122449 
  16684.585617154764 -3460.0017653973987    359.9204081632653    0.1163265306122449 
  16073.877705117668  -2051.068376103158   359.93265306122447    0.1163265306122449 
  15461.103411180131  -652.3331027374827   359.94489795918366    0.1163265306122449 
  14846.133182853519   736.4457713240665   359.95714285714286    0.1163265306122449 
  14228.840483619671  2115.5175559977683   359.96938775510205    0.1163265306122449 
  13609.101792786032  3485.1391546723007   359.98163265306124    0.1163265306122449 
  12986.796605322528   4845.575064457466   359.99387755102043    0.1163265306122449 
  12361.807431866433   6197.097376412287 0.006122448979591855    0.1163265306122449 
  11734.019798425155    7539.98577582664  0.01836734693877551    0.1163265306122449 
  11103.322246464579   8874.527542450645 0.030612244897959162    0.1163265306122449 
   10469.60633265492  10201.017550807292  0.04285714285714287    0.1163265306122449 
   9832.766628869667  11519.758270474362 0.055102040816326525    0.1163265306122449 
    9192.70072207194  12831.059766398886  0.06734693877551018    0.1163265306122449 
   8549.309214197025  14135.239699226808  0.07959183673469389    0.1163265306122449 
   7902.495722102374  15432.623325629616  0.09183673469387754    0.1163265306122449 
   7252.166877530897  16723.543498663752   0.1040816326530612    0.1163265306122449 
   6598.232326952988   18008.34066813873   0.1163265306122449    0.1163265306122449 
   5940.604731597721  19287.362880988156  0.12857142857142856    0.1163265306122449 
  20359.261326513784   -8601.81505134685   359.87142857142857   0.12857142857142856 
   19754.69107922275   -7156.77349042208   359.88367346938776   0.12857142857142856 
  19148.719825103824  -5722.785414305679   359.89591836734695   0.12857142857142856 
   18541.20562921029  -4299.636422620817   359.90816326530614   0.12857142857142856 
   17932.00957321307  -2887.104522443822    359.9204081632653   0.12857142857142856 
   17320.99575525475 -1484.9601280896295   359.93265306122447   0.12857142857142856 
  16708.031289747905  -92.96606097788501   359.94489795918366   0.12857142857142856 
  16092.986307319607  1289.1224505724153   359.95714285714286   0.12857142857142856 
  15475.733954592131  2661.5577715663094   359.96938775510205   0.12857142857142856 
  14856.150394118074   4024.599860513151   359.98163265306124   0.12857142857142856 
  14234.114804231063   5378.516269682241   359.99387755102043   0.12857142857142856 
  13609.509378920826   6723.582145338239 0.006122448979591855   0.12857142857142856 
  12982.219327746676   8060.080228015406  0.01836734693877551   0.12857142857142856 
   12352.13287570585   9388.300852768725 0.030612244897959162   0.12857142857142856 
  11719.141263147332   10708.54194947233  0.04285714285714287   0.12857142857142856 
   11083.13874566994  12021.109043121582 0.055102040816326525   0.12857142857142856 
  10444.022594043261  13326.315254141264  0.06734693877551018   0.12857142857142856 
   9801.693094100792  14624.481298721883  0.07959183673469389   0.12857142857142856 
   9156.053546682833  15915.935489151056  0.09183673469387754   0.12857142857142856 
   8507.010267559948  17201.013734181983   0.1040816326530612   0.12857142857142856 
   7854.472587346953  18480.059539394322   0.1163265306122449   0.12857142857142856 
    7198.35285147397   19753.42400758413  0.12857142857142856   0.12857142857142856 
   20382.46874657559  -5146.197094679671   359.89591836734695    0.1408163265306122 
  19774.351427395708 -3729.8298517095077   359.90816326530614    0.1408163265306122 
   19164.67165882044 -2324.0352790636525    359.9204081632653    0.1408163265306122 
   18553.29322185446  -928.5807360139543   359.93265306122447    0.1408163265306122 
  17940.082913872084   456.7740110862587   359.94489795918366    0.1408163265306122 
  17324.910548555526  1832.2767890127318   359.95714285714286    0.1408163265306122 
  16707.648955666024   3198.183017896435   359.96938775510205    0.1408163265306122 
  16088.173980989475   4554.755711411659   359.98163265306124    0.1408163265306122 
   15466.36448613258   5902.265477032938   359.99387755102043    0.1408163265306122 
  14842.102348535313   7240.990516271593 0.006122448979591855    0.1408163265306122 
  14215.272461170085    8571.21662496344  0.01836734693877551    0.1408163265306122 
  13585.762732642488   9893.237193514444 0.030612244897959162    0.1408163265306122 
  12953.464086921409  11207.353207209588  0.04285714285714287    0.1408163265306122 
  12318.270463336446  12513.873246514033 0.055102040816326525    0.1408163265306122 
   11680.07881646358   13813.11348739363  0.06734693877551018    0.1408163265306122 
  11038.789116040023   15105.39770164002  0.07959183673469389    0.1408163265306122 
  10394.304346866767  16391.057257230917  0.09183673469387754    0.1408163265306122 
    9746.53050877014  17670.431118674172   0.1040816326530612    0.1408163265306122 
   9095.376616509518  18943.865847400444   0.1163265306122449    0.1408163265306122 
    8440.75469971775   20211.71560212284  0.12857142857142856    0.1408163265306122 
  20382.992207631014 -1770.6049676283276    359.9204081632653   0.15306122448979592 
  19771.190121412765 -381.73807612129417   359.93265306122447   0.15306122448979592 
    19157.6779830033   997.0822933720169   359.94489795918366   0.15306122448979592 
  18542.325289040065  2366.1070227637542   359.95714285714286   0.15306122448979592 
  17925.004552433016   3725.594587351727   359.96938775510205   0.15306122448979592 
  17305.591302163506   5075.811056017631   359.98163265306124   0.15306122448979592 
   16683.96408312724   6417.030091487462   359.99387755102043   0.15306122448979592 
  16060.004456112552   7749.532950571417 0.006122448979591855   0.15306122448979592 
  15433.596997583556   9073.608484454895  0.01836734693877551   0.15306122448979592 
  14804.629299661172  10389.553138949519 0.030612244897959162   0.15306122448979592 
  14172.991969992925  11697.670954807563  0.04285714285714287   0.15306122448979592 
  13538.578631596092   12998.27356802452 0.055102040816326525   0.15306122448979592 
  12901.285922856312  14291.680210164232  0.06734693877551018   0.15306122448979592 
   12261.01349739557   15578.21770869185  0.07959183673469389   0.15306122448979592 
  11617.664023986663   16858.22048733093  0.09183673469387754   0.15306122448979592 
  10971.143186534202   18132.03056642333   0.1040816326530612   0.15306122448979592 
   10321.35968392795  19399.997563305904   0.1163265306122449   0.15306122448979592 
   20361.25143672013  1528.1628273801568   359.94489795918366   0.16530612244897958 
   19745.66515137041  2890.8202495797354   359.95714285714286   0.16530612244897958 
  19128.235050575946   4244.002633984619   359.96938775510205   0.16530612244897958 
  18508.836346482003   5587.979104727955   359.98163265306124   0.16530612244897958 
  17887.347267276222   6923.026379836133   359.99387755102043   0.16530612244897958 
  17263.649057095572   8249.428771466562 0.006122448979591855   0.16530612244897958 
   16637.62597585252   9567.478186209168  0.01836734693877551   0.16530612244897958 
  16009.165299202981  10877.474125338149 0.030612244897959162   0.16530612244897958 
   15378.15731837948  12179.723685129546  0.04285714285714287   0.16530612244897958 
  14744.495340160942    13474.5415571708 0.055102040816326525   0.16530612244897958 
  14108.075686717937  14762.250028685885  0.06734693877551018   0.16530612244897958 
  13468.797695532287  16043.178982879963  0.07959183673469389   0.16530612244897958 
  12826.563719404281  17317.665899292668  0.09183673469387754   0.16530612244897958 
  12181.279126262565  18586.055854164584   0.1040816326530612   0.16530612244897958 
  11532.852299151029   19848.70152082168   0.1163265306122449   0.16530612244897958 
    20317.7899963945   4753.626173826032   359.96938775510205   0.17755102040816323 
   19698.35834341892   6091.481929977594   359.98163265306124   0.17755102040816323 
   19076.96295131162   7420.479470965609   359.99387755102043   0.17755102040816323 
   18453.48474753723   8740.906164350381 0.006122448979591855   0.17755102040816323 
  17827.807675440323  10053.056972182101  0.01836734693877551   0.17755102040816323 
   17199.81869420358  11357.234451251117 0.030612244897959162   0.17755102040816323 
   16569.40777867975   12653.74875341851  0.04285714285714287   0.17755102040816323 
  15936.467919332523  13942.917625924641 0.055102040816326525   0.17755102040816323 
  15300.895122121956  15225.066411726873  0.06734693877551018   0.17755102040816323 
  14662.588408454685   16500.52804982795  0.07959183673469389   0.17755102040816323 
   14021.44981506691  17769.643075656935  0.09183673469387754   0.17755102040816323 
  13377.384393958062  19032.759621427664   0.1040816326530612   0.17755102040816323 
  12730.300212336802  20290.233416528354   0.1163265306122449   0.17755102040816323 
  20253.275289128967   7909.623356179112   359.99387755102043   0.18979591836734694 
   19629.97536465099   9224.202177102332 0.006122448979591855   0.18979591836734694 
   19004.60561698776  10530.584946879817  0.01836734693877551   0.18979591836734694 
   18377.05268883264  11829.077277881806 0.030612244897959162   0.18979591836734694 
   17747.20623861887  13119.992377617724  0.04285714285714287   0.18979591836734694 
    17114.9589405269  14403.651049043709 0.055102040816326525   0.18979591836734694 
  16480.206484312705   15680.38169091129  0.06734693877551018   0.18979591836734694 
  15842.847575244046  16950.520298100295  0.07959183673469389   0.18979591836734694 
  15202.783934053243  18214.410461995314  0.09183673469387754   0.18979591836734694 
  14559.920296790155  19472.403370857923   0.1040816326530612   0.18979591836734694 
  20168.498562901263  11000.311077692166  0.01836734693877551   0.20204081632653065 
  19541.345728964898  12293.254629386294 0.030612244897959162   0.20204081632653065 
   18912.03082769763  13578.709638709792  0.04285714285714287   0.20204081632653065 
   18280.44621696346  14856.999964400782 0.055102040816326525   0.20204081632653065 
  17646.487270278103   16128.45706107272  0.06734693877551018   0.20204081632653065 
  17010.052376815594  17393.419979552844  0.07959183673469389   0.20204081632653065 
  16371.042941254716  18652.235367258938  0.09183673469387754   0.20204081632653065 
   15729.36338375077  19905.257468575648   0.1040816326530612   0.20204081632653065 
   20064.37491786119  14030.164481070413  0.04285714285714287   0.21428571428571425 
  19433.422804249898  15303.231373346725 0.055102040816326525   0.21428571428571425 
  18800.230219430556  16569.562580608126  0.06734693877551018   0.21428571428571425 
  18164.695236462183   17829.50020970197  0.07959183673469389   0.21428571428571425 
   17526.71894399555  19083.393964150608  0.09183673469387754   0.21428571428571425 
  16886.205446250817   20331.60114454336   0.1040816326530612   0.21428571428571425 
  19941.943314275934   17003.97717185609  0.06734693877551018   0.22653061224489796 
  19307.283820596924  18259.042968089947  0.07959183673469389   0.22653061224489796 
  18670.319292682234  19508.171289499933  0.09183673469387754   0.22653061224489796 
   20438.34103940873   18682.33909869479  0.07959183673469389   0.23877551020408166 
  19802.366581534916  19926.861244657717  0.09183673469387754   0.23877551020408166 
