\ This script generates Case-3 astrometry challenges. The telescope used in this
\ challenge is affected by distortion. Artificial sources tiled in a grid
\ pattern are generated. A list of source positions on the focal plane and
\ original ICRS coordinates is provided. Solve the position angle and distortion
\ parameters.
\pointing_ra=0.0
\pointing_dec=0.0
\position_angle=31.85730073869102
\sip_c[0,2]=2.3211012505010454e-15
\sip_c[1,1]=-4.040034292084038e-15
\sip_c[1,2]=-2.6417737981413195e-15
\sip_c[2,0]=-3.3916569140447002e-15
\sip_c[2,1]=4.032866478840657e-16
\sip_c[2,2]=1.7463683841391174e-15
\sip_d[0,2]=2.2649933917342073e-15
\sip_d[1,1]=-1.87043218495488e-15
\sip_d[1,2]=-4.524459868642448e-15
\sip_d[2,0]=3.298940927354461e-15
\sip_d[2,1]=-5.3319636381196535e-16
\sip_d[2,2]=-1.2311499260589013e-15
|                  x|                  y|                  ra|                  dec|
|             double|             double|              double|               double|
|                   |                   |                    |                     |
|               null|               null|                null|                 null|
   19768.77688360889 -18315.037341341256   359.94489795918366   -0.2020408163265306 
   18432.58176205808 -19130.653149143298   359.95714285714286   -0.2020408163265306 
   17094.11498314981 -19944.667121356226   359.96938775510205   -0.2020408163265306 
  20230.339667260174 -16138.208091845447   359.93265306122447  -0.18979591836734694 
   18898.78901686191 -16957.098748305987   359.94489795918366  -0.18979591836734694 
  17565.006823858577    -17774.415721247   359.95714285714286  -0.18979591836734694 
  16229.175447407264  -18590.28769369355   359.96938775510205  -0.18979591836734694 
  14891.527145072096   -19404.8785258894   359.98163265306124  -0.18979591836734694 
  13552.344073007736 -20218.387255473055   359.99387755102043  -0.18979591836734694 
  19366.157697077335 -14784.364337346551   359.93265306122447  -0.17755102040816326 
   18036.43339599654  -15604.54263228042   359.94489795918366  -0.17755102040816326 
   16704.71615561584 -16423.315449652146   359.95714285714286  -0.17755102040816326 
  15371.163688921612 -17240.794097499653   359.96938775510205  -0.17755102040816326 
  14035.983607530388 -18057.125061233804   359.98163265306124  -0.17755102040816326 
  12699.433421874175 -18872.490003805655   359.99387755102043  -0.17755102040816326 
  11361.820541529969 -19687.105765920496 0.006122448979591855  -0.17755102040816326 
  19835.430002256417  -12612.97290898617    359.9204081632653  -0.16530612244897958 
  18509.063261623265 -13435.518934417725   359.93265306122447  -0.16530612244897958 
  17180.850500273355 -14256.762928635193   359.94489795918366  -0.16530612244897958 
  15850.874886146286  -15076.76364711138   359.95714285714286  -0.16530612244897958 
  14519.269485945588 -15895.615022807173   359.96938775510205  -0.16530612244897958 
  13186.217265213716 -16713.446166216767   359.98163265306124  -0.16530612244897958 
   11851.95108849135 -17530.421365513448   359.99387755102043  -0.16530612244897958 
   10516.75371966626 -18346.740086733207 0.006122448979591855  -0.16530612244897958 
   9180.957822235583 -19162.636974046032  0.01836734693877551  -0.16530612244897958 
   7844.945959836226   -19978.3818500559 0.030612244897959162  -0.16530612244897958 
  20307.396830581227 -10443.481787399378   359.90816326530614  -0.15306122448979592 
  18983.613679924463   -11267.8500379909    359.9204081632653  -0.15306122448979592 
   17658.22210251846 -12091.083627823866   359.93265306122447  -0.15306122448979592 
  16331.230720659738 -12913.188759359306   359.94489795918366  -0.15306122448979592 
  15002.698055628614 -13734.206812736142   359.95714285714286  -0.15306122448979592 
  13672.732527723008 -14554.214345770803   359.96938775510205  -0.15306122448979592 
  12341.492456320382 -15373.323093957499   359.98163265306124  -0.15306122448979592 
  11009.186059964153 -16191.679970608848   359.99387755102043  -0.15306122448979592 
   9676.071456692196 -17009.467067002657 0.006122448979591855  -0.15306122448979592 
   8342.456664283416  -17826.90165263454  0.01836734693877551  -0.15306122448979592 
   7008.699600738951 -18644.236175488484 0.030612244897959162  -0.15306122448979592 
   5675.208084747152 -19461.758262429088  0.04285714285714287  -0.15306122448979592 
   4342.439836344304 -20279.790719608194 0.055102040816326525  -0.15306122448979592 
  19460.850608578545   -9102.07568467584   359.90816326530614  -0.14081632653061224 
  18137.523280529767  -9926.765374700528    359.9204081632653  -0.14081632653061224 
  16812.849872074756 -10750.505348208437   359.93265306122447  -0.14081632653061224 
   15486.81435843858 -11573.284432072327   359.94489795918366  -0.14081632653061224 
  14159.450614222427 -12395.126631047837   359.95714285714286  -0.14081632653061224 
  12830.842413198903 -13216.091127724716   359.96938775510205  -0.14081632653061224 
  11501.123428452374 -14036.272282538224   359.98163265306124  -0.14081632653061224 
  10170.477232449273  -14855.79963385439   359.99387755102043  -0.14081632653061224 
   8839.137297250882 -15674.837898106263 0.006122448979591855  -0.14081632653061224 
   7507.386994773946 -16493.586970027827  0.01836734693877551  -0.14081632653061224 
   6175.559597253074    -17312.281922897 0.030612244897959162  -0.14081632653061224 
    4844.03827766375 -18131.193008899798  0.04285714285714287  -0.14081632653061224 
   3513.256110303151  -18950.62565950398 0.055102040816326525  -0.14081632653061224 
   2183.696071456582  -19770.92048596237  0.06734693877551018  -0.14081632653061224 
   19941.58870521524  -6938.769948481494   359.89591836734695  -0.12857142857142856 
  18619.495050786943  -7764.330327975134   359.90816326530614  -0.12857142857142856 
  17296.399716885175  -8589.183657856092    359.9204081632653  -0.12857142857142856 
   15972.21213188243  -9413.266211166021   359.93265306122447  -0.12857142857142856 
  14646.891623942509 -10236.549439139235   359.94489795918366  -0.12857142857142856 
   13320.44742082296 -11059.039971085842   359.95714285714286  -0.12857142857142856 
  11992.938649711998  -11880.77961431997   359.96938775510205  -0.12857142857142856 
  10664.474337334477 -12701.845354140376   359.98163265306124  -0.12857142857142856 
   9335.213409951486 -13522.349353899392   359.99387755102043  -0.12857142857142856 
   8005.364693525423 -14342.438955117823 0.006122448979591855  -0.12857142857142856 
    6675.18691404651 -15162.296677677514  0.01836734693877551  -0.12857142857142856 
   5344.988697826673  -15982.14022006369 0.030612244897959162  -0.12857142857142856 
  4015.1285719742627  -16802.22245968021  0.04285714285714287  -0.12857142857142856 
  2686.0149649152772  -17622.83145323978 0.055102040816326525  -0.12857142857142856 
  1358.1062070813211 -18444.290437187152  0.06734693877551018  -0.12857142857142856 
  31.910531515895478 -19266.957828220173  0.07959183673469389  -0.12857142857142856 
  -1292.013925220794  -20091.22722385711  0.09183673469387754  -0.12857142857142856 
  20426.691328823606  -4778.541236777282   359.88367346938776   -0.1163265306122449 
  19104.927129510856  -5604.334978524752   359.89591836734695   -0.1163265306122449 
   17782.59632980284  -6429.728263601847   359.90816326530614   -0.1163265306122449 
  16459.533810240042  -7254.604810504453    359.9204081632653   -0.1163265306122449 
  15135.624351746086  -8078.883516386987   359.93265306122447   -0.1163265306122449 
  13810.802635327056   -8902.51845680784   359.94489795918366   -0.1163265306122449 
  12485.053241868614  -9725.498885580566   359.95714285714286   -0.1163265306122449 
    11158.4106518962 -10547.849234692727   359.96938775510205   -0.1163265306122449 
    9830.95924570049 -11369.629114250803   359.98163265306124   -0.1163265306122449 
   8502.833303195737 -12190.933312524223   359.99387755102043   -0.1163265306122449 
   7174.217004206131  -13011.89179605172 0.006122448979591855   -0.1163265306122449 
   5845.344428658325 -13832.669709790564  0.01836734693877551   -0.1163265306122449 
   4516.499556819135 -14653.467377347755 0.030612244897959162   -0.1163265306122449 
  3188.0162698401386 -15474.520301280825  0.04285714285714287   -0.1163265306122449 
  1860.2783501557428 -16296.099163418055 0.055102040816326525   -0.1163265306122449 
   533.7194821419658   -17118.5098253275  0.06734693877551018   -0.1163265306122449 
  -791.1767472700894  -17942.09332875746  0.07959183673469389   -0.1163265306122449 
 -2113.8768477076396   -18767.2258962123  0.09183673469387754   -0.1163265306122449 
 -3433.7974245936084 -19594.318931539943   0.1040816326530612   -0.1163265306122449 
  -4750.305178136869 -20423.819020636234   0.1163265306122449   -0.1163265306122449 
    19594.6579339495 -3447.3701503770512   359.88367346938776  -0.10408163265306122 
  18272.204484960803  -4272.678072732164   359.89591836734695  -0.10408163265306122 
  16949.470525774093  -5097.787221549287   359.90816326530614  -0.10408163265306122 
  15626.266289103423  -5922.563939180678    359.9204081632653  -0.10408163265306122 
  14302.451908409708  -6746.909746863015   359.93265306122447  -0.10408163265306122 
  12977.937417498235 -7570.7613444401595   359.94489795918366  -0.10408163265306122 
  11652.682750302642  -8394.090610194451   359.95714285714286  -0.10408163265306122 
  10326.697740638376  -9216.904600735214   359.96938775510205  -0.10408163265306122 
   9000.042122225686 -10039.245550925272   359.98163265306124  -0.10408163265306122 
  7672.8255286572485 -10861.190873904698   359.99387755102043  -0.10408163265306122 
    6345.20749348585 -11682.853161152148 0.006122448979591855  -0.10408163265306122 
   5017.397450435123 -12504.380182645631  0.01836734693877551  -0.10408163265306122 
  3689.6547336851763 -13325.954887038462 0.030612244897959162  -0.10408163265306122 
   2362.288578287968 -14147.795401944075  0.04285714285714287  -0.10408163265306122 
   1035.658120542962  -14970.15503425658 0.055102040816326525  -0.10408163265306122 
 -289.82760131072916 -15793.322270551473  0.06734693877551018  -0.10408163265306122 
 -1613.7096465785737 -16617.620777539392  0.07959183673469389  -0.10408163265306122 
  -2935.479171269618 -17443.409402602883  0.09183673469387754  -0.10408163265306122 
  -4254.577427304749  -18271.08217437236   0.1040816326530612  -0.10408163265306122 
 -5570.3957615822965  -19101.06830337758   0.1163265306122449  -0.10408163265306122 
  -6882.275614962751 -19933.832182771122  0.12857142857142856  -0.10408163265306122 
  20089.574583823458 -1294.0610016568971   359.87142857142857  -0.09183673469387754 
   18766.03765723762  -2118.606325470298   359.88367346938776  -0.09183673469387754 
  17442.762109927266 -2943.3347675710697   359.89591836734695  -0.09183673469387754 
  16119.483625291266  -3768.060114740651   359.90816326530614  -0.09183673469387754 
  14795.987788220327  -4592.631333169305    359.9204081632653  -0.09183673469387754 
  13472.110084612246  -5416.932568154013   359.93265306122447  -0.09183673469387754 
  12147.735901079617  -6240.883143797582   359.94489795918366  -0.09183673469387754 
  10822.800524522243  -7064.437562816675   359.95714285714286  -0.09183673469387754 
   9497.289142012758  -7887.585506405989   359.96938775510205  -0.09183673469387754 
   8171.236840679174  -8710.351834137167   359.98163265306124  -0.09183673469387754 
   6844.728607636569  -9532.796583967884   359.99387755102043  -0.09183673469387754 
   5517.899330122946 -10355.014972274446 0.006122448979591855  -0.09183673469387754 
   4190.933795602937  -11177.13739398216  0.01836734693877551  -0.09183673469387754 
   2864.066692052668 -11999.329422727811 0.030612244897959162  -0.09183673469387754 
  1537.5826083050094 -12821.791811114748  0.04285714285714287  -0.09183673469387754 
  211.81603446398466  -13644.76049101159 0.055102040816326525  -0.09183673469387754 
 -1112.8486375428213   -14468.5065739338  0.06734693877551018  -0.09183673469387754 
  -2435.977113359539 -15293.336351461188  0.07959183673469389  -0.09183673469387754 
  -3757.085195496005 -16119.591295763785  0.09183673469387754  -0.09183673469387754 
  -5075.638782520361 -16947.648060142066   0.1040816326530612  -0.09183673469387754 
 -6391.0538681723365 -17777.918479673932   0.1163265306122449  -0.09183673469387754 
  -7702.696540373757 -18610.849571884522  0.12857142857142856  -0.09183673469387754 
  -9009.882980163908 -19446.923537531435   0.1408163265306122  -0.09183673469387754 
 -10311.879460527567  -20286.65776140539  0.15306122448979592  -0.09183673469387754 
  19264.958023571566   31.87940413492314   359.87142857142857  -0.07959183673469389 
   17940.19709461464  -791.8031045426568   359.88367346938776  -0.07959183673469389 
  16615.991248525468  -1615.875781906736   359.89591836734695  -0.07959183673469389 
  15292.051520487452  -2440.135038325056   359.90816326530614  -0.07959183673469389 
  13968.138847562393 -3264.4124638179974    359.9204081632653  -0.07959183673469389 
  12644.064068125754  -4088.574827726206   359.93265306122447  -0.07959183673469389 
   11319.68792148564  -4912.524078391085   359.94489795918366  -0.07959183673469389 
   9994.921047528063  -5736.197342936441   359.95714285714286  -0.07959183673469389 
   8669.723986517842 -6559.5669271094075   359.96938775510205  -0.07959183673469389 
   7344.107178934458  -7382.640315161281   359.98163265306124  -0.07959183673469389 
   6018.130965376335  -8205.460169815497   359.99387755102043  -0.07959183673469389 
   4691.905586682373  -9028.104332299483 0.006122448979591855  -0.07959183673469389 
    3365.59118397781  -9850.685822435893  0.01836734693877551  -0.07959183673469389 
  2039.3977989496007 -10673.352838782774 0.030612244897959162  -0.07959183673469389 
   713.5853741402103 -11496.288758872432  0.04285714285714287  -0.07959183673469389 
  -611.5362466798073 -12319.712139476402 0.055102040816326525  -0.07959183673469389 
 -1935.6073179472828   -13143.8767169682  0.06734693877551018  -0.07959183673469389 
  -3258.218191801159 -13969.071407731082  0.07959183673469389  -0.07959183673469389 
  -4578.909317361629 -14795.620308620528  0.09183673469387754  -0.07959183673469389 
  -5897.171239976496  -15623.88269752589   0.1040816326530612  -0.07959183673469389 
  -7212.444600361191  -16454.25303396176   0.1163265306122449  -0.07959183673469389 
  -8524.120133651466 -17287.160959742323  0.12857142857142856  -0.07959183673469389 
  -9831.538668359439 -18123.071299706484   0.1408163265306122  -0.07959183673469389 
 -11133.991125248542 -18962.484062528405  0.15306122448979592  -0.07959183673469389 
 -12430.718516108846  -19805.93444157328  0.16530612244897958  -0.07959183673469389 
  19769.876464318317   2178.137207235311    359.8591836734694   -0.0673469387755102 
  18442.612713367304   1356.217778010452   359.87142857142857   -0.0673469387755102 
   17116.55274706399   533.4509880137189   359.88367346938776   -0.0673469387755102 
  15791.333049610517 -289.90701635388103   359.89591836734695   -0.0673469387755102 
   14466.64000803016 -1113.6352690505382   359.90816326530614   -0.0673469387755102 
  13142.209911495362  -1937.547983922034    359.9204081632653   -0.0673469387755102 
  11817.828950846064  -2761.494554346322   359.93265306122447   -0.0673469387755102 
  10493.333218092504 -3585.3595528901387   359.94489795918366   -0.0673469387755102 
   9168.608706105235  -4409.062731065828   359.95714285714286   -0.0673469387755102 
   7843.591308240846  -5232.559019148728   359.96938775510205   -0.0673469387755102 
   6518.266818308023  -6055.838526034344   359.98163265306124   -0.0673469387755102 
    5192.67093037465  -6878.926539186224   359.99387755102043   -0.0673469387755102 
  3866.8892387756237   -7701.88352463386 0.006122448979591855   -0.0673469387755102 
   2541.057238259239  -8524.805127052503  0.01836734693877551   -0.0673469387755102 
   1215.360324157213  -9347.822169873169 0.030612244897959162   -0.0673469387755102 
 -109.96620739216952 -10171.100655493903  0.04285714285714287   -0.0673469387755102 
 -1434.6371589953474 -10994.841765535617 0.055102040816326525   -0.0673469387755102 
 -2758.3174315967944 -11819.281861156418  0.06734693877551018   -0.0673469387755102 
 -4080.6220239119493 -12644.692483453706  0.07959183673469389   -0.0673469387755102 
  -5401.116031791171 -13471.380353917672  0.09183673469387754   -0.0673469387755102 
  -6719.314647477158 -14299.687374921683   0.1040816326530612   -0.0673469387755102 
  -8034.683158790658 -15129.990630333594   0.1163265306122449   -0.0673469387755102 
  -9346.636948217581 -15962.702386158144  0.12857142857142856   -0.0673469387755102 
 -10654.541491887156 -16798.270091218088   0.1408163265306122   -0.0673469387755102 
 -11957.712358491954  -17637.17637796129  0.15306122448979592   -0.0673469387755102 
  -13255.41520809094 -18479.939063282392  0.16530612244897958   -0.0673469387755102 
 -14546.865790827344 -19327.111149422835  0.17755102040816323   -0.0673469387755102 
  -15831.22994556429  -20179.28082494687  0.18979591836734694   -0.0673469387755102 
   20281.75256455767   4319.490839239129    359.8469387755102 -0.055102040816326525 
  18950.894902663716  3500.1035560875735    359.8591836734694 -0.055102040816326525 
  17621.980410473923  2679.3477904455945   359.87142857142857 -0.055102040816326525 
  16294.571019727271  1857.5322465011864   359.88367346938776 -0.055102040816326525 
  14968.278566082645  1034.9304473091067   359.89591836734695 -0.055102040816326525 
    13642.7647883738  211.78073531044257   359.90816326530614 -0.055102040816326525 
  12317.741327967742  -611.7137271708515    359.9204081632653 -0.055102040816326525 
   10992.96972809519 -1435.3849575489014   359.93265306122447 -0.055102040816326525 
   9668.261433540023  -2259.100152609025   359.94489795918366 -0.055102040816326525 
    8343.47779004943  -3082.761688239898   359.95714285714286 -0.055102040816326525 
   7018.530044141949 -3906.3071192296366   359.96938775510205 -0.055102040816326525 
   5693.379342858184  -4729.709179091701   359.98163265306124 -0.055102040816326525 
   4368.036733695404  -5552.975780005226   359.99387755102043 -0.055102040816326525 
  3042.5631644728733  -6376.150012767871 0.006122448979591855 -0.055102040816326525 
  1717.0694834851638 -7199.3101468647255  0.01836734693877551 -0.055102040816326525 
   391.7164396271025  -8022.569630557711 0.030612244897959162 -0.055102040816326525 
  -933.2853173959205  -8846.077091062147  0.04285714285714287 -0.055102040816326525 
 -2257.6752366894925   -9670.01633478016 0.055102040816326525 -0.055102040816326525 
  -3581.142865764343  -10494.60634761106  0.06734693877551018 -0.055102040816326525 
  -4903.327850016387 -11320.101295296265  0.07959183673469389 -0.055102040816326525 
   -6223.81993212331  -12146.79052386989  0.09183673469387754 -0.055102040816326525 
  -7542.158951339877 -12974.998560134145   0.1040816326530612 -0.055102040816326525 
  -8857.834842711001  -13805.08511222532   0.1163265306122449 -0.055102040816326525 
 -10170.287636190431 -14637.445070234024  0.12857142857142856 -0.055102040816326525 
 -11478.907455662873 -15472.508506883105   0.1408163265306122 -0.055102040816326525 
   -12783.0345178923 -16310.740678294997  0.15306122448979592 -0.055102040816326525 
 -14081.959131353846 -17152.642024786674  0.16530612244897958 -0.055102040816326525 
 -15374.921694995768 -17998.748171759613  0.17755102040816323 -0.055102040816326525 
 -16661.112696895983 -18849.629930634484  0.18979591836734694 -0.055102040816326525 
 -17939.672712845444 -19705.893299872638  0.20204081632653065 -0.055102040816326525 
  19465.978303236803   5639.195570318284    359.8469387755102  -0.04285714285714287 
  18133.135230769698   4821.207886670742    359.8591836734694  -0.04285714285714287 
  16802.552775796274  4001.6279310189702   359.87142857142857  -0.04285714285714287 
  15473.768221154898  3180.7817844537904   359.88367346938776  -0.04285714285714287 
  14146.368754014313   2358.960346659953   359.89591836734695  -0.04285714285714287 
  12819.991465050553  1536.4193364619039   359.90816326530614  -0.04285714285714287 
  11494.323347797153   713.3792923407552    359.9204081632653  -0.04285714285714287 
  10169.101297975196 -109.97442716006432   359.93265306122447  -0.04285714285714287 
   8844.112113035899   -933.491643045024   359.94489795918366  -0.04285714285714287 
   7519.192491664816 -1757.0573555745634   359.95714285714286  -0.04285714285714287 
  6194.2290334729105 -2580.5917440376033   359.96938775510205  -0.04285714285714287 
    4869.15823879366  -3404.050166557694   359.98163265306124  -0.04285714285714287 
   3543.966508457422  -4227.423159993113   359.99387755102043  -0.04285714285714287 
   2218.690143746836  -5050.736439896108 0.006122448979591855  -0.04285714285714287 
   893.4153464590843  -5874.050900528152  0.01836734693877551  -0.04285714285714287 
  -431.7217810103127   -6697.46261493645 0.030612244897959162  -0.04285714285714287 
 -1756.5352354402319 -7521.1028351167215  0.04285714285714287  -0.04285714285714287 
 -3080.7891125013384  -8345.137992210457 0.055102040816326525  -0.04285714285714287 
  -4404.197606349004  -9169.769696785077  0.06734693877551018  -0.04285714285714287 
 -5726.4250091499225   -9995.23473918577  0.07959183673469389  -0.04285714285714287 
  -7047.085710496901  -10821.80508991655  0.09183673469387754  -0.04285714285714287 
  -8365.744196758475  -11649.78790013761   0.1040816326530612  -0.04285714285714287 
  -9681.915050308968 -12479.525502174763   0.1163265306122449  -0.04285714285714287 
 -10995.062948689258  -13311.39541013066  0.12857142857142856  -0.04285714285714287 
  -12304.60266366534 -14145.810320542156   0.1408163265306122  -0.04285714285714287 
 -13609.899060194559 -14983.218113102223  0.15306122448979592  -0.04285714285714287 
 -14910.267095315081 -15824.101851462605  0.16530612244897958  -0.04285714285714287 
 -16204.971816923306 -16668.979784076295  0.17755102040816323  -0.04285714285714287 
 -17493.228362470356 -17518.405345116902  0.18979591836734694  -0.04285714285714287 
 -18774.201957578898 -18372.967155474234  0.20204081632653065  -0.04285714285714287 
  -20047.00791454644 -19233.289023789846  0.21428571428571425  -0.04285714285714287 
  19988.846261334293   7772.800825029533   359.83469387755105 -0.030612244897959162 
  18650.926903653828  6958.3902029816745    359.8469387755102 -0.030612244897959162 
  17316.114364790265  6141.7908841757835    359.8591836734694 -0.030612244897959162 
  15983.871373113834   5323.381508898503   359.87142857142857 -0.030612244897959162 
  14653.710562652906   4503.505535109147   359.88367346938776 -0.030612244897959162 
  13325.194472087327   3682.471239090916   359.89591836734695 -0.030612244897959162 
  11997.935544005111   2860.551716026481   359.90816326530614 -0.030612244897959162 
  10671.596124149433  2037.9848805372017    359.9204081632653 -0.030612244897959162 
   9345.888460701399  1214.9734671102822   359.93265306122447 -0.030612244897959162 
    8020.57470381092  391.68503051371846   359.94489795918366 -0.030612244897959162 
   6695.466905106492  -431.7480538871879   359.95714285714286 -0.030612244897959162 
   5370.427017316227 -1255.2285898793923   359.96938775510205 -0.030612244897959162 
  4045.3668939824265 -2078.6945601838615   359.98163265306124 -0.030612244897959162 
   2720.248289301856  -2902.119126335064   359.99387755102043 -0.030612244897959162 
  1395.0828579903055  -3725.510628605761 0.006122448979591855 -0.030612244897959162 
     69.932155314211  -4548.912586016613  0.01836734693877551 -0.030612244897959162 
  -1255.092362865642  -5372.403696373906 0.030612244897959162 -0.030612244897959162 
  -2579.829339895044  -6196.097836409955  0.04285714285714287 -0.030612244897959162 
 -3904.0675180540125  -7020.144061963922 0.055102040816326525 -0.030612244897959162 
  -5227.545738210773  -7844.726608235274  0.06734693877551018 -0.030612244897959162 
  -6549.952939370261  -8670.064890102674  0.07959183673469389 -0.030612244897959162 
  -7870.928158131356  -9496.413502501011  0.09183673469387754 -0.030612244897959162 
  -9190.060528059625 -10324.062220872165   0.1040816326530612 -0.030612244897959162 
  -10506.88927895741 -11153.336001665582   0.1163265306122449 -0.030612244897959162 
 -11820.903736062592 -11984.594982926286  0.12857142857142856 -0.030612244897959162 
 -13131.543319126285  -12818.23448491385   0.1408163265306122 -0.030612244897959162 
 -14438.197541435635 -13654.685010824762  0.15306122448979592 -0.030612244897959162 
 -15740.206008706953 -14494.412247539061  0.16530612244897958 -0.030612244897959162 
  -17036.85841792426 -15337.917066468215  0.17755102040816323 -0.030612244897959162 
 -18327.394556062416  -16185.73552444293  0.18979591836734694 -0.030612244897959162 
  -19611.00429872352  -17038.43886467011  0.20204081632653065 -0.030612244897959162 
  19176.313829778144   9090.219329795787   359.83469387755105  -0.01836734693877551 
  17836.140536813695   8277.397618346684    359.8469387755102  -0.01836734693877551 
  16499.399123320498    7462.15805370489    359.8591836734694  -0.01836734693877551 
  15165.527668530436   6644.896653266871   359.87142857142857  -0.01836734693877551 
  13834.014157659867   5825.974251814598   359.88367346938776  -0.01836734693877551 
  12504.396481036167   5005.716502196776   359.89591836734695  -0.01836734693877551 
  11176.262433130998   4184.413875921529   359.90816326530614  -0.01836734693877551 
   9849.249711934413   3362.321663723173    359.9204081632653  -0.01836734693877551 
   8523.045918143422  2539.6599760124327   359.93265306122447  -0.01836734693877551 
   7197.388554636035  1716.6137433156146   359.94489795918366  -0.01836734693877551 
  5872.0650259951735   893.3327166141274   359.95714285714286  -0.01836734693877551 
    4546.91263804528   69.93146761873382   359.96938775510205  -0.01836734693877551 
  3221.8185975648594  -753.5106109883349   359.98163265306124  -0.01836734693877551 
  1896.7200121001895 -1576.9493054081684   359.99387755102043  -0.01836734693877551 
   571.6038897731023 -2400.3755806282447 0.006122448979591855  -0.01836734693877551 
  -753.4928607227201  -3223.815580404118  0.01836734693877551  -0.01836734693877551 
  -2078.483430075227 -4047.3306272773207 0.030612244897959162  -0.01836734693877551 
  -3403.231108226583   -4871.01722269346  0.04285714285714287  -0.01836734693877551 
  -4727.549284123914  -5695.007047149958 0.055102040816326525  -0.01836734693877551 
  -6051.201445405863  -6519.466960439387  0.06734693877551018  -0.01836734693877551 
  -7373.901177981183  -7344.599001932546  0.07959183673469389  -0.01836734693877551 
  -8695.312165523465 -8170.6403909381015  0.09183673469387754  -0.01836734693877551 
 -10015.048188878394  -8997.863527128437   0.1040816326530612  -0.01836734693877551 
 -11332.673125367524  -9826.575991018086   0.1163265306122449  -0.01836734693877551 
  -12647.70094800941  -10657.12054451526  0.12857142857142856  -0.01836734693877551 
 -13959.595724656196 -11489.875131542616   0.1408163265306122  -0.01836734693877551 
 -15267.771617023205  -12325.25287870867  0.15306122448979592  -0.01836734693877551 
 -16571.592879633085  -13163.70209604885  0.16530612244897958  -0.01836734693877551 
  -17870.37385868378 -14005.706277842917  0.17755102040816323  -0.01836734693877551 
 -19163.378990803678 -14851.784103478902  0.18979591836734694  -0.01836734693877551 
 -20449.822801719045 -15702.489438384267  0.20204081632653065  -0.01836734693877551 
  19710.303115988092  11215.985520778659   359.82244897959185 -0.006122448979591855 
  18363.564746271608  10407.790310467719   359.83469387755105 -0.006122448979591855 
   17021.21127570624   9596.505517726464    359.8469387755102 -0.006122448979591855 
   15682.60622688451   8782.579720647733    359.8591836734694 -0.006122448979591855 
  14347.163029909774   7966.426313677583   359.87142857142857 -0.006122448979591855 
  13014.345021337289   7148.423508374747   359.88367346938776 -0.006122448979591855 
  11683.665443105612   6328.914334106496   359.89591836734695 -0.006122448979591855 
  10354.687441727048   5508.206638669563   359.90816326530614 -0.006122448979591855 
   9027.024067438766   4686.573088877144    359.9204081632653 -0.006122448979591855 
  7700.3382734709885  3864.2511710374374   359.93265306122447 -0.006122448979591855 
   6374.342915508671  3041.4431914112533   359.94489795918366 -0.006122448979591855 
  5048.8007510645875  2218.3162765791867   359.95714285714286 -0.006122448979591855 
  3723.5244390968924  1395.0023737395065   359.96938775510205 -0.006122448979591855 
  2398.3765396334707   571.5982509709388   359.98163265306124 -0.006122448979591855 
  1073.2695135771312  -251.8345025930322   359.99387755102043 -0.006122448979591855 
  -251.8342775681519 -1075.2694766495742 0.006122448979591855 -0.006122448979591855 
 -1576.9225716777876  -1898.715439679262  0.01836734693877551 -0.006122448979591855 
 -2901.9332060273427  -2722.216338943205 0.030612244897959162 -0.006122448979591855 
  -4226.754117186612  -3545.851300576423  0.04285714285714287 -0.006122448979591855 
  -5551.223340804121 -4369.7346297107315 0.055102040816326525 -0.006122448979591855 
  -6875.129011335845  -5194.015810696957  0.06734693877551018 -0.006122448979591855 
  -8198.209361647907  -6018.879507360459  0.07959183673469389 -0.006122448979591855 
  -9520.152722552553   -6844.54556334153  0.09183673469387754 -0.006122448979591855 
 -10840.597522241838  -7671.269002491002   0.1040816326530612 -0.006122448979591855 
  -12159.13228563099  -8499.340029330999   0.1163265306122449 -0.006122448979591855 
 -13475.295633615737   -9329.08402958356  0.12857142857142856 -0.006122448979591855 
 -14788.576282232603 -10160.861570759427   0.1408163265306122 -0.006122448979591855 
 -16098.413041726451 -10995.068402809951  0.15306122448979592 -0.006122448979591855 
 -17404.194815541574 -11832.135458853649  0.16530612244897958 -0.006122448979591855 
 -18705.260599201483  -12672.52885595296  0.17755102040816323 -0.006122448979591855 
  -20000.89947910735 -13516.749895962075  0.18979591836734694 -0.006122448979591855 
  20253.950576599447  13334.944691925373   359.81020408163266  0.006122448979591855 
  18899.369153125863  12532.276801205455   359.82244897959185  0.006122448979591855 
  17550.216337893296   11725.78366482705   359.83469387755105  0.006122448979591855 
  16205.781094935885  10915.966422962618    359.8469387755102  0.006122448979591855 
  14865.402297452583  10103.291030991411    359.8591836734694  0.006122448979591855 
  13528.468726528079   9288.188260355042   359.87142857142857  0.006122448979591855 
  12194.419070082236     8471.0536993269   359.88367346938776  0.006122448979591855 
  10862.741921802668   7652.247753745445   359.89591836734695  0.006122448979591855 
   9532.975780245775   6832.095647648755   359.90816326530614  0.006122448979591855 
   8204.709047965138   6010.887423887177    359.9204081632653  0.006122448979591855 
   6877.580030826868     5188.8779446338   359.93265306122447  0.006122448979591855 
   5551.276937292137   4366.286891853133   359.94489795918366  0.006122448979591855 
   4225.537877878173  3543.2987677017004   359.95714285714286  0.006122448979591855 
  2900.1508647022483   2720.062894843929   359.96938775510205  0.006122448979591855 
  1574.9538110574424  1896.6934167499587   359.98163265306124  0.006122448979591855 
  249.83453120350728  1073.2692978704613   359.99387755102043  0.006122448979591855 
 -1075.2692599724198  249.83432380518852 0.006122448979591855  0.006122448979591855 
 -2400.3699469138724  -573.6028986523509  0.01836734693877551  0.006122448979591855 
  -3725.430013490903 -1397.0689414745175 0.030612244897959162  0.006122448979591855 
 -5050.3620429259845  -2220.625555467942  0.04285714285714287  0.006122448979591855 
    -6375.0287175989  -3044.369670381645 0.055102040816326525  0.006122448979591855 
  -7699.242818817322 -3868.4333950967903  0.06734693877551018  0.006122448979591855 
  -9022.767226449918  -4692.984017863796  0.07959183673469389  0.006122448979591855 
 -10345.314918497646  -5518.224006616428  0.09183673469387754  0.006122448979591855 
 -11666.548970560792   -6344.39100934426   0.1040816326530612  0.006122448979591855 
 -12986.082555216004  -7171.757854529806   0.1163265306122449  0.006122448979591855 
 -14303.478941307681  -8000.632551652837  0.12857142857142856  0.006122448979591855 
 -15618.251493141855  -8831.358291755705   0.1408163265306122  0.006122448979591855 
  -16929.86366958729   -9664.31344807174  0.15306122448979592  0.006122448979591855 
  -18237.72902310096 -10499.911576727023  0.16530612244897958  0.006122448979591855 
 -19541.211198641115 -11338.601417494183  0.17755102040816323  0.006122448979591855 
   19444.58462403714  14650.130594086731   359.81020408163266   0.01836734693877551 
   18087.37152231274  13849.317923082072   359.82244897959185   0.01836734693877551 
   16735.93583296895  13044.434111376413   359.83469387755105   0.01836734693877551 
  15389.541870306432  12235.997676675164    359.8469387755102   0.01836734693877551 
    14047.5038581381  11424.491951567927    359.8591836734694   0.01836734693877551 
  12709.185928688119  10610.365084419094   359.87142857142857   0.01836734693877551 
  11374.002121295798    9794.03004015955   359.88367346938776   0.01836734693877551 
  10041.416381493049    8975.86460103599   359.89591836734695   0.01836734693877551 
   8710.942559953954   8156.211367273037   359.90816326530614   0.01836734693877551 
   7382.144411644381   7335.377757717758    359.9204081632653   0.01836734693877551 
   6054.635595068928   6513.636010357455   359.93265306122447   0.01836734693877551 
   4728.079671557354   5691.223182830302   359.94489795918366   0.01836734693877551 
  3402.1901046918656   4868.341152834921   359.95714285714286   0.01836734693877551 
   2076.730259733214    4045.15661848245   359.96938775510205   0.01836734693877551 
   751.5134033162949   3221.801098602664   359.98163265306124   0.01836734693877551 
   -573.597296990643  2398.3709329590915   359.99387755102043   0.01836734693877551 
 -1898.6887728160943  1574.9272824331035 0.006122448979591855   0.01836734693877551 
 -3223.7980552106665    751.496129090744  0.01836734693877551   0.01836734693877551 
  -4548.912274646316   -71.9317237468312 0.030612244897959162   0.01836734693877551 
  -5873.968660996044  -895.4006515539056  0.04285714285714287   0.01836734693877551 
  -7198.854543402081 -1718.9902086830757 0.055102040816326525   0.01836734693877551 
  -8523.407350037274 -2542.8151285262406  0.06734693877551018   0.01836734693877551 
  -9847.414607808712  -3367.025323734866  0.07959183673469389   0.01836734693877551 
 -11170.613941954633  -4191.805886509202  0.09183673469387754   0.01836734693877551 
 -12492.693075523823  -5017.377088939492   0.1040816326530612   0.01836734693877551 
 -13813.289828824021  -5843.994383433256   0.1163265306122449   0.01836734693877551 
 -15131.992118699862  -6671.948403176723  0.12857142857142856   0.01836734693877551 
 -16448.337957805375  -7501.564962694893   0.1408163265306122   0.01836734693877551 
 -17761.815453718078  -8333.205058448397  0.15306122448979592   0.01836734693877551 
  -19071.86280798728  -9167.264869504534  0.16530612244897958   0.01836734693877551 
  -20377.86831510548 -10004.175758279955  0.17755102040816323   0.01836734693877551 
  20000.290733634916  16760.590854627462   359.79795918367347  0.030612244897959162 
  18633.682747407962  15966.399383977541   359.81020408163266  0.030612244897959162 
  17274.002705408326  15167.325801781242   359.82244897959185  0.030612244897959162 
  15920.440360918588  14363.941189563211   359.83469387755105  0.030612244897959162 
  14572.235378549427  13556.781442473497    359.8469387755102  0.030612244897959162 
  13228.677332945268  12746.347270236569    359.8591836734694  0.030612244897959162 
  11889.105707497762   11933.10419806166   359.87142857142857  0.030612244897959162 
  10552.909893137346  11117.482567459876   359.88367346938776  0.030612244897959162 
   9219.529187280792  10299.877537026161   359.89591836734695  0.030612244897959162 
   7888.452792827714   9480.649083113994   359.90816326530614  0.030612244897959162 
   6559.219817231756   8660.122000505507    359.9204081632653  0.030612244897959162 
   5231.419271700158    7838.58590295873   359.93265306122447  0.030612244897959162 
  3904.6900705152707   7016.295223740014   359.94489795918366  0.030612244897959162 
   2578.721030315092    6193.46921605295   359.95714285714286  0.030612244897959162 
  1253.2508696424418   5370.291953415124   359.96938775510205  0.030612244897959162 
  -71.93179157176479   4546.912330002932   359.98163265306124  0.030612244897959162 
 -1396.9884323346016  3723.4440608613445   359.99387755102043  0.030612244897959162 
  -2722.030630849972  2899.9656821360727 0.006122448979591855  0.030612244897959162 
  -4047.120064726356   2076.520551162576  0.01836734693877551  0.030612244897959162 
  -5372.268511026194   1253.116846543139 0.030612244897959162  0.030612244897959162 
  -6697.437846282647  429.72756813985825  0.04285714285714287  0.030612244897959162 
  -8022.540046390519  -393.7094629974663 0.055102040816326525  0.030612244897959162 
  -9347.437186422982 -1217.2916047629221  0.06734693877551018  0.030612244897959162 
  -10671.94144035402 -2041.1513941936985  0.07959183673469389  0.030612244897959162 
 -11995.815080666469  -2865.456547728058  0.09183673469387754  0.030612244897959162 
 -13318.770477917242 -3690.4099615357068   0.1040816326530612  0.030612244897959162 
 -14640.470100173545 -4516.2497119078125   0.1163265306122449  0.030612244897959162 
 -15960.526512358285  -5343.249055708529  0.12857142857142856  0.030612244897959162 
 -17278.502375520522 -6171.7164308952615   0.1408163265306122  0.030612244897959162 
 -18593.910446018886  -7001.995457105933  0.15306122448979592  0.030612244897959162 
 -19906.213574579913  -7834.464936298218  0.16530612244897958  0.030612244897959162 
  19190.204638695108   18076.28480156922   359.79795918367347   0.04285714285714287 
  17820.962681818834   17283.95017400551   359.81020408163266   0.04285714285714287 
  16459.005085089655  16486.482173718676   359.82244897959185   0.04285714285714287 
  15103.496951822583  15684.469259912341   359.83469387755105   0.04285714285714287 
   13753.65329711644  14878.464705084829    359.8469387755102   0.04285714285714287 
  12408.739046520866  14068.986596000299    359.8591836734694   0.04285714285714287 
  11068.069034732513  13256.517834634646   359.87142857142857   0.04285714285714287 
   9731.008004381645  12441.506139005265   359.88367346938776   0.04285714285714287 
   8396.970604882754  11624.364043972302   359.89591836734695   0.04285714285714287 
  7065.4213914397715  10805.468901954231   359.90816326530614   0.04285714285714287 
   5735.874824085496   9985.162883610807    359.9204081632653   0.04285714285714287 
   4407.895266827507   9163.752978413131   359.93265306122447   0.04285714285714287 
  3081.0969869437927   8341.510995200482   359.94489795918366   0.04285714285714287 
   1755.144154233013   7518.673562636883   359.95714285714286   0.04285714285714287 
  429.75084052151243   6695.442129617218   359.96938775510205   0.04285714285714287 
  -895.3189808780696   5871.982965609561   359.98163265306124   0.04285714285714287 
 -2220.2514355187923    5048.42716093348   359.99387755102043   0.04285714285714287 
 -3545.1827481378195   4224.870626965468 0.006122448979591855   0.04285714285714287 
   -4870.19924287591  3401.3740962878123  0.01836734693877551   0.04285714285714287 
  -6195.337343375932  2577.9631227811306 0.030612244897959162   0.04285714285714287 
    -7520.5835728169   1754.628081631219  0.04285714285714287   0.04285714285714287 
  -8845.874553858579   931.3241692911797 0.055102040816326525   0.04285714285714287 
 -10171.097008460638   107.9714033669959  0.06734693877551018   0.04285714285714287 
 -11496.087757675392  -715.5453775508051  0.07959183673469389   0.04285714285714287 
 -12820.633721269725 -1539.3765141287006  0.09183673469387754   0.04285714285714287 
 -14144.471917331435 -2363.7075265925396   0.1040816326530612   0.04285714285714287 
 -15467.289461721899  -3188.759115092491   0.1163265306122449   0.04285714285714287 
  -16788.72356748089 -4014.7871601353368  0.12857142857142856   0.04285714285714287 
  -18108.36154411906  -4842.082723079184   0.1408163265306122   0.04285714285714287 
  -19425.74079681906  -5670.972046691121  0.15306122448979592   0.04285714285714287 
  19758.040530070877   20178.19659165586    359.7857142857143  0.055102040816326525 
   18377.84543805652  19393.581571059953   359.79795918367347  0.055102040816326525 
  17006.192063060636  18602.946897707046   359.81020408163266  0.055102040816326525 
  15642.170944721245  17806.933596470215   359.82244897959185  0.055102040816326525 
  14284.922536496002   17006.14750413109   359.83469387755105  0.055102040816326525 
  12933.637204101698   16201.15927042524    359.8469387755102  0.055102040816326525 
  11587.555224149637  15392.504359066517    359.8591836734694  0.055102040816326525 
  10245.966782788993  14580.683048707262   359.87142857142857  0.055102040816326525 
    8908.21197442373  13766.160433775258   359.88367346938776  0.055102040816326525 
   7573.680800619019  12949.366425332993   359.89591836734695  0.055102040816326525 
    6241.81316897384  12130.695751778869   359.90816326530614  0.055102040816326525 
  4912.0988921982835   11310.50795958277    359.9204081632653  0.055102040816326525 
   3584.077687196321  10489.127413863296   359.93265306122447  0.055102040816326525 
   2257.339174306998    9666.84329897888   359.94489795918366  0.055102040816326525 
   931.5228765770792    8843.90961900637   359.95714285714286  0.055102040816326525 
  -393.6817808187027   8020.545198155619   359.96938775510205  0.055102040816326525 
  -1718.535471115878   7196.933681163342   359.98163265306124  0.055102040816326525 
  -3043.248966379749   6373.223533569793   359.99387755102043  0.055102040816326525 
  -4367.983137831799   5549.528041965149 0.006122448979591855  0.055102040816326525 
  -5692.848956113239   4725.925314151549  0.01836734693877551  0.055102040816326525 
 -7017.9074914134035  3902.4582792630094 0.030612244897959162  0.055102040816326525 
  -8343.169913543567   3079.134687798728  0.04285714285714287  0.055102040816326525 
  -9668.597491896477   2255.927111602514 0.055102040816326525  0.055102040816326525 
 -10994.101595344264  1432.7729437833661  0.06734693877551018  0.055102040816326525 
 -12319.543692000425   609.5743985577571  0.07959183673469389  0.055102040816326525 
 -13644.735348939914 -213.80148895944794  0.09183673469387754  0.055102040816326525 
 -14969.438231786009 -1037.5228630361032   0.1040816326530612  0.055102040816326525 
 -16293.364104233513  -1861.793047664554   0.1163265306122449  0.055102040816326525 
   -17616.1748274704 -2686.8505469691418  0.12857142857142856  0.055102040816326525 
  -18937.48235950002 -3512.9690456760814   0.1408163265306122  0.055102040816326525 
 -20256.848754402276  -4340.457409652361  0.15306122448979592  0.055102040816326525 
  16189.188427647578  19923.518309800475   359.81020408163266   0.06734693877551018 
  14823.342468341232  19128.791448805197   359.82244897959185   0.06734693877551018 
  13464.583946366476  18329.069925113457   359.83469387755105   0.06734693877551018 
  12112.078578244564   17524.94176560138    359.8469387755102   0.06734693877551018 
  10765.041991775775   16716.95981083166    359.8591836734694   0.06734693877551018 
   9422.739724695086  15905.641716018095   359.87142857142857   0.06734693877551018 
   8084.487223346836   15091.46995192851   359.88367346938776   0.06734693877551018 
   6749.649841515705  14274.891805718353   359.89591836734695   0.06734693877551018 
   5417.642839341677  13456.319381701274   359.90816326530614   0.06734693877551018 
  4087.9313823151733  12636.129602072533    359.9204081632653   0.06734693877551018 
  2760.0305403390894   11814.66420753276   359.93265306122447   0.06734693877551018 
  1433.5052869176577   10992.22975789414   359.94489795918366   0.06734693877551018 
   107.9704984154664  10169.097632577043   359.95714285714286   0.06734693877551018 
 -1216.9090465756103    9345.50403106489   359.96938775510205   0.06734693877551018 
 -2541.4186677597336   8521.649973310783   359.98163265306124   0.06734693877551018 
 -3865.7937836527826  7697.7013000311035   359.99387755102043   0.06734693877551018 
  -5190.219911908389  6873.7886729907705 0.006122448979591855   0.06734693877551018 
   -6514.83266962165   6050.007575180379  0.01836734693877551   0.06734693877551018 
  -7839.717773490172    5226.41831096103 0.030612244897959162   0.06734693877551018 
    -9164.9110399275  4403.0460061254735  0.04285714285714287   0.06734693877551018 
 -10490.398385051452   3579.880607894896 0.055102040816326525   0.06734693877551018 
 -11816.115824604947  2756.8768848645154  0.06734693877551018   0.06734693877551018 
 -13141.949473779001  1933.9544268761724  0.07959183673469389   0.06734693877551018 
 -14467.735546944503  1110.9976448266325  0.09183673469387754   0.06734693877551018 
 -15793.260357279212   287.8557704114313   0.1040816326530612   0.06734693877551018 
 -17118.260316314594  -535.6571441918397   0.1163265306122449   0.06734693877551018 
 -18442.421933421396 -1359.7622267074485  0.12857142857142856   0.06734693877551018 
  -19765.38181513458 -2184.7157852091846   0.1408163265306122   0.06734693877551018 
   14002.41174058425  20452.131930648724   359.82244897959185   0.07959183673469389 
   12642.39791352866   19653.29534691127   359.83469387755105   0.07959183673469389 
  11288.918798982464   18849.85363886407    359.8469387755102   0.07959183673469389 
   9941.165376072311   18042.37702379913    359.8591836734694   0.07959183673469389 
   8598.378534274778    17231.4005334051   359.87142857142857   0.07959183673469389 
   7259.849071997549   16417.42401467337   359.88367346938776   0.07959183673469389 
   5924.917695437699  15600.912130767352   359.89591836734695   0.07959183673469389 
   4592.975017371886  14782.294361822667   359.90816326530614   0.07959183673469389 
   3263.461556178329  13961.965005681162    359.9204081632653   0.07959183673469389 
  1935.8677348540803   13140.28317854114   359.93265306122447   0.07959183673469389 
   609.7338801982348  12317.572815601423   359.94489795918366   0.07959183673469389 
   -715.349778022976  11494.122671565776   359.95714285714286   0.07959183673469389 
  -2039.743107684631  10670.186321121617   359.96938775510205   0.07959183673469389 
  -3363.756074920395   9845.982159373942   359.98163265306124   0.07959183673469389 
  -4687.648744611243   9021.693402179675   359.99387755102043   0.07959183673469389 
  -6011.631280778939   8197.468086429146 0.006122448979591855   0.07959183673469389 
  -7335.863946916972   7373.419070262041  0.01836734693877551   0.07959183673469389 
  -8660.457106187145   6549.624033235209 0.030612244897959162   0.07959183673469389 
  -9985.471221552998    5726.12547639784  0.04285714285714287   0.07959183673469389 
 -11310.916855832496   4902.930722333425 0.055102040816326525   0.07959183673469389 
 -12636.754671620412   4080.011915105881  0.06734693877551018   0.07959183673469389 
 -13962.895431166291  3257.3060201697253  0.07959183673469389   0.07959183673469389 
 -15289.199996120105  2434.7148241954083  0.09183673469387754   0.07959183673469389 
  -16615.47932721201  1612.1049348420356   0.1040816326530612   0.07959183673469389 
   -17941.4944838365    789.307780462012   0.1163265306122449   0.07959183673469389 
 -19266.956623540253  -33.88039025868638  0.12857142857142856   0.07959183673469389 
  10464.149146618414   20175.90115946747    359.8469387755102   0.09183673469387754 
   9115.941304630067  19368.744891457827    359.8591836734694   0.09183673469387754 
    7772.92378632356   18557.93101863561   359.87142857142857   0.09183673469387754 
  6434.3627423561975   17743.97676411146   359.88367346938776   0.09183673469387754 
    5099.57423141727  16927.364166959225   359.89591836734695   0.09183673469387754 
   3767.924219092243   16108.54008303404   359.90816326530614   0.09183673469387754 
   2438.828576782681  15287.916185734244    359.9204081632653   0.09183673469387754 
  1111.7530807156559  14465.868966687494   359.93265306122447   0.09183673469387754 
  -213.7865889481184  13642.739736373507   359.94489795918366   0.09183673469387754 
 -1538.2248488948326    12818.8346247172   359.95714285714286   0.09183673469387754 
  -2861.946213403296  11994.424581544134   359.96938775510205   0.09183673469387754 
  -4185.285294923315  11169.745377054016   359.98163265306124   0.09183673469387754 
  -5508.526804626579  10344.997602176078   359.99387755102043   0.09183673469387754 
  -6831.905552829736   9520.346668877675 0.006122448979591855   0.09183673469387754 
  -8155.606449358646     8695.9228104013  0.01836734693877551   0.09183673469387754 
  -9479.764503778319   7871.821081456656 0.030612244897959162   0.09183673469387754 
 -10804.464825563795    7048.10135832188  0.04285714285714287   0.09183673469387754 
 -12129.742624176948   6224.788338903248 0.055102040816326525   0.09183673469387754 
  -13455.58320903646    5401.87154271332  0.06734693877551018   0.09183673469387754 
 -14781.921989416984   4579.305310798521  0.07959183673469389   0.09183673469387754 
 -16108.644474234801   3757.008805590962  0.09183673469387754   0.09183673469387754 
 -17435.586271763023  2934.8660107051887   0.1040816326530612   0.09183673469387754 
  -18762.53308924958    2112.72573066614   0.1163265306122449   0.09183673469387754 
 -20089.220732418977  1290.4015905706726  0.12857142857142856   0.09183673469387754 
  6946.4659569646265  19885.169510197065   359.87142857142857    0.1040816326530612 
   5608.143357711927   19071.04716300386   359.88367346938776    0.1040816326530612 
   4273.759219918951  18254.149501363347   359.89591836734695    0.1040816326530612 
   2942.654862113404   17434.94075674829   359.90816326530614    0.1040816326530612 
  1614.2215088389275  16613.849978019254    359.9204081632653    0.1040816326530612 
  287.90028968031413  15791.271032123677   359.93265306122447    0.1040816326530612 
 -1036.8177617069227  14967.562604761255   359.94489795918366    0.1040816326530612 
  -2360.391708354549  14143.048200981526   359.95714285714286    0.1040816326530612 
 -3683.2307108264226  13318.016145674586   359.96938775510205    0.1040816326530612 
  -5005.694027794984  12492.719584068218   359.98163265306124    0.1040816326530612 
  -6328.091016631304   11667.37648209875   359.99387755102043    0.1040816326530612 
   -7650.68113386172    10842.1696267485 0.006122448979591855    0.1040816326530612 
  -8973.673935567931   10017.24662630957  0.01836734693877551    0.1040816326530612 
 -10297.229077651997    9192.71991059907 0.030612244897959162    0.1040816326530612 
 -11621.456316040663   8368.666731081676  0.04285714285714287    0.1040816326530612 
 -12946.415506784811   7545.129160946865 0.055102040816326525    0.1040816326530612 
 -14272.116606082047   6722.114095125029  0.06734693877551018    0.1040816326530612 
   -15598.5196701968   5899.593250228993  0.07959183673469389    0.1040816326530612 
 -16925.534855281992   5077.503164431422  0.09183673469387754    0.1040816326530612 
  -18253.02241713487   4255.745197287982   0.1040816326530612    0.1040816326530612 
 -19580.792710830356   3434.185529484208   0.1163265306122449    0.1040816326530612 
  4781.3559432415595  20398.518994467762   359.88367346938776    0.1163265306122449 
  3447.6623334110423  19581.134541327163   359.89591836734695    0.1163265306122449 
  2117.3812661110483   18761.34541456928   359.90816326530614    0.1163265306122449 
   789.8793192274352   17939.59803840978    359.9204081632653    0.1163265306122449 
  -535.4270241992124   17116.30365501925   359.93265306122447    0.1163265306122449 
 -1859.0713768230903  16291.838325229053   359.94489795918366    0.1163265306122449 
 -3181.5374479528477  15466.542929116738   359.95714285714286    0.1163265306122449 
  -4503.259044303932   14640.72316655874   359.96938775510205    0.1163265306122449 
  -5824.620070660754  13814.649557729183   359.98163265306124    0.1163265306122449 
   -7145.95453049115  12988.557443500435   359.99387755102043    0.1163265306122449 
  -8467.546526440026  12162.646985809135 0.006122448979591855    0.1163265306122449 
  -9789.630260759785  11337.083167935685  0.01836734693877551    0.1163265306122449 
 -11112.390035607505  10511.995794744413 0.030612244897959162    0.1163265306122449 
  -12435.96025328873   9687.479492836519  0.04285714285714287    0.1163265306122449 
  -13760.42541638815   8863.593710646122 0.055102040816326525    0.1163265306122449 
 -15085.820127822259   8040.362718478927  0.06734693877551018    0.1163265306122449 
 -16412.129090800438   7217.775608482251  0.07959183673469389    0.1163265306122449 
 -17739.287108672546   6395.786294540999  0.09183673469387754    0.1163265306122449 
   -19067.1790847243   5574.313512128841   0.1040816326530612    0.1163265306122449 
  -20395.64002183991   4753.240818076119   0.1163265306122449    0.1163265306122449 
  1292.3676533538687   20087.56790789611   359.90816326530614   0.12857142857142856 
  -33.90912243437176   19264.95684247873    359.9204081632653   0.12857142857142856 
  -1357.915343907038   18440.74593513457   359.93265306122447   0.12857142857142856 
  -2680.209269957993  17615.328621707984   359.94489795918366   0.12857142857142856 
 -4001.2992559943623  16789.063157228382   359.95714285714286   0.12857142857142856 
   -5321.64375476455   15962.27261646189   359.96938775510205   0.12857142857142856 
   -6641.65131704517   15135.24489444446   359.98163265306124   0.12857142857142856 
  -7961.680592289041  14308.232706905845   359.99387755102043   0.12857142857142856 
  -9282.040329155834  13481.453590664018 0.006122448979591855   0.12857142857142856 
 -10602.989375972444  12655.089903919816  0.01836734693877551   0.12857142857142856 
   -11924.7366810623   11829.28882652206 0.030612244897959162   0.12857142857142856 
 -13247.441293028933  11004.162360151491  0.04285714285714287   0.12857142857142856 
 -14571.212360919291  10179.787328436687 0.055102040816326525   0.12857142857142856 
 -15896.109134301672   9356.205377010998  0.06734693877551018   0.12857142857142856 
  -17222.14096327339    8533.42297351649  0.07959183673469389   0.12857142857142856 
 -18549.267298330735   7711.411407514975  0.09183673469387754   0.12857142857142856 
  -19877.39769020535   6890.106790368655   0.1040816326530612   0.12857142857142856 
  -2179.201248847425   19764.34179129842   359.93265306122447    0.1408163265306122 
 -3499.8433729753265  18937.760037089487   359.94489795918366    0.1408163265306122 
  -4819.264416796362  18110.318052249615   359.95714285714286    0.1408163265306122 
  -6137.947478952957  17282.356286336726   359.96938775510205    0.1408163265306122 
  -7456.325756085734     16454.180009164   359.98163265306124    0.1408163265306122 
  -8774.782543514535  15626.059311238783   359.99387755102043    0.1408163265306122 
 -10093.651235793039  14798.229104165912 0.006122448979591855    0.1408163265306122 
 -11413.215327214784  13970.889120992615  0.01836734693877551    0.1408163265306122 
 -12733.708412180491   13144.20391649482 0.030612244897959162    0.1408163265306122 
 -14055.314185497104   12318.30286736245  0.04285714285714287    0.1408163265306122 
 -15378.166442581462  11493.280172352834 0.055102040816326525    0.1408163265306122 
 -16702.349079593187  10669.194852385675  0.06734693877551018    0.1408163265306122 
 -18027.896093438583   9846.070750542027  0.07959183673469389    0.1408163265306122 
 -19354.791581709873   9023.896532023628  0.09183673469387754    0.1408163265306122 
  -4317.535713130432    20258.8239326526   359.94489795918366   0.15306122448979592 
  -5634.970309854065   19429.98159934707   359.95714285714286   0.15306122448979592 
  -6951.682948578308  18600.630785231046   359.96938775510205   0.15306122448979592 
  -8268.131471663188  17771.094134779545   359.98163265306124   0.15306122448979592 
   -9584.72382016103    16941.6591131833   359.99387755102043   0.15306122448979592 
 -10901.818034402628  16112.578006761401 0.006122448979591855   0.15306122448979592 
 -12219.722254533383  15284.067923324223  0.01836734693877551   0.15306122448979592 
 -13538.694720912501   14456.31079248485 0.030612244897959162   0.15306122448979592 
  -14858.94377444936  13629.453365873986  0.04285714285714287   0.15306122448979592 
 -16180.627856852856  12803.607217325467 0.055102040816326525   0.15306122448979592 
 -17503.855510769994   11978.84874296979  0.06734693877551018   0.15306122448979592 
 -18828.685379851246   11155.21916128151  0.07959183673469389   0.15306122448979592 
 -20155.126208706755  10332.724513048428  0.09183673469387754   0.15306122448979592 
   -7762.31298935899   19916.71753959573   359.96938775510205   0.16530612244897958 
  -9076.506641419466   19085.59132141233   359.98163265306124   0.16530612244897958 
  -10390.91795174061  18254.618786496234   359.99387755102043   0.16530612244897958 
 -11705.929606295942   17424.06959578695 0.006122448979591855   0.16530612244897958 
 -13021.874390955662  16594.178231768998  0.01836734693877551   0.16530612244897958 
 -14339.035191917856  15765.143998808378 0.030612244897959162   0.16530612244897958 
 -15657.644996091283  14937.131023406422  0.04285714285714287   0.16530612244897958 
 -16977.886891363603  14110.268254390401 0.055102040816326525   0.16530612244897958 
  -18299.89406677954  13284.649463039368  0.06734693877551018   0.16530612244897958 
 -19623.749812640897  12460.333243156008  0.07959183673469389   0.16530612244897958 
  -9880.839535705352   20397.24043568366   359.98163265306124   0.17755102040816323 
 -11192.728560195796  19564.489821234092   359.99387755102043   0.17755102040816323 
 -12505.324924933064   18732.23798468046 0.006122448979591855   0.17755102040816323 
 -13818.986061374613   17900.73678308552  0.01836734693877551   0.17755102040816323 
 -15134.019501436675   17070.20289548786 0.030612244897959162   0.17755102040816323 
 -16450.682877896634  16240.817823161933  0.04285714285714287   0.17755102040816323 
 -17769.183924709258  15412.727889851736 0.055102040816326525   0.17755102040816323 
 -19089.680477216527  14586.044241914811  0.06734693877551018   0.17755102040816323 
  -20412.28047227198  13760.842848410764  0.07959183673469389   0.17755102040816323 
 -13299.293054726686   20036.58210213841 0.006122448979591855   0.18979591836734694 
 -14610.321681332181  19203.225129081013  0.01836734693877551   0.18979591836734694 
 -15922.887416030411  18370.951657357746 0.030612244897959162   0.18979591836734694 
  -17237.27253734373   17539.96056293355  0.04285714285714287   0.18979591836734694 
 -18553.709425168472  16710.415544378917 0.055102040816326525   0.18979591836734694 
 -19872.380561024496  15882.445123045483  0.06734693877551018   0.18979591836734694 
  -16704.82879125749   19666.81927313407 0.030612244897959162   0.20204081632653065 
  -18016.57918056087  18833.970854150204  0.04285714285714287   0.20204081632653065 
  -19330.60394931501  18002.725452026934 0.055102040816326525   0.20204081632653065 
 -18787.718100885195  20122.225120862844  0.04285714285714287   0.21428571428571425 
 -20098.958140555176    19289.0166592058 0.055102040816326525   0.21428571428571425 
