\ This script generates Case-3 astrometry challenges. The telescope used in this
\ challenge is affected by distortion. Artificial sources tiled in a grid
\ pattern are generated. A list of source positions on the focal plane and
\ original ICRS coordinates is provided. Solve the position angle and distortion
\ parameters.
\pointing_ra=0.0
\pointing_dec=0.0
\position_angle=185.1243978289002
\distortion_K=(-27.21913622625913,)
\distortion_S=(0.33276776912959827, -3.4529807322669086)
\distortion_T=(18.784900917283597,)
\distortion_scale=1.005977204669126
|                  x|                  y|                  ra|                  dec|
|             double|             double|              double|               double|
|                 um|                 um|                 deg|                  deg|
|               null|               null|                null|                 null|
  -20331.51075770015  20431.022748557927    359.8469387755102  -0.18979591836734694 
 -20296.242933168614   19103.64331263698    359.8469387755102  -0.17755102040816326 
 -18858.037979102577  19312.323429045646    359.8591836734694  -0.17755102040816326 
  -17411.86729565255  19515.024124609634   359.87142857142857  -0.17755102040816326 
 -15958.367860597273  19711.708992247502   359.88367346938776  -0.17755102040816326 
 -14498.176441773656  19902.339768709273   359.89591836734695  -0.17755102040816326 
 -13031.929597641058  20086.876334561042   359.90816326530614  -0.17755102040816326 
 -11560.263677907067   20265.27671414897    359.9204081632653  -0.17755102040816326 
 -10083.814824075955  20437.497075591666   359.93265306122447  -0.17755102040816326 
 -20256.413641053317  17756.669898377466    359.8469387755102  -0.16530612244897958 
 -18811.522214609253  17963.211302793625    359.8591836734694  -0.16530612244897958 
 -17358.696002378958   18163.99679592845   359.87142857142857  -0.16530612244897958 
 -15898.571051196339   18358.99004633121   359.88367346938776  -0.16530612244897958 
 -14431.783197969728   18548.15286651949   359.89591836734695  -0.16530612244897958 
 -12958.968070259572   18731.44521297813   359.90816326530614  -0.16530612244897958 
 -11480.761086900313   18908.82518612227    359.9204081632653  -0.16530612244897958 
  -9997.797458541181   19080.24903027944   359.93265306122447  -0.16530612244897958 
  -8510.712188280779   19245.67113366355   359.94489795918366  -0.16530612244897958 
 -7020.1400722280505  19405.044028331216   359.95714285714286  -0.16530612244897958 
  -5526.715700077837   19558.31839016291   359.96938775510205  -0.16530612244897958 
  -4031.073455729893   19705.44303881261   359.98163265306124  -0.16530612244897958 
 -2533.8475178500626  19846.364937665167   359.99387755102043  -0.16530612244897958 
 -1035.6718604696557   19981.02919379885 0.006122448979591855  -0.16530612244897958 
   462.8197464544702   20109.37905793117  0.01836734693877551  -0.16530612244897958 
  1960.9937364233117   20231.35592436428 0.030612244897959162  -0.16530612244897958 
  3458.2167458030185   20346.89933093405  0.04285714285714287  -0.16530612244897958 
   4953.855613320065   20455.94695895085 0.055102040816326525  -0.16530612244897958 
 -20212.097395242672  16390.800833426958    359.8469387755102  -0.15306122448979592 
 -18760.740604673112   16595.19878450407    359.8591836734694  -0.15306122448979592 
  -17301.47985152257  16794.063094430792   359.87142857142857  -0.15306122448979592 
 -15834.950251757853   16987.35750738534   359.88367346938776  -0.15306122448979592 
  -14361.78671144833  17175.043911662677   359.89591836734695  -0.15306122448979592 
 -12882.623927336723  17357.082339666104   359.90816326530614  -0.15306122448979592 
 -11398.096387467041   17533.43096787881    359.9204081632653  -0.15306122448979592 
  -9908.838371722295   17704.04611684572   359.93265306122447  -0.15306122448979592 
  -8415.483952452265  17868.882251137846   359.94489795918366  -0.15306122448979592 
  -6918.666995039616  18027.891979318814   359.95714285714286  -0.15306122448979592 
  -5419.021158472605   18181.02605392497   359.96938775510205  -0.15306122448979592 
 -3917.1798959595594   18328.23337140427   359.98163265306124  -0.15306122448979592 
 -2413.7764554953187   18469.46097209686   359.99387755102043  -0.15306122448979592 
  -909.4438804520672  18604.654040169873 0.006122448979591855  -0.15306122448979592 
   595.1849898579468  18733.755903581892  0.01836734693877551  -0.15306122448979592 
  2099.4775195556017  18856.708034028292 0.030612244897959162  -0.15306122448979592 
  3602.8012756557855   18973.45004687399  0.04285714285714287  -0.15306122448979592 
   5104.524027458425  19083.919701119114 0.055102040816326525  -0.15306122448979592 
   6604.013745995927   19188.05289930455  0.06734693877551018  -0.15306122448979592 
  8100.6386033816025    19285.7836874752  0.07959183673469389  -0.15306122448979592 
   9593.766972308917  19377.044255099878  0.09183673469387754  -0.15306122448979592 
   11082.76742546279   19461.76493498508   0.1040816326530612  -0.15306122448979592 
   12567.00873484473  19539.874203226438   0.1163265306122449  -0.15306122448979592 
  14045.859871331006  19611.298679104406  0.12857142857142856  -0.15306122448979592 
  15518.690003962265  19675.963125017064   0.1408163265306122  -0.15306122448979592 
  16984.868499472042  19733.790446385483  0.15306122448979592  -0.15306122448979592 
   18443.76492162791   19784.70169156849  0.16530612244897958  -0.15306122448979592 
  19894.749030691226  19828.616051770146  0.17755102040816323  -0.15306122448979592 
 -20163.368195606075    15006.7288644872    359.8469387755102  -0.14081632653061224 
 -18705.766218787758  15208.978696610917    359.8591836734694  -0.14081632653061224 
  -17240.29098221676   15405.91591840341   359.87142857142857  -0.14081632653061224 
 -15767.576671072093  15597.504349673269   359.88367346938776  -0.14081632653061224 
 -14288.257260672304  15783.705954500274   359.89591836734695  -0.14081632653061224 
 -12802.966517023493   15964.48084120718   359.90816326530614  -0.14081632653061224 
  -11312.33799746655  16139.787262351872    359.9204081632653  -0.14081632653061224 
  -9817.005051193755   16309.58161468605   359.93265306122447  -0.14081632653061224 
  -8317.600819894813  16473.818439144674   359.94489795918366  -0.14081632653061224 
  -6814.758238310041  16632.450420799323   359.95714285714286  -0.14081632653061224 
   -5309.11003480001  16785.428388828786   359.96938775510205  -0.14081632653061224 
 -3801.2887319700185   16932.70131648746   359.98163265306124  -0.14081632653061224 
   -2291.92664722289  17074.216321054544   359.99387755102043  -0.14081632653061224 
  -781.6558933548552  17209.918663780365 0.006122448979591855  -0.14081632653061224 
   728.8916208812483  17339.751749857274  0.01836734693877551  -0.14081632653061224 
   2239.084190158165  17463.657128365256 0.030612244897959162  -0.14081632653061224 
   3748.290312027112  17581.574492196938  0.04285714285714287  -0.14081632653061224 
  5255.8786863264295  17693.441678015144 0.055102040816326525  -0.14081632653061224 
   6761.218214566706  17799.194666192572  0.06734693877551018  -0.14081632653061224 
   8263.677999426769   17898.76758072945  0.07959183673469389  -0.14081632653061224 
   9762.627344079023  17992.092689205132  0.09183673469387754  -0.14081632653061224 
  11257.435751694278  18079.100402693253   0.1040816326530612  -0.14081632653061224 
  12747.472924810018  18159.719275685442   0.1163265306122449  -0.14081632653061224 
  14232.108764755645   18233.87600601931  0.12857142857142856  -0.14081632653061224 
   15710.71337110207  18301.495434790264   0.1408163265306122  -0.14081632653061224 
  17182.657041038914   18362.50054626647  0.15306122448979592  -0.14081632653061224 
   18647.31026885317   18416.81246779897  0.16530612244897958  -0.14081632653061224 
  20104.043745310308  18464.350469732482  0.17755102040816323  -0.14081632653061224 
 -20110.299528081552  13605.141158024862    359.8469387755102  -0.12857142857142856 
  -18646.67161259885   13805.23828131953    359.8591836734694  -0.12857142857142856 
  -17175.20101983292  14000.242585911632   359.87142857142857  -0.12857142857142856 
 -15696.521004257515  14190.117967245737   359.88367346938776  -0.12857142857142856 
 -14211.264610518558  14374.826465185313   359.89591836734695  -0.12857142857142856 
 -12720.064673974302  14554.328263981552   359.90816326530614  -0.12857142857142856 
 -11223.553821337384  14728.581692258811    359.9204081632653  -0.12857142857142856 
  -9722.364471203091  14897.543222990627   359.93265306122447  -0.12857142857142856 
  -8217.128834675852   15061.16747346469   359.94489795918366  -0.12857142857142856 
  -6708.478915937923  15219.407205259873   359.95714285714286  -0.12857142857142856 
  -5197.046512808548  15372.213324205819   359.96938775510205  -0.12857142857142856 
 -3683.4632173666323  15519.534880344789   359.98163265306124  -0.12857142857142856 
  -2168.360416506402   15661.31906788769   359.99387755102043  -0.12857142857142856 
  -652.3692925330961  15797.511225176873 0.006122448979591855  -0.12857142857142856 
   863.8791762801018  15928.054834631324  0.01836734693877551  -0.12857142857142856 
   2379.754215085719  16052.891522693384 0.030612244897959162  -0.12857142857142856 
   3894.625251865034  16171.961059773907  0.04285714285714287  -0.12857142857142856 
   5407.861916904063  16285.201360204892 0.055102040816326525  -0.12857142857142856 
   6918.834042192439   16392.54848215638  0.06734693877551018  -0.12857142857142856 
   8426.911660785994   16493.93662759133  0.07959183673469389  -0.12857142857142856 
   9931.465006315246  16589.298142177526  0.09183673469387754  -0.12857142857142856 
  11431.864512358898  16678.563515234837   0.1040816326530612  -0.12857142857142856 
  12927.480811863752  16761.661379643985   0.1163265306122449  -0.12857142857142856 
  14417.684736573521   16838.51851177809  0.12857142857142856  -0.12857142857142856 
    15901.8473164865  16909.059831408103   0.1408163265306122  -0.12857142857142856 
  17379.339779209316  16973.208401633532  0.15306122448979592  -0.12857142857142856 
  18849.533549412517   17030.88542877894  0.16530612244897958  -0.12857142857142856 
  20311.800248287575    17082.0102623039  0.17755102040816323  -0.12857142857142856 
 -20052.964364738247  12186.719300952427    359.8469387755102   -0.1163265306122449 
  -18583.52882797802   12384.65920129653    359.8591836734694   -0.1163265306122449 
 -17106.281076053987  12577.724835490106   359.87142857142857   -0.1163265306122449 
 -15621.853432826907   12765.88017462587   359.88367346938776   -0.1163265306122449 
 -14130.878012345926   12949.08733434991   359.89591836734695   -0.1163265306122449 
 -12633.986719407387  13127.306574847054   359.90816326530614   -0.1163265306122449 
 -11131.811250180313  13300.496300813431    359.9204081632653   -0.1163265306122449 
   -9624.98309273845  13468.613061436161   359.93265306122447   -0.1163265306122449 
  -8114.133527691847  13631.611550367687   359.94489795918366   -0.1163265306122449 
  -6599.893628739776  13789.444605682613   359.95714285714286   -0.1163265306122449 
  -5082.894263242671  13942.063209857155   359.96938775510205   -0.1163265306122449 
 -3563.7660928374817  14089.416489723377   359.98163265306124   -0.1163265306122449 
 -2043.1395739919628  14231.451716425612   359.99387755102043   -0.1163265306122449 
  -521.6449585991215  14368.114305378238 0.006122448979591855   -0.1163265306122449 
  1000.0877054737497  14499.347816221898  0.01836734693877551   -0.1163265306122449 
  2521.4285737310984  14625.093952756335 0.030612244897959162   -0.1163265306122449 
  4041.7480045679004   14745.29256291219  0.04285714285714287   -0.1163265306122449 
   5560.416558639137  14859.881638659295 0.055102040816326525   -0.1163265306122449 
   7076.804998253884   14968.79731596862  0.06734693877551018   -0.1163265306122449 
   8590.284286846409  15071.973874737365  0.07959183673469389   -0.1163265306122449 
  10100.225588382058  15169.343738725423  0.09183673469387754   -0.1163265306122449 
  11606.000266755937   15260.83747547493   0.1040816326530612   -0.1163265306122449 
  13106.979885282746  15346.383796240472   0.1163265306122449   -0.1163265306122449 
  14602.536206035627  15425.909555908307  0.12857142857142856   -0.1163265306122449 
  16092.041189319061  15499.339752918424   0.1408163265306122   -0.1163265306122449 
  17574.866993074163  15566.597529172057  0.15306122448979592   -0.1163265306122449 
  19050.385972349046  15627.604169944145  0.16530612244897958   -0.1163265306122449 
 -19991.435163858067  10752.139301313495    359.8469387755102  -0.10408163265306122 
  -18516.40939308421    10947.9175403417    359.8591836734694  -0.10408163265306122 
 -17033.601748941153   11139.03882681875   359.87142857142857  -0.10408163265306122 
  -15543.64362475605  11325.467207488551   359.88367346938776  -0.10408163265306122 
  -14047.16620406669  11507.164873787311   359.89591836734695  -0.10408163265306122 
 -12544.800461183302  11684.092161831197   359.90816326530614  -0.10408163265306122 
 -11037.177161816986  11856.207552393063    359.9204081632653  -0.10408163265306122 
  -9524.926863604478    12023.4676708786   359.93265306122447  -0.10408163265306122 
  -8008.679916732071  12185.827287289792   359.94489795918366  -0.10408163265306122 
  -6489.066464508634  12343.239316210465   359.95714285714286  -0.10408163265306122 
  -4966.716443913304  12495.654816755516   359.96938775510205  -0.10408163265306122 
 -3442.2595862223243  12643.022992542732   359.98163265306124  -0.10408163265306122 
 -1916.3254175580373  12785.291191643573   359.99387755102043  -0.10408163265306122 
 -389.54325948284543  12922.404906543175 0.006122448979591855  -0.10408163265306122 
  1137.4577704475905  13054.307774086958  0.01836734693877551  -0.10408163265306122 
  2664.0487580671315  13180.941575443772 0.030612244897959162  -0.10408163265306122 
   4189.600992038549   13302.24623602806  0.04285714285714287  -0.10408163265306122 
   5713.485963288033  13418.159825453438 0.055102040816326525  -0.10408163265306122 
    7235.07536443363  13528.618557477277  0.06734693877551018  -0.10408163265306122 
   8753.741089158777   13633.55678992162  0.07959183673469389  -0.10408163265306122 
  10268.855231701062  13732.907024610893  0.09183673469387754  -0.10408163265306122 
  11779.790086220157  13826.599907309077   0.1040816326530612  -0.10408163265306122 
  13285.918146272812  13914.564227618699   0.1163265306122449  -0.10408163265306122 
  14786.612104178439  13996.726918932773  0.12857142857142856  -0.10408163265306122 
  16281.244850514126  14073.013058328794   0.1408163265306122  -0.10408163265306122 
  17769.189473470517  14143.345866498195  0.15306122448979592  -0.10408163265306122 
  19249.819258331943  14207.646707647456  0.16530612244897958  -0.10408163265306122 
 -19925.783869996085   9302.071588944606    359.8469387755102  -0.09183673469387754 
 -18445.384322445945   9495.683804064942    359.8591836734694  -0.09183673469387754 
 -16957.233123009348   9684.855141395476   359.87142857142857  -0.09183673469387754 
 -15461.960734559592   9869.549723334832   359.88367346938776  -0.09183673469387754 
 -13960.197410207282  10049.729817114947   359.89591836734695  -0.09183673469387754 
 -12452.573193864497  10225.355834791582   359.90816326530614  -0.09183673469387754 
 -10939.717920856257   10396.38633320896    359.9204081632653  -0.09183673469387754 
  -9422.261218467052  10562.778013994053   359.93265306122447  -0.09183673469387754 
  -7900.832506543361   10724.48572350369   359.94489795918366  -0.09183673469387754 
  -6376.060998079874  10881.462452822274   359.95714285714286  -0.09183673469387754 
  -4848.575699757334  11033.659337704563   359.96938775510205  -0.09183673469387754 
  -3319.005412570289  11181.025658546208   359.98163265306124  -0.09183673469387754 
 -1787.9787323777432  11323.508840343811   359.99387755102043  -0.09183673469387754 
 -256.12405049174106  11461.054452643933 0.006122448979591855  -0.09183673469387754 
   1275.930445771568  11593.606209502579  0.01836734693877551  -0.09183673469387754 
   2807.556772456316   11721.10596942541 0.030612244897959162  -0.09183673469387754 
   4338.127148456286   11843.49373532057  0.04285714285714287  -0.09183673469387754 
   5867.013994908892  11960.707654432485 0.055102040816326525  -0.09183673469387754 
   7393.589934608311  12072.684018287628  0.06734693877551018  -0.09183673469387754 
   8917.227791434076   12179.35726262326  0.07959183673469389  -0.09183673469387754 
  10437.300589794042   12280.65996731913  0.09183673469387754  -0.09183673469387754 
  11953.181554054669   12376.52285633168   0.1040816326530612  -0.09183673469387754 
  13464.244107916316   12466.87479761189   0.1163265306122449  -0.09183673469387754 
   14969.86187390484  12551.642803028482  0.12857142857142856  -0.09183673469387754 
   16469.40867274246  12630.752028288192   0.1408163265306122  -0.09183673469387754 
   17962.25852281523   12704.12577284619  0.15306122448979592  -0.09183673469387754 
  19447.785639551483   12771.68547982037  0.16530612244897958  -0.09183673469387754 
 -19856.081914059567   7837.181016138878    359.8469387755102  -0.07959183673469389 
  -18370.52411701841   8028.622920537343    359.8591836734694  -0.07959183673469389 
 -16877.244769284098   8215.838783187168   359.87142857142857  -0.07959183673469389 
 -15376.873403351656   8398.792802144791   359.88367346938776  -0.07959183673469389 
  -13870.03934199017   8577.447320444597   359.89591836734695  -0.07959183673469389 
 -12357.371698783676   8751.762826077498   359.90816326530614  -0.07959183673469389 
 -10839.499378766335   8921.697951971782    359.9204081632653  -0.07959183673469389 
  -9317.051078933939   9087.209475961896   359.93265306122447  -0.07959183673469389 
  -7790.655288893047   9248.252320777208   359.94489795918366  -0.07959183673469389 
  -6260.940291392159   9404.779553989325   359.95714285714286  -0.07959183673469389 
  -4728.534162896223   9556.742387992115   359.96938775510205  -0.07959183673469389 
   -3194.06477419945    9704.09017995808   359.98163265306124  -0.07959183673469389 
 -1658.1597909767686   9846.770431802266   359.99387755102043  -0.07959183673469389 
 -121.44667436980815   9984.728790128089 0.006122448979591855  -0.07959183673469389 
   1415.447318463121  10117.909046190556  0.01836734693877551  -0.07959183673469389 
  2951.8951337050025  10246.253135831024 0.030612244897959162  -0.07959183673469389 
   4487.269920394154  10369.701139435587  0.04285714285714287  -0.07959183673469389 
  6020.9450297945195   10488.19128187245 0.055102040816326525  -0.07959183673469389 
  7552.2940147886775  10601.659932422863  0.06734693877551018  -0.07959183673469389 
   9080.690629400518  10710.041604728889  0.07959183673469389  -0.07959183673469389 
  10605.508828131084  10813.268956707005  0.09183673469387754  -0.07959183673469389 
  12126.122765427246  10911.272790503104   0.1040816326530612  -0.07959183673469389 
    13641.9067951255  11003.982052386164   0.1163265306122449  -0.07959183673469389 
  15152.235469803565  11091.323832692515  0.12857142857142856  -0.07959183673469389 
  16656.483540304314  11173.223365735226   0.1408163265306122  -0.07959183673469389 
   18154.02595509836  11249.604029714905  0.15306122448979592  -0.07959183673469389 
  19644.237859715067  11320.387346641553  0.16530612244897958  -0.07959183673469389 
 -19782.400213368463   6358.126858289861    359.8469387755102   -0.0673469387755102 
 -18291.898764260954   6547.394240944874    359.8591836734694   -0.0673469387755102 
  -16793.70574537339   6732.649179282432   359.87142857142857   -0.0673469387755102 
 -15288.449758912382   6913.855947026633   359.88367346938776   -0.0673469387755102 
 -13776.759197375974   7090.976963013649   359.89591836734695   -0.0673469387755102 
 -12259.262244107354   7263.972791177033   359.90816326530614   -0.0673469387755102 
 -10736.586873919898   7432.802140523396    359.9204081632653   -0.0673469387755102 
  -9209.360853621592   7597.421865112976   359.93265306122447   -0.0673469387755102 
  -7678.211742631737   7757.786964022697   359.94489795918366   -0.0673469387755102 
   -6143.76689354944   7913.850581325687   359.95714285714286   -0.0673469387755102 
  -4606.653452699619   8065.564006047864   359.96938775510205   -0.0673469387755102 
 -3067.4983607593313   8212.876672142349   359.98163265306124   -0.0673469387755102 
 -1526.9283532938114   8355.736158428484   359.99387755102043   -0.0673469387755102 
   14.43003865017932   8494.088188563495 0.006122448979591855   -0.0673469387755102 
  1555.9504879702847   8627.876630993615  0.01836734693877551   -0.0673469387755102 
  3097.0068709406273   8757.043498887351 0.030612244897959162   -0.0673469387755102 
    4636.97326665275      8881.528950107  0.04285714285714287   -0.0673469387755102 
   6175.223956394243    9001.27128712181 0.055102040816326525   -0.0673469387755102 
   7711.133423113606    9116.20695696646  0.06734693877551018   -0.0673469387755102 
   9244.076350840545   9226.270551163854  0.07959183673469389   -0.0673469387755102 
  10773.427624119822   9331.394805671363  0.09183673469387754   -0.0673469387755102 
  12298.562327427038   9431.510600789581   0.1040816326530612   -0.0673469387755102 
   13818.85574456707   9526.546961099091   0.1163265306122449   -0.0673469387755102 
  15333.683358185612   9616.431055387608  0.12857142857142856   -0.0673469387755102 
  16842.420849129558   9701.088196552158   0.1408163265306122   -0.0673469387755102 
   18344.44409587317    9780.44184152242  0.15306122448979592   -0.0673469387755102 
   19839.12917399409   9854.413591178061  0.16530612244897958   -0.0673469387755102 
 -19704.809171733817   4865.562814533608    359.8469387755102 -0.055102040816326525 
  -18209.57773820089   5052.651540224168    359.8591836734694 -0.055102040816326525 
 -16706.684595548548   5235.940180534845   359.87142857142857 -0.055102040816326525 
 -15196.757415755195   5415.393084856296   359.88367346938776 -0.055102040816326525 
  -13680.42366114643   5590.972747837241   359.89591836734695 -0.055102040816326525 
 -12158.310584898469   5762.639809355261   359.90816326530614 -0.055102040816326525 
 -10631.045231685417    5930.35305449921    359.9204081632653 -0.055102040816326525 
   -9099.25443819531   6094.069413547053   359.93265306122447 -0.055102040816326525 
  -7563.564833753797  6253.7439619344905   359.94489795918366 -0.055102040816326525 
  -6024.602840883418   6409.329920229015   359.95714285714286 -0.055102040816326525 
  -4482.994675850559   6560.778654090092   359.96938775510205 -0.055102040816326525 
  -2939.366349288158   6708.039674236154   359.98163265306124 -0.055102040816326525 
 -1394.3436667375704   6851.060636398633   359.99387755102043 -0.055102040816326525 
  151.44777076140733   6989.787341278872 0.006122448979591855 -0.055102040816326525 
  1697.3825661276223   7124.163734505518  0.01836734693877551 -0.055102040816326525 
  3242.8355255865918     7254.1319065729 0.030612244897959162 -0.055102040816326525 
   4787.181658238851   7379.632092799629  0.04285714285714287 -0.055102040816326525 
   6329.796175317356   7500.602673251206 0.055102040816326525 -0.055102040816326525 
   7870.054489744981  7616.9801727021895  0.06734693877551018 -0.055102040816326525 
   9407.332215494667    7728.69926055392  0.07959183673469389 -0.055102040816326525 
  10941.005167068117   7835.692750768315  0.09183673469387754 -0.055102040816326525 
  12470.449358869202   7937.891601808146   0.1040816326530612 -0.055102040816326525 
  13995.041004649818   8035.224916541357   0.1163265306122449 -0.055102040816326525 
  15514.156517003054   8127.619942186472  0.12857142857142856 -0.055102040816326525 
   17027.17250671626   8215.002070208246   0.1408163265306122 -0.055102040816326525 
  18533.465782172327   8297.294836250274  0.15306122448979592 -0.055102040816326525 
  20032.413348920993   8374.419920035092  0.16530612244897958 -0.055102040816326525 
  -19623.37867951101   3360.137008372058    359.8469387755102  -0.04285714285714287 
  -18123.62999950414   3545.043017691147    359.8591836734694  -0.04285714285714287 
  -16616.24935078046   3726.360062179153   359.87142857142857  -0.04285714285714287 
 -15101.863475200667  3904.0525669077383   359.88367346938776  -0.04285714285714287 
 -13581.098904970337  4078.0831023341325   359.89591836734695  -0.04285714285714287 
 -12054.581963184879   4248.412384285035   359.90816326530614  -0.04285714285714287 
 -10522.938764460243   4414.999273933905    359.9204081632653  -0.04285714285714287 
    -8986.7952154499   4577.800777781036   359.93265306122447  -0.04285714285714287 
  -7446.777015457953   4736.772047617574   359.94489795918366  -0.04285714285714287 
 -5903.5096570096475   4891.866380504133   359.95714285714286  -0.04285714285714287 
  -4357.618426391113   5043.035218730401   359.96938775510205  -0.04285714285714287 
  -2809.728404271145   5190.228149779554   359.98163265306124  -0.04285714285714287 
  -1260.464466244541   5333.392906288539   359.99387755102043  -0.04285714285714287 
   289.5487165866065   5472.475365995339 0.006122448979591855  -0.04285714285714287 
  1839.6866770377032   5607.419551704759  0.01836734693877551  -0.04285714285714287 
   3389.325151302689    5738.16763122919 0.030612244897959162  -0.04285714285714287 
  4937.8400783076395   5864.659917332399  0.04285714285714287  -0.04285714285714287 
   6484.607599232238   5986.834867675785 0.055102040816326525  -0.04285714285714287 
   8029.004056835715   6104.629084750985  0.06734693877551018  -0.04285714285714287 
   9570.405995019239   6217.977315823732  0.07959183673469389  -0.04285714285714287 
  11108.190158096488   6326.812452861532  0.09183673469387754  -0.04285714285714287 
   12641.73349036406  6431.0655324564605   0.1040816326530612  -0.04285714285714287 
  14170.413135467043   6530.665735758805   0.1163265306122449  -0.04285714285714287 
   15693.60643579924  6625.5403883958315  0.12857142857142856  -0.04285714285714287 
  17210.690932036247   6715.614960387474   0.1408163265306122  -0.04285714285714287 
   18721.04436245193   6800.813066064096  0.15306122448979592  -0.04285714285714287 
   20224.04466241547   6881.056463976883  0.16530612244897958  -0.04285714285714287 
 -19538.178113684702   1842.491988294992    359.8469387755102 -0.030612244897959162 
  -18034.12399552551   2025.211297655394    359.8591836734694 -0.030612244897959162 
 -16522.467528834277  2204.5515244600056   359.87142857142857 -0.030612244897959162 
 -15003.834525413737  2380.4771694621754   359.88367346938776 -0.030612244897959162 
 -13478.850587441724   2552.950878935915   359.89591836734695 -0.030612244897959162 
 -11948.141108011534  2721.9334446603752   359.90816326530614 -0.030612244897959162 
 -10412.331271755105   2887.383803894879    359.9204081632653 -0.030612244897959162 
  -8872.046055363886   3049.259039360166   359.93265306122447 -0.030612244897959162 
 -7327.9102282077365     3207.5143792063   359.94489795918366 -0.030612244897959162 
  -5780.548352888045  3362.1031969838496   359.95714285714286 -0.030612244897959162 
  -4230.584785789023  3512.9770116098543   359.96938775510205 -0.030612244897959162 
  -2678.643677697138   3660.085487332718   359.98163265306124 -0.030612244897959162 
 -1125.3489743326754  3803.3764336813924   359.99387755102043 -0.030612244897959162 
   428.6755830489998   3942.795805434884 0.006122448979591855 -0.030612244897959162 
  1982.8064571378213   4078.287702565125  0.01836734693877551 -0.030612244897959162 
  3536.4203139030187  4209.7943701904405 0.030612244897959162 -0.030612244897959162 
   5088.894022143379   4337.256198514979  0.04285714285714287 -0.030612244897959162 
   6639.604652805897   4460.611722773673 0.055102040816326525 -0.030612244897959162 
   8187.929478509099   4579.797623179728  0.06734693877551018 -0.030612244897959162 
    9733.24597290454   4694.748724846208  0.07959183673469389 -0.030612244897959162 
  11274.931810125105   4805.397997723537  0.09183673469387754 -0.030612244897959162 
  12812.364864241988   4911.676556530201   0.1040816326530612 -0.030612244897959162 
  14344.923208687316   5013.513660675993   0.1163265306122449 -0.030612244897959162 
  15871.985115670883   5110.836714183106  0.12857142857142856 -0.030612244897959162 
   17392.92905560066   5203.571265603405   0.1408163265306122 -0.030612244897959162 
  18907.133696576235   5291.641007940875  0.15306122448979592 -0.030612244897959162 
  20413.977903738298   5374.967778550896  0.16530612244897958 -0.030612244897959162 
 -19449.276337908977   313.2647283833386    359.8469387755102  -0.01836734693877551 
 -17941.127660393475   493.7934300323565    359.8591836734694  -0.01836734693877551 
  -16425.40613431417    671.151693232787   359.87142857142857  -0.01836734693877551 
 -14902.736641499117   845.3040944258314   359.88367346938776  -0.01836734693877551 
  -13373.74385417621  1016.2133557064609   359.89591836734695  -0.01836734693877551 
 -11839.052235513607  1183.8403448089098   359.90816326530614  -0.01836734693877551 
 -10299.286040238892   1348.144075081103    359.9204081632653  -0.01836734693877551 
   -8755.06931516087  1509.0817054662386   359.93265306122447  -0.01836734693877551 
  -7207.025899786301  1666.6085404704631   359.94489795918366  -0.01836734693877551 
  -5655.779426876992  1820.6780301353103   359.95714285714286  -0.01836734693877551 
  -4101.953322994228  1971.2417700042045   359.96938775510205  -0.01836734693877551 
  -2546.170809110907  2118.2495010808034   359.98163265306124  -0.01836734693877551 
  -989.0549011600868   2261.649109792768   359.99387755102043  -0.01836734693877551 
   568.7715893942226   2401.386627944719 0.006122448979591855  -0.01836734693877551 
  2126.6860549673975   2537.406232670848  0.01836734693877551  -0.01836734693877551 
   3684.066091353294   2669.650246386963 0.030612244897959162  -0.01836734693877551 
   5240.289497025413  2798.0591367276515  0.04285714285714287  -0.01836734693877551 
   6794.734272713054   2922.571516500767 0.055102040816326525  -0.01836734693877551 
     8346.7786207482  3043.1241436183504  0.06734693877551018  -0.01836734693877551 
    9895.80094448828  3159.6519210283336  0.07959183673469389  -0.01836734693877551 
  11441.179847803847  3272.0878966573905  0.09183673469387754  -0.01836734693877551 
  12982.294134471344  3380.3632633315683   0.1040816326530612  -0.01836734693877551 
  14518.522807633197  3484.4073587040143   0.1163265306122449  -0.01836734693877551 
   16049.24506920386   3584.147665175192  0.12857142857142856  -0.01836734693877551 
  17573.840319307055  3679.5098098140597   0.1408163265306122  -0.01836734693877551 
   19091.68815573853  3770.4175642726223  0.15306122448979592  -0.01836734693877551 
  -19356.74170260151 -1226.9133710904323    359.8469387755102 -0.006122448979591855 
 -17844.708415058267 -1048.5791090623493    359.8591836734694 -0.006122448979591855 
 -16325.131658727809  -873.2078794368579   359.87142857142857 -0.006122448979591855 
 -14798.635385541336  -700.8350300794262   359.88367346938776 -0.006122448979591855 
 -13265.843337843804   -531.497763069122   359.89591836734695 -0.006122448979591855 
   -11727.3790489658 -365.23513471425076   359.90816326530614 -0.006122448979591855 
 -10183.865843799422 -202.08805557560444    359.9204081632653 -0.006122448979591855 
  -8635.926839360349 -42.099290487184184   359.93265306122447 -0.006122448979591855 
  -7084.184945360438  114.68654141587548   359.94489795918366 -0.006122448979591855 
  -5529.262864799189   268.2229666622477   359.95714285714286 -0.006122448979591855 
  -3971.783094491587   418.4616574184691   359.96938775510205 -0.006122448979591855 
  -2412.367925678148   565.3524314443507   359.98163265306124 -0.006122448979591855 
  -851.6394445771643   708.8432520565111   359.99387755102043 -0.006122448979591855 
   709.7804670457755    848.880228080989 0.006122448979591855 -0.006122448979591855 
    2271.27013132067   985.4076138089105  0.01836734693877551 -0.006122448979591855 
  3832.2080736693206   1118.367808943455 0.030612244897959162 -0.006122448979591855 
   5391.973022288339  1247.7013585473114  0.04285714285714287 -0.006122448979591855 
   6949.943907532517  1373.3469529813008 0.055102040816326525 -0.006122448979591855 
   8505.499861375974  1495.2414278475312  0.06734693877551018 -0.006122448979591855 
  10058.020216864064  1613.3197639223238  0.07959183673469389 -0.006122448979591855 
  11606.884507484156   1727.515087089633  0.09183673469387754 -0.006122448979591855 
  13151.472466634898  1837.7586682689653   0.1040816326530612 -0.006122448979591855 
  14691.164027118652  1943.9799233404763   0.1163265306122449 -0.006122448979591855 
  16225.339320458464  2046.1064130679767  0.12857142857142856 -0.006122448979591855 
   17753.37867642965  2144.0638430173913   0.1408163265306122 -0.006122448979591855 
   19274.66262246786   2237.776063469488  0.15306122448979592 -0.006122448979591855 
  -19260.64204498038  -2777.416483077215    359.8469387755102  0.006122448979591855 
 -17744.933167364878  -2601.280416725051    359.8591836734694  0.006122448979591855 
 -16221.710080557228 -2427.9012146857235   359.87142857142857  0.006122448979591855 
 -14691.595806667394 -2257.3141491258893   359.88367346938776  0.006122448979591855 
 -13155.213158244389 -2089.5563462936993   359.89591836734695  0.006122448979591855 
 -11613.184738846674  -1924.666786537224   359.90816326530614  0.006122448979591855 
   -10066.1329436171 -1762.6863043229557    359.9204081632653  0.006122448979591855 
   -8514.67995984332 -1603.6575882612608   359.93265306122447  0.006122448979591855 
 -6959.4477675295875 -1447.6251811305867   359.94489795918366  0.006122448979591855 
  -5401.058139986449 -1294.6354799132087   359.95714285714286  0.006122448979591855 
  -3840.132644357566 -1144.7367358232698   359.96938775510205  0.006122448979591855 
 -2277.2926422285727  -997.9790543476797   359.98163265306124  0.006122448979591855 
  -713.1592901777224  -854.4143952868893   359.99387755102043  0.006122448979591855 
   851.6464596559339  -714.0965727976896 0.006122448979591855  0.006122448979591855 
  2416.5038590093304  -577.0812554385857  0.01836734693877551  0.006122448979591855 
  3980.7923629297675 -443.42596622485337 0.030612244897959162  0.006122448979591855 
   5543.891629162662  -313.1900826818323  0.04285714285714287  0.006122448979591855 
   7105.181517692534  -186.4348369002038 0.055102040816326525  0.006122448979591855 
   8664.042090056737  -63.22331559813048  0.06734693877551018  0.006122448979591855 
  10219.853608850979   56.37953981138193  0.07959183673469389  0.006122448979591855 
  11771.996537133076  172.30693315966167  0.09183673469387754  0.006122448979591855 
  13319.851537892573  284.49021344400535   0.1040816326530612  0.006122448979591855 
  14862.799473440742  392.85887475699747   0.1163265306122449  0.006122448979591855 
   16400.22140492196  497.34055620676656  0.12857142857142856  0.006122448979591855 
   17931.49859162011   597.8610418382158   0.1408163265306122  0.006122448979591855 
  19456.012490538735   694.3442605452252  0.15306122448979592  0.006122448979591855 
 -19161.044689141163  -4337.624353173507    359.8469387755102   0.01836734693877551 
 -17641.868312107537 -4163.6901626873905    359.8591836734694   0.01836734693877551 
 -16115.206865311035 -3992.3079062766774   359.87142857142857   0.01836734693877551 
 -14581.682441115448  -3823.512780403052   359.88367346938776   0.01836734693877551 
 -13041.916922360135    -3657.3418354819   359.89591836734695   0.01836734693877551 
 -11496.531982896506  -3493.833975894511   359.90816326530614   0.01836734693877551 
   -9946.14908820369  -3333.029960013597    359.9204081632653   0.01836734693877551 
  -8391.389495906153  -3174.972400221515   359.93265306122447   0.01836734693877551 
  -6832.874256386938  -3019.705762941837   359.94489795918366   0.01836734693877551 
 -5271.2242133406135 -2867.2763686696703   359.95714285714286   0.01836734693877551 
  -3707.060004313994 -2717.7323920008407   359.96938775510205   0.01836734693877551 
  -2141.002061316926 -2571.1238616756073   359.98163265306124   0.01836734693877551 
  -573.6706113568079 -2427.5026606101533   359.99387755102043   0.01836734693877551 
   994.3143229712517  -2286.922525950251 0.006122448979591855   0.01836734693877551 
  2562.3329229418446 -2149.4390491154118  0.01836734693877551   0.01836734693877551 
   4129.765573141621 -2015.1096758465674 0.030612244897959162   0.01836734693877551 
   5695.992860828459 -1883.9937062635668  0.04285714285714287   0.01836734693877551 
  7260.3955754781755 -1756.1522949199439 0.055102040816326525   0.01836734693877551 
   8822.354708136043  -1631.648450866619  0.06734693877551018   0.01836734693877551 
  10381.251450904849 -1510.5470377143295  0.07959183673469389   0.01836734693877551 
  11936.467196335163  -1392.914773702197  0.09183673469387754   0.01836734693877551 
  13487.383536892232 -1278.8202317678124   0.1040816326530612   0.01836734693877551 
   15033.38226439678  -1168.333839623156   0.1163265306122449   0.01836734693877551 
  16573.845369412593  -1061.527879830681  0.12857142857142856   0.01836734693877551 
  18108.155040778416  -958.4764898861531   0.1408163265306122   0.01836734693877551 
  19635.693664951275  -859.2556623023719  0.15306122448979592   0.01836734693877551 
   -19058.0164461183  -5906.922299056214    359.8469387755102  0.030612244897959162 
 -17535.579731090435  -5735.193588748624    359.8591836734694  0.030612244897959162 
  -16005.68696558428  -5565.813120030623   359.87142857142857  0.030612244897959162 
 -14468.959312295168  -5398.816013653671   359.88367346938776  0.030612244897959162 
 -12926.017724413658  -5234.239244192212   359.89591836734695  0.030612244897959162 
 -11377.482946176044  -5072.121640061061   359.90816326530614  0.030612244897959162 
  -9823.975513459005  -4912.503883532873    359.9204081632653  0.030612244897959162 
  -8266.115754316028  -4755.428510765211   359.93265306122447  0.030612244897959162 
  -6704.523789573998  -4600.939911825237   359.94489795918366  0.030612244897959162 
  -5139.819533387201  -4449.084330721045   359.95714285714286  0.030612244897959162 
  -3572.622693780872  -4299.909865430793   359.96938775510205  0.030612244897959162 
  -2003.552773263578  -4153.466467951729   359.98163265306124  0.030612244897959162 
 -433.22906935431314 -4009.8059443227803   359.99387755102043  0.030612244897959162 
   1137.729324826414 -3868.9819546878975 0.006122448979591855  0.030612244897959162 
   2708.703520029771 -3731.0500133282717  0.01836734693877551  0.030612244897959162 
   4279.074830264386  -3596.067488718696 0.030612244897959162  0.030612244897959162 
   5848.224772255467 -3464.0936035829536  0.04285714285714287  0.030612244897959162 
   7415.535064921982 -3335.1894349491745 0.055102040816326525  0.030612244897959162 
   8980.387628726476   -3209.41791421003  0.06734693877551018  0.030612244897959162 
  10542.164585168022  -3086.843827188781  0.07959183673469389  0.030612244897959162 
  12100.248256236036  -2967.533814205766  0.09183673469387754  0.030612244897959162 
   13654.02116381189 -2851.5563701512156   0.1040816326530612  0.030612244897959162 
  15202.866029110628  -2738.981844554444   0.1163265306122449  0.030612244897959162 
  16746.165772134453  -2629.882441668082  0.12857142857142856  0.030612244897959162 
  18283.303511105874  -2524.332220544935   0.1408163265306122  0.030612244897959162 
   19813.66256190203 -2422.4070951240737  0.15306122448979592  0.030612244897959162 
 -20469.066840174815  -7656.333507020115   359.83469387755105   0.04285714285714287 
  -18951.62361393133  -7484.701209921772    359.8469387755102   0.04285714285714287 
  -17426.13279319441  -7315.181508220957    359.8591836734694   0.04285714285714287 
 -15893.214821125699  -7147.807593272398   359.87142857142857   0.04285714285714287 
 -14353.489930829479  -6982.614510112247   359.88367346938776   0.04285714285714287 
 -12807.578145931639  -6819.639157472602   359.89591836734695   0.04285714285714287 
 -11256.099281115625  -6658.920287792493   359.90816326530614   0.04285714285714287 
  -9699.672942745805   -6500.49850724934    359.9204081632653   0.04285714285714287 
  -8138.918529368126 -6344.4162757691975   359.93265306122447   0.04285714285714287 
  -6574.455232331612  -6190.717907064958   359.94489795918366   0.04285714285714287 
  -5006.902036322852  -6039.449568654664   359.95714285714286   0.04285714285714287 
 -3436.8777199286387  -5890.659281909487   359.96938775510205   0.04285714285714287 
   -1865.00085622308  -5744.396922078946   359.98163265306124   0.04285714285714287 
   -291.889813313778  -5600.714218338068   359.99387755102043   0.04285714285714287 
   1281.837245083837  -5459.664753822746 0.006122448979591855   0.04285714285714287 
  2855.5623591118497  -5321.303965687533  0.01836734693877551   0.04285714285714287 
   4428.667772131988 -5185.6891451500205 0.030612244897959162   0.04285714285714287 
  6000.5359303018195  -5052.879437551495  0.04285714285714287   0.04285714285714287 
   7570.549481812945  -4922.935842394624 0.055102040816326525   0.04285714285714287 
   9138.091276533101  -4795.921213431958  0.06734693877551018   0.04285714285714287 
  10702.544365315129  -4671.900258710987  0.07959183673469389   0.04285714285714287 
   12263.29199947513 -4550.9395406452995  0.09183673469387754   0.04285714285714287 
  13819.717630229841  -4433.107476092215   0.1040816326530612   0.04285714285714287 
  15371.204908135294  -4318.474336414522   0.1163265306122449   0.04285714285714287 
   16917.13768254545  -4207.112247571954  0.12857142857142856   0.04285714285714287 
   18456.90000099972  -4099.095190192115   0.1408163265306122   0.04285714285714287 
  19989.876108712302  -3994.498999658989  0.15306122448979592   0.04285714285714287 
 -20362.253714993007  -9239.576240221055   359.83469387755105  0.055102040816326525 
  -18841.93197767068  -9070.357545948104    359.8469387755102  0.055102040816326525 
 -17313.592354428332  -8903.050305381425    359.8591836734694  0.055102040816326525 
   -15777.8543588866   -8737.68763428213   359.87142857142857  0.055102040816326525 
 -14235.337294628058  -8574.304501962673   359.88367346938776  0.055102040816326525 
 -12686.660255786135  -8412.937731306863   359.89591836734695  0.055102040816326525 
 -11132.442127581891  -8253.625998783096   359.90816326530614  0.055102040816326525 
  -9573.301586922342   -8096.40983446009    359.9204081632653  0.055102040816326525 
 -8009.8571029316145  -7941.331622037538   359.93265306122447  0.055102040816326525 
  -6442.726937549021   -7788.43559886904   359.94489795918366  0.055102040816326525 
  -4872.529146077276  -7637.767855992384   359.95714285714286  0.055102040816326525 
 -3299.8815777287246  -7489.376338165158   359.96938775510205  0.055102040816326525 
 -1725.4018762227658   -7343.31084389918   359.98163265306124  0.055102040816326525 
 -149.70748032513134  -7199.623025494628   359.99387755102043  0.055102040816326525 
  1426.5843755806102  -7058.366389104652 0.006122448979591855  0.055102040816326525 
   3002.856660924826  -6919.596294759536  0.01836734693877551  0.055102040816326525 
   4578.492548428059  -6783.369956421685 0.030612244897959162  0.055102040816326525 
    6152.87541347126  -6649.746442050193  0.04285714285714287  0.055102040816326525 
  7725.3888336025375  -6518.786673652917 0.055102040816326525  0.055102040816326525 
   9295.416587928148   -6390.55342733932  0.06734693877551018  0.055102040816326525 
  10862.342656585137  -6265.111333397209  0.07959183673469389  0.055102040816326525 
   12425.55122015478  -6142.526876348664  0.09183673469387754  0.055102040816326525 
  13984.426659133622  -6022.868395028956   0.1040816326530612  0.055102040816326525 
  15538.353553329758  -5906.206082653759   0.1163265306122449  0.055102040816326525 
  17086.716681347476  -5792.611986902726  0.12857142857142856  0.055102040816326525 
  18628.901020014855  -5682.160009998936   0.1408163265306122  0.055102040816326525 
   20164.29174382628 -5574.9259087911905  0.15306122448979592  0.055102040816326525 
  -20252.00256354467 -10830.096290037509   359.83469387755105   0.06734693877551018 
  -18729.00680952694  -10663.29333774805    359.8469387755102   0.06734693877551018 
 -17198.022757990326 -10498.201934936567    359.8591836734694   0.06734693877551018 
 -15659.668993076133 -10334.855121756234   359.87142857142857   0.06734693877551018 
 -14114.563888935238 -10173.287791799286   359.88367346938776   0.06734693877551018 
 -12563.325610276745 -10013.536692093287   359.89591836734695   0.06734693877551018 
  -11006.57211292096    -9855.6404231237   359.90816326530614   0.06734693877551018 
  -9444.921144409687  -9699.639438860437    359.9204081632653   0.06734693877551018 
  -7878.990244509652  -9545.576046768345   359.93265306122447   0.06734693877551018 
  -6309.396745830313  -9393.494407847731   359.94489795918366   0.06734693877551018 
  -4736.757774355947  -9243.440536647606   359.95714285714286   0.06734693877551018 
 -3161.6902500040364   -9095.46230132068   359.96938775510205   0.06734693877551018 
   -1584.81088721145  -8949.609423641772   359.98163265306124   0.06734693877551018 
   -6.73619547679851  -8805.933479048237   359.99387755102043   0.06734693877551018 
  1571.9175200669474  -8664.487896706934 0.006122448979591855   0.06734693877551018 
   3150.534158112785  -8525.327959522878  0.01836734693877551   0.06734693877551018 
   4728.497820577181  -8388.510804228612 0.030612244897959162   0.06734693877551018 
   6305.192812080707  -8254.095421406528  0.04285714285714287   0.06734693877551018 
   7880.003639392719  -8122.142655570336 0.055102040816326525   0.06734693877551018 
    9452.31501082039    -7992.7152052054  0.06734693877551018   0.06734693877551018 
  11021.511835701223  -7865.877622848404  0.07959183673469389   0.06734693877551018 
  12586.979223813887  -7741.696315143172  0.09183673469387754   0.06734693877551018 
  14148.102484843808  -7620.239542916749   0.1040816326530612   0.06734693877551018 
  15704.267127792795  -7501.577421255809   0.1163265306122449   0.06734693877551018 
  17254.858860478547  -7385.781919577069  0.12857142857142856   0.06734693877551018 
  18799.263588900616  -7272.926861716914   0.1408163265306122   0.06734693877551018 
  20336.867416731628  -7163.087926003245  0.15306122448979592   0.06734693877551018 
  -20138.37907414265 -12427.301332825464   359.83469387755105   0.07959183673469389 
  -18612.91286887331 -12262.916185853766    359.8469387755102   0.07959183673469389 
  -17079.48783431977 -12100.043921493068    359.8591836734694   0.07959183673469389 
 -15538.721625235483 -11938.717504292626   359.87142857142857   0.07959183673469389 
  -13991.23168638931 -11778.971752102922   359.88367346938776   0.07959183673469389 
 -12437.635253152117 -11620.843336098473   359.89591836734695   0.07959183673469389 
 -10878.549352022292 -11464.370780782367   359.90816326530614   0.07959183673469389 
  -9314.590801239074 -11309.594464014945    359.9204081632653   0.07959183673469389 
  -7746.376211291057 -11156.556617029348   359.93265306122447   0.07959183673469389 
  -6174.521985526904 -11005.301324467127   359.94489795918366   0.07959183673469389 
  -4599.644320693427  -10855.87452440105   359.95714285714286   0.07959183673469389 
 -3022.3592074791695 -10708.324008369602   359.96938775510205   0.07959183673469389 
   -1443.28243111342  -10562.69942141411   359.98163265306124   0.07959183673469389 
  136.97042810027466 -10419.052262123716   359.99387755102043   0.07959183673469389 
  1717.7839942121195 -10277.435882669404 0.006122448979591855   0.07959183673469389 
  3298.5430950637847 -10137.905488859336  0.01836734693877551   0.07959183673469389 
  4878.6327617658635  -10000.51814017808 0.030612244897959162   0.07959183673469389 
   6457.438228079452  -9865.332749858171  0.04285714285714287   0.07959183673469389 
   8034.344929879382  -9732.410084920628 0.055102040816326525   0.07959183673469389 
   9608.738504648843  -9601.812766240719  0.06734693877551018   0.07959183673469389 
  11180.004790844545  -9473.605268613534  0.07959183673469389   0.07959183673469389 
  12747.529827376045   -9347.85392082315  0.09183673469387754   0.07959183673469389 
   14310.69985301881  -9224.626905699883   0.1040816326530612   0.07959183673469389 
  15868.901305944117  -9103.994260216428   0.1163265306122449   0.07959183673469389 
  17421.520823041643  -8986.027875546022  0.12857142857142856   0.07959183673469389 
  18967.945239449742  -8870.801497147608   0.1408163265306122   0.07959183673469389 
 -20021.448422245667 -14030.604614345848   359.83469387755105   0.09183673469387754 
  -18493.71440230668 -13868.639260193562    359.8469387755102   0.09183673469387754 
  -16958.05090116687 -13707.989359051031    359.8591836734694   0.09183673469387754 
 -15415.074644263983  -13548.68779985609   359.87142857142857   0.09183673469387754 
 -13865.402147073919  -13390.76932472303   359.88367346938776   0.09183673469387754 
  -12309.64971568909  -13234.27052895813   359.89591836734695   0.09183673469387754 
 -10748.433447361027 -13079.229861079782   359.90816326530614   0.09183673469387754 
   -9182.36923110079 -12925.687622836404    359.9204081632653   0.09183673469387754 
   -7612.07274819685 -12773.685969236465   359.93265306122447   0.09183673469387754 
  -6038.159472803155 -12623.268908552676   359.94489795918366   0.09183673469387754 
  -4461.244672501045 -12474.482302381099   359.95714285714286   0.09183673469387754 
 -2881.9434088271337 -12327.373865655167   359.96938775510205   0.09183673469387754 
  -1300.870537874354 -12181.993166688504   359.98163265306124   0.09183673469387754 
  281.35928918159163 -12038.391627209801   359.99387755102043   0.09183673469387754 
  1864.1316254799735 -11896.622522417032 0.006122448979591855   0.09183673469387754 
   3446.832227987148 -11756.740981014911  0.01836734693877551   0.09183673469387754 
   5028.847056881563 -11618.803985261746 0.030612244897959162   0.09183673469387754 
   6609.562275008168 -11482.870371036735  0.04285714285714287   0.09183673469387754 
   8188.364247335937 -11349.000827881777 0.055102040816326525   0.09183673469387754 
   9764.639540362028 -11217.257899075583  0.06734693877551018   0.09183673469387754 
  11337.774921632825 -11087.705981684729  0.07959183673469389   0.09183673469387754 
  12907.157359079813 -10960.411326636986  0.09183673469387754   0.09183673469387754 
  14472.174020577195 -10835.442038793348   0.1040816326530612   0.09183673469387754 
  16032.212273321953  -10712.86807702123   0.1163265306122449   0.09183673469387754 
  17586.659683253652 -10592.761254262934  0.12857142857142856   0.09183673469387754 
  19134.904014563563 -10475.195237629907   0.1408163265306122   0.09183673469387754 
 -19901.275270539525 -15639.424949274622   359.83469387755105    0.1040816326530612 
 -18371.475143703978 -15479.881299584511    359.8469387755102    0.1040816326530612 
  -16833.77476363014 -15321.456910486622    359.8591836734694    0.1040816326530612 
   -15288.7899265035 -15164.184595294239   359.87142857142857    0.1040816326530612 
 -13737.136218571522  -15008.09902037152   359.88367346938776    0.1040816326530612 
 -12179.429016731468 -14853.236705160994   359.89591836734695    0.1040816326530612 
 -10616.283489057225 -14699.636022189738   359.90816326530614    0.1040816326530612 
  -9048.314595407845 -14547.337197097202    359.9204081632653    0.1040816326530612 
  -7476.137087932563 -14396.382308649641   359.93265306122447    0.1040816326530612 
  -5900.365511674845 -14246.815288767377   359.94489795918366    0.1040816326530612 
  -4321.614205118701 -14098.681922566628   359.95714285714286    0.1040816326530612 
  -2740.497300718698 -13952.029848370996   359.96938775510205    0.1040816326530612 
 -1157.6287255046914 -13806.908557769106   359.98163265306124    0.1040816326530612 
  426.37779840194287 -13663.369395649655   359.99387755102043    0.1040816326530612 
   2010.908753158204  -13521.46556022813 0.006122448979591855    0.1040816326530612 
   3595.350824791142 -13381.252103112378  0.01836734693877551    0.1040816326530612 
    5179.09090247653 -13242.785929347927 0.030612244897959162    0.1040816326530612 
   6761.516078049787 -13106.125797462775  0.04285714285714287    0.1040816326530612 
   8342.013645493555  -12971.33231953699 0.055102040816326525    0.1040816326530612 
   9919.971100315202 -12838.467961256682  0.06734693877551018    0.1040816326530612 
  11494.776139003112 -12707.597041975423  0.07959183673469389    0.1040816326530612 
  13065.816658510594 -12578.785734782101  0.09183673469387754    0.1040816326530612 
    14632.4807556933  -12452.10206657665   0.1040816326530612    0.1040816326530612 
  16194.156726696508 -12327.615918136285   0.1163265306122449    0.1040816326530612 
  17750.233066447214 -12205.399024194123  0.12857142857142856    0.1040816326530612 
  19300.098468139244  -12085.52497352919   0.1408163265306122    0.1040816326530612 
 -19777.923768967583 -17253.186720690686   359.83469387755105    0.1163265306122449 
 -18246.258314293158 -17096.066611249895    359.8469387755102    0.1163265306122449 
  -16706.72171422693 -16939.870807069467    359.8591836734694    0.1163265306122449 
 -15159.928835766177 -16784.632045821163   359.87142857142857    0.1163265306122449 
 -13606.494336017731 -16630.384918128773   359.88367346938776    0.1163265306122449 
 -12047.032662747482 -16477.165867558248   359.89591836734695    0.1163265306122449 
 -10482.158054927233 -16325.013190646454   359.90816326530614    0.1163265306122449 
  -8912.484543326646 -16173.967036907348    359.9204081632653    0.1163265306122449 
  -7338.625951038522 -16024.069408879464   359.93265306122447    0.1163265306122449 
  -5761.195894062597 -15875.364162124039   359.94489795918366    0.1163265306122449 
  -4180.807781856442  -15727.89700527522   359.95714285714286    0.1163265306122449 
 -2598.0748178661847 -15581.715500053224   359.96938775510205    0.1163265306122449 
 -1013.6100001298757 -15436.869061335343   359.98163265306124    0.1163265306122449 
    571.973878199725 -15293.408957143074   359.99387755102043    0.1163265306122449 
  2158.0642282890867 -15151.388308741076 0.006122448979591855    0.1163265306122449 
     3744.0486650621 -15010.862090643053  0.01836734693877551    0.1163265306122449 
   5329.315006657203 -14871.887130677129 0.030612244897959162    0.1163265306122449 
   6913.251273893954  -14734.52211004474  0.04285714285714287    0.1163265306122449 
   8495.245689616439 -14598.827563366287 0.055102040816326525    0.1163265306122449 
  10074.686678273936 -14464.865878748758  0.06734693877551018    0.1163265306122449 
  11650.962865280115  -14332.70129783769  0.07959183673469389    0.1163265306122449 
  13223.463076512726 -14202.399915904301  0.09183673469387754    0.1163265306122449 
  14791.576337713723 -14074.029681895672   0.1040816326530612    0.1163265306122449 
  16354.691873929929 -13947.660398517668   0.1163265306122449    0.1163265306122449 
   17912.19910902655 -13823.363722312422  0.12857142857142856    0.1163265306122449 
  19463.487665089597 -13701.213163738164   0.1408163265306122    0.1163265306122449 
  -19651.45755479893 -18871.319879599036   359.83469387755105   0.12857142857142856 
 -18118.126622689364  -18716.62507032072    359.8469387755102   0.12857142857142856 
  -16576.95353292355  -18562.66084795508    359.8591836734694   0.12857142857142856 
 -15028.552223405926 -18409.459874549502   359.87142857142857   0.12857142857142856 
 -13473.536422154042 -18257.056664960546   359.88367346938776   0.12857142857142856 
 -11912.519647879348  -18105.48758687745   359.89591836734695   0.12857142857142856 
 -10346.115210520773 -17954.790860839446   359.90816326530614   0.12857142857142856 
   -8774.93621184117 -17805.006560249847    359.9204081632653   0.12857142857142856 
  -7199.595545936715 -17656.176611400097   359.93265306122447   0.12857142857142856 
 -5620.7058998382245 -17508.344793498807   359.94489795918366   0.12857142857142856 
  -4038.879754046027  -17361.55673869135   359.95714285714286   0.12857142857142856 
 -2454.7293830733256  -17215.85993211747   359.96938775510205   0.12857142857142856 
  -868.8668560306253 -17071.303711907265   359.98163265306124   0.12857142857142856 
   718.0959628402235 -16927.939269262497   359.99387755102043   0.12857142857142856 
   2305.547413587953 -16785.819648476303 0.006122448979591855   0.12857142857142856 
   3892.876040029026 -16644.999746979407  0.01836734693877551   0.12857142857142856 
   5479.470589189739  -16505.53631539703 0.030612244897959162   0.12857142857142856 
   7064.720010715452 -16367.487957604517  0.04285714285714287   0.12857142857142856 
    8648.01345636115  -16230.91513077512 0.055102040816326525   0.12857142857142856 
  10228.740279384936 -16095.880145442088  0.06734693877551018   0.12857142857142856 
  11806.290034079577 -15962.447165570578  0.07959183673469389   0.12857142857142856 
  13380.052475144843  -15830.68220860903  0.09183673469387754   0.12857142857142856 
  14949.417557147532 -15700.653145576443   0.1040816326530612   0.12857142857142856 
  16513.775434012252 -15572.429701122519   0.1163265306122449   0.12857142857142856 
   18072.51645841436 -15446.083453608893  0.12857142857142856   0.12857142857142856 
  19625.031181283422  -15321.68783519703   0.1408163265306122   0.12857142857142856 
 -17987.142264953414  -20340.99211936351    359.8469387755102    0.1408163265306122 
 -16444.531487221815 -20189.262399744854    359.8591836734694    0.1408163265306122 
 -14894.720428357075  -20038.10337200251   359.87142857142857    0.1408163265306122 
 -13338.321887371283 -19887.549475233427   359.88367346938776    0.1408163265306122 
 -11775.948453990206   -19737.6370012432   359.89591836734695    0.1408163265306122 
 -10208.212509191091  -19588.40409457092   359.90816326530614    0.1408163265306122 
  -8635.726225794599 -19439.890752496198    359.9204081632653    0.1408163265306122 
 -7059.1015689774085  -19292.13882507227   359.93265306122447    0.1408163265306122 
 -5478.9502968681245 -19145.192015146065   359.94489795918366    0.1408163265306122 
  -3895.883961086075    -18999.095878394   359.95714285714286    0.1408163265306122 
 -2310.5139072727566 -18853.897823339546   359.96938775510205    0.1408163265306122 
  -723.4512756903947 -18709.647111417537   359.98163265306124    0.1408163265306122 
   864.6929982603107    -18566.394856978   359.99387755102043    0.1408163265306122 
  2453.3081834468458 -18424.194027357287 0.006122448979591855    0.1408163265306122 
  4041.7837525188575 -18283.099442911283  0.01836734693877551    0.1408163265306122 
   5629.509381281097  -18143.16777706974 0.030612244897959162    0.1408163265306122 
    7215.87494820104  -18004.45755638963  0.04285714285714287    0.1408163265306122 
   8800.270533787465 -17867.029160603375 0.055102040816326525    0.1408163265306122 
  10382.086420130061 -17730.944822693426  0.06734693877551018    0.1408163265306122 
   11960.71309025973 -17596.268628936046  0.07959183673469389    0.1408163265306122 
  13535.541227647345 -17463.066518987955  0.09183673469387754    0.1408163265306122 
  15105.961715651021 -17331.406285949157   0.1040816326530612    0.1408163265306122 
  16671.365636956554 -17201.357576425824   0.1163265306122449    0.1408163265306122 
  18231.144273018992 -17072.991890621513  0.12857142857142856    0.1408163265306122 
   19784.68910351222 -16946.382582408296   0.1408163265306122    0.1408163265306122 
  -577.4147298360922  -20351.33942871762   359.98163265306124   0.15306122448979592 
  1011.7144421120773  -20208.21581218359   359.99387755102043   0.15306122448979592 
  2601.2969238998153 -20065.951460242595 0.006122448979591855   0.15306122448979592 
    4190.72311690695 -19924.601116170452  0.01836734693877551   0.15306122448979592 
   5779.383625686749 -19784.221376209684 0.030612244897959162   0.15306122448979592 
   7366.669257406467  -19644.87068960783  0.04285714285714287   0.15306122448979592 
   8951.971021341631 -19506.609358672653 0.055102040816326525   0.15306122448979592 
  10534.680128252034  -19369.49953883225  0.06734693877551018   0.15306122448979592 
   12114.18798989486   -19233.6052387056  0.07959183673469389   0.15306122448979592 
  13689.886218437945 -19098.992320160232  0.09183673469387754   0.15306122448979592 
  15261.166625963368  -18965.72849838486   0.1040816326530612   0.15306122448979592 
   16827.42122384119 -18833.883341964385   0.1163265306122449   0.15306122448979592 
  18388.042222218042  -18703.52827296072  0.12857142857142856   0.15306122448979592 
  19942.422029500118 -18574.736566977208   0.1408163265306122   0.15306122448979592 
  16981.901446707485  -20469.45188187658   0.1163265306122449   0.16530612244897958 
  18543.170486316856 -20337.137406860795  0.12857142857142856   0.16530612244897958 
  20098.191067751526 -20206.194517149874   0.1408163265306122   0.16530612244897958 
