\ This script generates Case-3 astrometry challenges. The telescope used in this
\ challenge is affected by distortion. Artificial sources tiled in a grid
\ pattern are generated. A list of source positions on the focal plane and
\ original ICRS coordinates is provided. Solve the position angle and distortion
\ parameters.
\pointing_ra=0.0
\pointing_dec=0.0
\position_angle=134.8344427850505
\distortion_K=(15.945109234469168,)
\distortion_S=(0.837123876600413, 3.031545854419579)
\distortion_T=(-29.043906701175747,)
\distortion_scale=0.9888811988195308
|                  x|                  y|                  ra|                  dec|
|             double|             double|              double|               double|
|                 um|                 um|                 deg|                  deg|
|               null|               null|                null|                 null|
  18290.957883058705  19598.233371602557   359.99387755102043   -0.2020408163265306 
  19402.970581150556  18445.315815227634 0.006122448979591855   -0.2020408163265306 
  15985.301756198156   19528.87561475547   359.98163265306124  -0.18979591836734694 
  17095.390381363326  18373.804858266438   359.99387755102043  -0.18979591836734694 
  18205.306052763972  17225.010426916902 0.006122448979591855  -0.18979591836734694 
   19315.29697747382  16082.256667656551  0.01836734693877551  -0.18979591836734694 
  20425.612475397786   14945.30364747663 0.030612244897959162  -0.18979591836734694 
  13691.009291330998  19467.645658985657   359.96938775510205  -0.17755102040816326 
  14799.657139101393   18310.24161260095   359.98163265306124  -0.17755102040816326 
  15907.806294515112   17159.28738782424   359.99387755102043  -0.17755102040816326 
  17015.704186128583  16014.550372575777 0.006122448979591855  -0.17755102040816326 
   18123.59935512388  14875.793674966975  0.01836734693877551  -0.17755102040816326 
   19231.74145537024  13742.776123121144 0.030612244897959162  -0.17755102040816326 
  20340.381253845393  12615.252264948662  0.04285714285714287  -0.17755102040816326 
   11407.15906590301   19414.62187898173   359.95714285714286  -0.16530612244897958 
  12514.851020637483   18254.70872533215   359.96938775510205  -0.16530612244897958 
  13621.718533597776  17101.415438277116   359.98163265306124  -0.16530612244897958 
  14728.008255214972  15954.512446523979   359.99387755102043  -0.16530612244897958 
  15833.967948174957  14813.765899170514 0.006122448979591855  -0.16530612244897958 
   16939.84648769247  13678.937665471081  0.01836734693877551  -0.16530612244897958 
  18045.893861743396  12549.785334662674 0.030612244897959162  -0.16530612244897958 
  19152.361171250377   11426.06221573031  0.04285714285714287  -0.16530612244897958 
  20259.500630360675   10307.51733717827 0.055102040816326525  -0.16530612244897958 
    9132.82152320258  19369.872768855512   359.94489795918366  -0.15306122448979592 
   10240.04405889772   18207.27896286711   359.95714285714286  -0.15306122448979592 
  11346.116392086264  17051.471617106676   359.96938775510205  -0.15306122448979592 
   12451.28439536872  15902.224200928962   359.98163265306124  -0.15306122448979592 
  13555.795053360154  14759.305904234781   359.99387755102043  -0.15306122448979592 
  14659.896462939454  13622.481637274786 0.006122448979591855  -0.15306122448979592 
  15763.837833441528   12491.51203043225  0.01836734693877551  -0.15306122448979592 
  16867.869486899945  11366.153434030084 0.030612244897959162  -0.15306122448979592 
  17972.242858263253  10246.157918101571  0.04285714285714287  -0.15306122448979592 
  19077.210495629257   9131.273272167935 0.055102040816326525  -0.15306122448979592 
  20183.026060482294   8021.243004998574  0.06734693877551018  -0.15306122448979592 
   6867.058971066276  19333.456942164317   359.93265306122447  -0.14081632653061224 
   7974.300152056684  18168.015210931993   359.94489795918366  -0.14081632653061224 
   9080.065357974348   17009.52308235427   359.95714285714286  -0.14081632653061224 
  10184.599684007851  15857.757066273787   359.96938775510205  -0.14081632653061224 
  11288.149336999862  14712.489393250684   359.98163265306124  -0.14081632653061224 
  12390.961635852336  13573.488014361788   359.99387755102043  -0.14081632653061224 
  13493.285011597663  12440.516600986077 0.006122448979591855  -0.14081632653061224 
  14595.369007721622   11313.33454461079  0.01836734693877551  -0.14081632653061224 
  15697.464280376877  10191.696956628091 0.030612244897959162  -0.14081632653061224 
  16799.822598527495   9075.354668094174  0.04285714285714287  -0.14081632653061224 
  17902.696844276565   7964.054229517326 0.055102040816326525  -0.14081632653061224 
  19006.341013082514   6857.537910611149  0.06734693877551018  -0.14081632653061224 
   20111.01021394752   5755.543700055674  0.07959183673469389  -0.14081632653061224 
   4608.925580436301    19305.4231318446    359.9204081632653  -0.12857142857142856 
   5716.675062175744  18136.970474564183   359.93265306122447  -0.12857142857142856 
    6822.62278401606  16975.627111255573   359.94489795918366  -0.12857142857142856 
   7927.013063969243  15821.172592131512   359.95714285714286  -0.12857142857142856 
   9030.091331572057  14673.382188265516   359.96938775510205  -0.12857142857142856 
  10132.104128002957   13532.02689139799   359.98163265306124  -0.12857142857142856 
   11233.29910645706  12396.873413749528   359.99387755102043  -0.12857142857142856 
  12333.925032147696   11267.68418782124 0.006122448979591855  -0.12857142857142856 
  13434.231782785244  10144.217366179433  0.01836734693877551  -0.12857142857142856 
   14534.47034859393   9026.226821252807 0.030612244897959162  -0.12857142857142856 
  15634.892832641863  7913.4621451023295  0.04285714285714287  -0.12857142857142856 
   16735.75245105513   6805.668649194402 0.055102040816326525  -0.12857142857142856 
   17837.30353326282   5702.587364158779  0.06734693877551018  -0.12857142857142856 
  18939.801522187558   4603.955039545523  0.07959183673469389  -0.12857142857142856 
   20043.50297452821  3509.5041435690323  0.09183673469387754  -0.12857142857142856 
  1246.3483662707774   20464.91116732639   359.89591836734695   -0.1163265306122449 
  2357.4673839965435     19285.810190166   359.90816326530614   -0.1163265306122449 
  3466.2164138436788  18114.187878034503    359.9204081632653   -0.1163265306122449 
   4572.837886125815  16949.831100207077   359.93265306122447   -0.1163265306122449 
   5677.575342123836   15792.52244714076   359.94489795918366   -0.1163265306122449 
   6780.673434300609  14642.040230275914   359.95714285714286   -0.1163265306122449 
   7882.377926595188  13498.158481879902   359.96938775510205   -0.1163265306122449 
    8982.93569457423  12360.646954863058   359.98163265306124   -0.1163265306122449 
     10082.594725662   11229.27112257479   359.99387755102043   -0.1163265306122449 
  11181.604119418034  10103.792178614009 0.006122448979591855   -0.1163265306122449 
  12280.214087688091    8983.96703659619  0.01836734693877551   -0.1163265306122449 
  13378.675954843431   7869.548329969098 0.030612244897959162   -0.1163265306122449 
  14477.242158094581   6760.284411769929  0.04285714285714287   -0.1163265306122449 
  15576.166247584459  5655.9193543943675 0.055102040816326525   -0.1163265306122449 
   16675.70288677398   4556.192949360182  0.06734693877551018   -0.1163265306122449 
  17776.107852505567    3460.84070705589  0.07959183673469389   -0.1163265306122449 
  18877.638035404852  2369.5938564891194  0.09183673469387754   -0.1163265306122449 
  19980.551440044237  1282.1793450189382   0.1040816326530612   -0.1163265306122449 
 -1001.2141660284334   20457.22192701058   359.88367346938776  -0.10408163265306122 
   111.7222746532098   19274.64708863903   359.89591836734695  -0.10408163265306122 
  1221.9636926583908   18099.70066478386   359.90816326530614  -0.10408163265306122 
   2329.751742112975  16932.172564702767    359.9204081632653  -0.10408163265306122 
   3435.329187905256  15771.848418939551   359.93265306122447  -0.10408163265306122 
   4538.939905841608  14618.509579186835   359.94489795918366  -0.10408163265306122 
    5640.82888289056  13471.933118112538   359.95714285714286  -0.10408163265306122 
   6741.242217438184  12331.891829157903   359.96938775510205  -0.10408163265306122 
   7840.427119420558  11198.154226377097   359.98163265306124  -0.10408163265306122 
    8938.63191058733   10070.48454422971   359.99387755102043  -0.10408163265306122 
  10036.106024776996   8948.642737384978 0.006122448979591855  -0.10408163265306122 
  11133.100008069656    7832.38448049445  0.01836734693877551  -0.10408163265306122 
  12229.865519038474   6721.461167993318 0.030612244897959162  -0.10408163265306122 
  13326.655328978004   5615.619913866145  0.04285714285714287  -0.10408163265306122 
   14423.72332217861   4514.603551413277 0.055102040816326525  -0.10408163265306122 
  15521.324496043113  3418.1506330061407  0.06734693877551018  -0.10408163265306122 
  16619.714961463524   2325.995429843734  0.07959183673469389  -0.10408163265306122 
  17719.151942999168  1237.8679316921634  0.09183673469387754  -0.10408163265306122 
  18819.893779067104  153.49384661604572   0.1040816326530612  -0.10408163265306122 
  19922.199922256732   -927.405399285391   0.1163265306122449  -0.10408163265306122 
  -3244.528307181085  20458.148351773074   359.87142857142857  -0.09183673469387754 
  -2129.279995850398  19271.952917867584   359.88367346938776  -0.09183673469387754 
 -1017.0517562042331   18093.53219730987   359.89591836734695  -0.09183673469387754 
   92.39729012501704  16922.679139200245   359.90816326530614  -0.09183673469387754 
  1199.3091319395924  15759.182414079261    359.9204081632653  -0.09183673469387754 
   2303.926868749552  14602.826413756653   359.93265306122447  -0.09183673469387754 
   3406.494710946477  13453.391251144276   359.94489795918366  -0.09183673469387754 
   4507.257980013098  12310.652760113582   359.95714285714286  -0.09183673469387754 
   5606.463108794015   11174.38249526218   359.96938775510205  -0.09183673469387754 
   6704.357641633013  10044.347731770755   359.98163265306124  -0.09183673469387754 
   7801.190234682395   8920.311465189056   359.99387755102043  -0.09183673469387754 
   8897.210656053758   7802.032411229112 0.006122448979591855  -0.09183673469387754 
   9992.669786098157   6689.265005555243  0.01836734693877551  -0.09183673469387754 
   11087.81961757803   5581.759403562149 0.030612244897959162  -0.09183673469387754 
  12182.913255983172   4479.261480157633  0.04285714285714287  -0.09183673469387754 
   13278.20491965367  3381.5128295123923 0.055102040816326525  -0.09183673469387754 
  14373.949940117462   2288.250764827148  0.06734693877551018  -0.09183673469387754 
   15470.40476224522  1199.2083180750978  0.07959183673469389  -0.09183673469387754 
  16567.826944542438  114.11423974580939  0.09183673469387754  -0.09183673469387754 
  17666.475159371315  -967.3070014190829   0.1040816326530612  -0.09183673469387754 
  18766.609193154003  -2045.335218710425   0.1163265306122449  -0.09183673469387754 
   19868.48994671178 -3120.2545077228074  0.12857142857142856  -0.09183673469387754 
  -5484.574042995471   20467.69537938563    359.8591836734694  -0.07959183673469389 
  -4366.517818555977  19277.736887401337   359.87142857142857  -0.07959183673469389 
 -3251.8067294736643   18095.69595699508   359.88367346938776  -0.07959183673469389 
   -2140.20067283064  16921.368577029676   359.89591836734695  -0.07959183673469389 
 -1031.4584354940323  15754.546457906454   359.90816326530614  -0.07959183673469389 
   74.66230606560005   14595.01703144676    359.9204081632653  -0.07959183673469389 
  1178.4049860149814  13442.563450689837   359.93265306122447  -0.07959183673469389 
   2280.014149312531  12296.964589775156   359.94489795918366  -0.07959183673469389 
  3379.7354520571844  11157.995043748062   359.95714285714286  -0.07959183673469389 
   4477.815661543469  10025.425128340898   359.96938775510205  -0.07959183673469389 
   5574.502656581831   8899.020879846246   359.98163265306124  -0.07959183673469389 
  6670.0454276941555   7778.544054873469   359.99387755102043  -0.07959183673469389 
   7764.694077347903   6663.752130162873 0.006122448979591855  -0.07959183673469389 
   8858.699820171163   5554.398302355949  0.01836734693877551  -0.07959183673469389 
   9952.314983197028   4450.231487790317 0.030612244897959162  -0.07959183673469389 
  11045.793006060258  3350.9963222594615  0.04285714285714287  -0.07959183673469389 
  12139.388441266337   2256.433160780508 0.055102040816326525  -0.07959183673469389 
  13233.356954411529   1166.278077348127  0.06734693877551018  -0.07959183673469389 
  14327.955324404358   80.26286468003748  0.07959183673469389  -0.07959183673469389 
  15423.441443740903 -1001.8849660476259  0.09183673469387754  -0.07959183673469389 
  16520.074318717816  -2080.442185456283   0.1040816326530612  -0.07959183673469389 
   17618.11406968431 -3155.6898462548093   0.1163265306122449  -0.07959183673469389 
  18717.821931240673  -4227.913283517596  0.12857142857142856  -0.07959183673469389 
   19819.46025262157  -5297.402114977988   0.1408163265306122  -0.07959183673469389 
  -6600.977728778413   19291.99832550557    359.8591836734694   -0.0673469387755102 
  -5483.286167384425  18106.195543938094   359.87142857142857   -0.0673469387755102 
  -4369.025492373752  16928.248750178154   359.88367346938776   -0.0673469387755102 
 -3257.9552659685896  15757.952694404677   359.89591836734695   -0.0673469387755102 
 -2149.8339402330375  14595.097848306514   359.90816326530614   -0.0673469387755102 
   -1044.41885689533  13439.470404967276    359.9204081632653   -0.0673469387755102 
   58.53375290673862  12290.852278662916   359.93265306122447   -0.0673469387755102 
  1159.2687687879898  11149.021104719883   359.94489795918366   -0.0673469387755102 
  2258.0321813900846  10013.750239338091   359.95714285714286   -0.0673469387755102 
  3355.0710925583066   8884.808759381778   359.96938775510205   -0.0673469387755102 
  4450.6337155833335   7761.961462220005   359.98163265306124   -0.0673469387755102 
   5544.969375397478   6644.968865505874   359.99387755102043   -0.0673469387755102 
   6638.328508844107  5533.5872069779925 0.006122448979591855   -0.0673469387755102 
   7730.962664873238     4427.5684442318  0.01836734693877551   -0.0673469387755102 
   8823.124504769776  3326.6602545149663 0.030612244897959162   -0.0673469387755102 
   9915.067802395768   2230.606034485849  0.04285714285714287   -0.0673469387755102 
  11007.047444412367   1139.144899972847 0.055102040816326525   -0.0673469387755102 
  12099.319430545953  52.011685732434636  0.06734693877551018   -0.0673469387755102 
  13192.140873757939 -1031.0630548106594  0.07959183673469389   -0.0673469387755102 
  14285.770000562192  -2110.353049820335  0.09183673469387754   -0.0673469387755102 
   15380.46615122193  -3186.136309323073   0.1040816326530612   -0.0673469387755102 
  16476.489779988588   -4258.69512548511   0.1163265306122449   -0.0673469387755102 
  17574.102455369735  -5328.316072899502  0.12857142857142856   -0.0673469387755102 
  18673.566860368992  -6395.290008878169   0.1408163265306122   -0.0673469387755102 
  19775.146792741634   -7459.91207375262  0.15306122448979592   -0.0673469387755102 
  -8833.654407712433   19314.72667897036    359.8469387755102 -0.055102040816326525 
  -7712.483155197988   18125.02467672629    359.8591836734694 -0.055102040816326525 
  -6595.068658375205   16943.31764911852   359.87142857142857 -0.055102040816326525 
  -5481.171254445051  15769.403385981183   359.88367346938776 -0.055102040816326525 
  -4370.550170739095  14603.075398807205   359.89591836734695 -0.055102040816326525 
  -3262.963524484376  13444.122920561456   359.90816326530614 -0.055102040816326525 
 -2158.1683226289756  12292.330905572795    359.9204081632653 -0.055102040816326525 
 -1055.9204615900014  11147.480029325394   359.93265306122447 -0.055102040816326525 
   44.02527292886474  10009.346688325708   359.94489795918366 -0.055102040816326525 
  1141.9152061688098   8877.702999913534   359.95714285714286 -0.055102040816326525 
  2237.9967745417052  7752.3168020527855   359.96938775510205 -0.055102040816326525 
   3332.518525843745   6632.951653171164   359.98163265306124 -0.055102040816326525 
   4425.730119460097   5519.366831940993   359.99387755102043 -0.055102040816326525 
   5517.882326635604   4411.317337076483 0.006122448979591855 -0.055102040816326525 
   6609.227030666785   3308.553887099789  0.01836734693877551 -0.055102040816326525 
   7700.017227137051  2210.8229201407235 0.030612244897959162 -0.055102040816326525 
    8790.50702414757  1117.8665936872726  0.04285714285714287 -0.055102040816326525 
   9880.951642561686  29.422784350175363 0.055102040816326525 -0.055102040816326525 
  10971.607416219997 -1054.7749123851077  0.06734693877551018 -0.055102040816326525 
   12062.73179220632  -2134.997182418459  0.07959183673469389 -0.055102040816326525 
  13154.583331068276  -3211.518993295538  0.09183673469387754 -0.055102040816326525 
  14247.421707067064 -4284.6195944807305   0.1040816326530612 -0.055102040816326525 
   15341.50770837383  -5354.582517638849   0.1163265306122449 -0.055102040816326525 
   16437.10323742214  -6421.695576920653  0.12857142857142856 -0.055102040816326525 
  17534.471311057434  -7486.250869259345   0.1408163265306122 -0.055102040816326525 
   18633.87606081469  -8548.544774674308  0.15306122448979592 -0.055102040816326525 
   19735.58273317051  -9608.877956579394  0.16530612244897958 -0.055102040816326525 
 -11065.550684032889  19345.901512801785   359.83469387755105  -0.04285714285714287 
  -9940.398924832898  18152.167192194243    359.8469387755102  -0.04285714285714287 
  -8819.329806504953  16966.563382553795    359.8591836734694  -0.04285714285714287 
  -7702.104440886948  15788.890913299521   359.87142857142857  -0.04285714285714287 
 -6588.4828301984635  14618.946335598232   359.88367346938776  -0.04285714285714287 
  -5478.223866842839  13456.521922234073   359.89591836734695  -0.04285714285714287 
  -4371.085333176929  12301.405667434996   359.90816326530614  -0.04285714285714287 
 -3266.8239013365187  11153.381286761454    359.9204081632653  -0.04285714285714287 
  -2165.195132982064  10012.228216894931   359.93265306122447  -0.04285714285714287 
 -1065.9534791158665    8877.72161550032   359.94489795918366  -0.04285714285714287 
  31.147720151109507   7749.632361032793   359.95714285714286  -0.04285714285714287 
  1126.3562358241427  6627.7270525344775   359.96938775510205  -0.04285714285714287 
  2219.9209502296353   5511.768009475563   359.98163265306124  -0.04285714285714287 
  3312.0918572478236    4401.51327151493   359.99387755102043  -0.04285714285714287 
   4403.120062545962  3296.7165983158256 0.006122448979591855  -0.04285714285714287 
   5493.257783807005   2197.127469304167  0.01836734693877551  -0.04285714285714287 
    6582.75835090655   1102.491083459978 0.030612244897959162  -0.04285714285714287 
   7671.876206261689  12.548359071522343  0.04285714285714287  -0.04285714285714287 
    8760.86690493961 -1072.9640664976614 0.055102040816326525  -0.04285714285714287 
   9849.987114948888  -2154.313837071671  0.06734693877551018  -0.04285714285714287 
  10939.494617507135 -3231.7728779081185  0.07959183673469389  -0.04285714285714287 
   12029.64830721588  -4305.617395971758  0.09183673469387754  -0.04285714285714287 
  13120.708192342358 -5376.1278802035895   0.1040816326530612  -0.04285714285714287 
  14212.935395076733  -6443.589101803725   0.1163265306122449  -0.04285714285714287 
   15306.59215173097  -7508.290114527204  0.12857142857142856  -0.04285714285714287 
   16401.94181303119   -8570.52425496847   0.1408163265306122  -0.04285714285714287 
   17499.24884435488  -9630.589142874776  0.15306122448979592  -0.04285714285714287 
  18598.778825969148 -10688.786681463203  0.16530612244897958  -0.04285714285714287 
  19700.798453274772 -11745.423057728915  0.17755102040816323  -0.04285714285714287 
  -13297.67753556828   19385.49250996695   359.82244897959185 -0.030612244897959162 
   -12168.0428564866   18187.59704511671   359.83469387755105 -0.030612244897959162 
 -11042.816719876831  16997.964177148253    359.8469387755102 -0.030612244897959162 
  -9921.761011835571  15816.397774950889    359.8591836734694 -0.030612244897959162 
  -8804.636509127678  14642.697429294143   359.87142857142857 -0.030612244897959162 
    -7691.2028789516  13476.658452655109   359.88367346938776 -0.030612244897959162 
  -6581.218678750219  12318.071879100811   359.89591836734695 -0.030612244897959162 
  -5474.441355977486   11166.72446411051   359.90816326530614 -0.030612244897959162 
  -4370.627247921269  10022.398684455604    359.9204081632653 -0.030612244897959162 
 -3269.5315814514743   8884.872737993554   359.93265306122447 -0.030612244897959162 
  -2170.908472836548   7753.920543528382   359.94489795918366 -0.030612244897959162 
  -1074.510927511247   6629.311740613997   359.95714285714286 -0.030612244897959162 
  19.909160160056853   5510.811689348308   359.96938775510205 -0.030612244897959162 
   1112.601007070099    4398.18147021313   359.98163265306124 -0.030612244897959162 
   2203.814941606448   3291.177883840171   359.99387755102043 -0.030612244897959162 
   3293.802403902653  2189.5534508096457 0.006122448979591855 -0.030612244897959162 
   4382.815946046319   1093.056411421276  0.01836734693877551 -0.030612244897959162 
   5471.109232293791   1.430725474617881 0.030612244897959162 -0.030612244897959162 
   6558.937039309692  -1085.583927970208  0.04285714285714287 -0.030612244897959162 
   7646.555256454591 -2168.2521508366585 0.055102040816326525 -0.030612244897959162 
   8734.220885934097 -3246.8428262844413  0.06734693877551018 -0.030612244897959162 
   9822.192043085608  -4321.629118969384  0.07959183673469389 -0.030612244897959162 
  10910.727956638064  -5392.888475310455  0.09183673469387754 -0.030612244897959162 
  12000.088968903932  -6460.902623766018   0.1040816326530612 -0.030612244897959162 
  13090.536536052155  -7525.957575114717   0.1163265306122449 -0.030612244897959162 
  14182.333228366617   -8588.34362274906  0.12857142857142856 -0.030612244897959162 
   15275.74273043562  -9648.355342975114   0.1408163265306122 -0.030612244897959162 
  16371.029841542459 -10706.291595315817  0.15306122448979592 -0.030612244897959162 
  17468.460475692176 -11762.455522828966  0.16530612244897958 -0.030612244897959162 
  18568.301662117152 -12817.154552425043  0.17755102040816323 -0.030612244897959162 
  19670.821545334264 -13870.700395205502  0.18979591836734694 -0.030612244897959162 
 -15531.054090966898  19433.459471034326   359.81020408163266  -0.01836734693877551 
 -14396.432480329284   18231.27830792435   359.82244897959185  -0.01836734693877551 
 -13266.545330698298  17037.488377217996   359.83469387755105  -0.01836734693877551 
 -12141.155302088675  15851.896587217463    359.8469387755102  -0.01836734693877551 
 -11020.023945429404  14674.305568181138    359.8591836734694  -0.01836734693877551 
  -9902.911702367912  13504.513672203759   359.87142857142857  -0.01836734693877551 
  -8789.577905049457  12342.314973064951   359.88367346938776  -0.01836734693877551 
  -7679.780775921783  11187.499266100041   359.89591836734695  -0.01836734693877551 
  -6573.277427501748  10039.852068022628   359.90816326530614  -0.01836734693877551 
  -5469.823862195371   8899.154616798414    359.9204081632653  -0.01836734693877551 
  -4369.174972051184  7765.1838714467285   359.93265306122447  -0.01836734693877551 
 -3271.0845385673383   6637.712511884097   359.94489795918366  -0.01836734693877551 
 -2175.3052324698956   5516.508938744968   359.95714285714286  -0.01836734693877551 
 -1081.5886134705615    4401.33727316293   359.96938775510205  -0.01836734693877551 
  10.314869935961065    3291.95735660298   359.98163265306124  -0.01836734693877551 
   1100.655880663513   2188.124750640507   359.99387755102043  -0.01836734693877551 
   2189.686193357089  1089.5907367508053 0.006122448979591855  -0.01836734693877551 
   3277.658694523206  -3.897683928578008  0.01836734693877551  -0.01836734693877551 
  4364.8273828231195 -1092.5977908018751 0.030612244897959162  -0.01836734693877551 
   5451.447369248842 -2176.7711440723806  0.04285714285714287  -0.01836734693877551 
   6537.774877423683  -3256.683584983908 0.055102040816326525  -0.01836734693877551 
   7624.067243802129    -4332.6052360668  0.06734693877551018  -0.01836734693877551 
   8710.582917879887  -5404.810501414717  0.07959183673469389  -0.01836734693877551 
   9797.581462509028  -6473.578066935328  0.09183673469387754  -0.01836734693877551 
   10885.32355409956  -7539.190900644379   0.1040816326530612  -0.01836734693877551 
  11974.070982842497  -8601.936252942101   0.1163265306122449  -0.01836734693877551 
  13064.086652955206  -9662.105656904296  0.12857142857142856  -0.01836734693877551 
  14155.634583033534 -10719.994928586177   0.1408163265306122  -0.01836734693877551 
  15248.979906144064 -11775.904167334724  0.15306122448979592  -0.01836734693877551 
   16344.38887020445 -12830.137756097263  0.16530612244897958  -0.01836734693877551 
  17442.128838155943 -13883.004361747486  0.17755102040816323  -0.01836734693877551 
  18542.468288289983 -14934.816935425253  0.18979591836734694  -0.01836734693877551 
  19645.676814464066 -15985.892712863217  0.20204081632653065  -0.01836734693877551 
 -17766.707631397203  19489.752313794572   359.79795918367347 -0.006122448979591855 
  -16626.59347819058   18283.16517032694   359.81020408163266 -0.006122448979591855 
 -15491.539721988102   17085.09444442183   359.82244897959185 -0.006122448979591855 
   -14361.3097963655  15895.350083720143   359.83469387755105 -0.006122448979591855 
 -13235.666026076417  14713.737757913304    359.8469387755102 -0.006122448979591855 
  -12114.36962683674  13540.058858605744    359.8591836734694 -0.006122448979591855 
 -10997.180705148998  12374.110499216775   359.87142857142857 -0.006122448979591855 
     -9883.858258068  11215.685514812525   359.88367346938776 -0.006122448979591855 
  -8774.160173011096    10064.5724619809   359.89591836734695 -0.006122448979591855 
  -7667.843227524264   8920.555618653634   359.90816326530614 -0.006122448979591855 
  -6564.663089095921   7783.414983971614    359.9204081632653 -0.006122448979591855 
  -5464.374314922531   6652.926278097963   359.93265306122447 -0.006122448979591855 
   -4366.73035169554   5528.860942040221   359.94489795918366 -0.006122448979591855 
 -3271.4835354048832   4410.986137495383   359.95714285714286 -0.006122448979591855 
   -2178.38509106933  3299.0647465999295   359.96938775510205 -0.006122448979591855 
 -1087.1851325623204   2192.855371783714   359.98163265306124 -0.006122448979591855 
  2.3673376374246136  1092.1123355375846   359.99387755102043 -0.006122448979591855 
   1090.524428661231  -3.414319802315014 0.006122448979591855 -0.006122448979591855 
    2177.53936151158 -1093.9788322781812  0.01836734693877551 -0.006122448979591855 
  3263.6664692423947 -2179.8397205408064 0.030612244897959162 -0.006122448979591855 
    4349.16119721476  -3261.259784086867  0.04285714285714287 -0.006122448979591855 
   5434.280103386865  -4338.506103511567 0.055102040816326525 -0.006122448979591855 
   6519.280858410704  -5411.850040756954  0.06734693877551018 -0.006122448979591855 
   7604.422246052141  -6481.567239385218  0.07959183673469389 -0.006122448979591855 
   8689.964163284447  -7547.937624840092  0.09183673469387754 -0.006122448979591855 
   9776.167620616205  -8611.245404731288   0.1040816326530612 -0.006122448979591855 
  10863.294742288072  -9671.779069118458   0.1163265306122449 -0.006122448979591855 
  11951.608766547972 -10729.831390807152  0.12857142857142856 -0.006122448979591855 
  13041.374045907532 -11785.699425651621   0.1408163265306122 -0.006122448979591855 
  14132.856047359894 -12839.684512863863  0.15306122448979592 -0.006122448979591855 
  15226.321352655996 -13892.092275328709  0.16530612244897958 -0.006122448979591855 
  16322.037658580553 -14943.232619936072  0.17755102040816323 -0.006122448979591855 
   17420.27377716596   -15993.4197379106  0.18979591836734694 -0.006122448979591855 
    18521.2996359581 -17042.972105152712  0.20204081632653065 -0.006122448979591855 
  19625.386278329574   -18092.2124825931  0.21428571428571425 -0.006122448979591855 
 -20005.673592326475  19554.311072897024    359.7857142857143  0.006122448979591855 
 -18859.559685291122   18343.20193892558   359.79795918367347  0.006122448979591855 
  -17718.83212927323  17140.730957353557   359.81020408163266  0.006122448979591855 
 -16583.255131041882  15946.711115085622   359.82244897959185  0.006122448979591855 
  -15452.59178880707  14760.951121164211   359.83469387755105  0.006122448979591855 
 -14326.604092018304    13583.2554066522    359.8469387755102  0.006122448979591855 
 -13205.052921147026  12413.424124495294    359.8591836734694  0.006122448979591855 
  -12087.69804751199  11251.253149420616   359.87142857142857  0.006122448979591855 
 -10974.298133043332  10096.534077768169   359.88367346938776  0.006122448979591855 
  -9864.610730093227    8949.05422736315   359.89591836734695  0.006122448979591855 
  -8758.392281201228   7808.596637336703   359.90816326530614  0.006122448979591855 
  -7655.398118906714  6674.9400679903465    359.9204081632653  0.006122448979591855 
  -6555.382465516597  5547.8590006048125   359.93265306122447  0.006122448979591855 
  -5458.098432889621   4427.123637267391   359.94489795918366  0.006122448979591855 
  -4363.298022233762   3312.499900697846   359.95714285714286  0.006122448979591855 
 -3270.7321238539053  2203.7494340249086   359.96938775510205  0.006122448979591855 
 -2180.1505169565257  1100.6296006132686   359.98163265306124  0.006122448979591855 
 -1091.3018694132245     2.8934838386465   359.99387755102043  0.006122448979591855 
  -3.933737533578968 -1089.7101131215995 0.006122448979591855  0.006122448979591855 
  1082.2074341753664 -2177.4366675345595  0.01836734693877551  0.006122448979591855 
  2167.3763132129006 -3260.5459373186904 0.030612244897959162  0.006122448979591855 
  3251.8286793516622  -4339.301961304437  0.04285714285714287  0.006122448979591855 
   4335.821424849447   -5413.97305946635 0.055102040816326525  0.006122448979591855 
    5419.61255468914  -6484.831833200348  0.06734693877551018  0.006122448979591855 
   6503.461186842119   -7552.15516557633  0.07959183673469389  0.006122448979591855 
   7587.627552468121  -8616.224221607756  0.09183673469387754  0.006122448979591855 
    8672.37299620182  -9677.324448544432   0.1040816326530612  0.006122448979591855 
   9757.959976369675 -10735.745576149675   0.1163265306122449  0.006122448979591855 
   10844.65206526462 -11791.781616997772  0.12857142857142856  0.006122448979591855 
  11932.713949342255 -12845.730866789885   0.1408163265306122  0.006122448979591855 
  13022.411429554466  -13897.89590464913  0.15306122448979592  0.006122448979591855 
  14114.011421524683 -14948.583593453024  0.16530612244897958  0.006122448979591855 
  15207.781955850916 -15998.105080149217  0.17755102040816323  0.006122448979591855 
  16303.992178371707  -17046.77579610549  0.18979591836734694  0.006122448979591855 
   17402.91235036289 -18094.915457441286  0.20204081632653065  0.006122448979591855 
  18504.813848868067  -19142.84806538216  0.21428571428571425  0.006122448979591855 
    19609.9691669639  -20190.90190661934  0.22653061224489796  0.006122448979591855 
 -19949.462942357986  17204.336611152998   359.79795918367347   0.01836734693877551 
 -18808.030095874747  16005.922648531301   359.81020408163266   0.01836734693877551 
 -17671.838423880425  14815.892897268737   359.82244897959185   0.01836734693877551 
 -16540.650689188955   13634.05482780654   359.83469387755105   0.01836734693877551 
 -15414.228545901176  12460.211632561979    359.8469387755102   0.01836734693877551 
  -14292.33253921371  11294.162225815298    359.8591836734694   0.01836734693877551 
 -13174.722105221597  10135.701243584854   359.87142857142857   0.01836734693877551 
 -12061.155570696144   8984.619043470846   359.88367346938776   0.01836734693877551 
 -10951.390152889539   7840.701704519605   359.89591836734695   0.01836734693877551 
  -9845.181959298608    6703.73102704275   359.90816326530614   0.01836734693877551 
  -8742.285987483348   5573.484532485801    359.9204081632653   0.01836734693877551 
  -7642.456124821366   4449.735463222394   359.93265306122447   0.01836734693877551 
  -6545.445148308312  3332.2527823978994   359.94489795918366   0.01836734693877551 
  -5451.004724341998  2220.8011737377738   359.95714285714286   0.01836734693877551 
   -4358.88540847339   1115.141041329353   359.96938775510205   0.01836734693877551 
 -3268.8366452131113  15.028509448230135   359.98163265306124   0.01836734693877551 
 -2180.6067677915075  -1079.784577670668   359.99387755102043   0.01836734693877551 
  -1093.942997935503 -2169.5506560486947 0.006122448979591855   0.01836734693877551 
   -8.59144562036352  -3254.526442197274  0.01836734693877551   0.01836734693877551 
   1075.702891127462  -4334.972933342418 0.030612244897959162   0.01836734693877551 
   2159.196126521093  -5411.155407671005  0.04285714285714287   0.01836734693877551 
  3242.1454871481546  -6483.343424594794 0.055102040816326525   0.01836734693877551 
  4324.8093123396475 -7551.8108249840725  0.06734693877551018   0.01836734693877551 
   5407.447054302487  -8616.835731456216  0.07959183673469389   0.01836734693877551 
   6490.319278436461  -9678.700548642953  0.09183673469387754   0.01836734693877551 
   7573.687663512033 -10737.691963469217   0.1040816326530612   0.01836734693877551 
   8657.815001982322 -11794.100945446069   0.1163265306122449   0.01836734693877551 
   9742.965200161947 -12848.222746969905  0.12857142857142856   0.01836734693877551 
  10829.403278544134 -13900.356903622984   0.1408163265306122   0.01836734693877551 
  11917.395372035397  -14950.80723449713  0.15306122448979592   0.01836734693877551 
  13007.208730154993  -15999.88184250242  0.16530612244897958   0.01836734693877551 
  14099.111717357275 -17047.893114706494  0.17755102040816323   0.01836734693877551 
  15193.373813297772 -18095.157722664666  0.18979591836734694   0.01836734693877551 
   16290.26561300922  -19141.99662277201  0.20204081632653065   0.01836734693877551 
  17390.058827259665  -20188.73505660666  0.21428571428571425   0.01836734693877551 
 -19894.451275823023  14878.500441790828   359.81020408163266  0.030612244897959162 
  -18757.55316302647   13692.39874983751   359.82244897959185  0.030612244897959162 
 -17625.749724760535   12514.41892340317   359.83469387755105  0.030612244897959162 
  -16498.80227975815  11344.362916263479    359.8469387755102  0.030612244897959162 
 -15376.471037889794  10182.028404008637    359.8591836734694  0.030612244897959162 
 -14258.515100001263   9027.208783942648   359.87142857142857  0.030612244897959162 
 -13144.692457666768   7879.693174908171   359.88367346938776  0.030612244897959162 
 -12034.759993002373   6739.266417154993   359.89591836734695  0.030612244897959162 
  -10928.47347842744   5605.709072157206   359.90816326530614  0.030612244897959162 
  -9825.587576486874   4478.797422482334    359.9204081632653  0.030612244897959162 
  -8725.855839596192    3358.30347157815   359.93265306122447  0.030612244897959162 
  -7629.030709856187  2243.9949436236843   359.94489795918366  0.030612244897959162 
  -6534.863518818075  1135.6352833246158   359.95714285714286  0.030612244897959162 
  -5443.104487244971   32.98365570221913   359.96938775510205  0.030612244897959162 
  -4353.502724925429  -1064.205054086499   359.98163265306124  0.030612244897959162 
   -3265.80623040978 -2156.1802409757283   359.99387755102043  0.030612244897959162 
 -2179.7618908111845 -3243.1955802102602 0.006122448979591855  0.030612244897959162 
  -1095.115481546756   -4325.50902758745  0.01836734693877551  0.030612244897959162 
 -11.611666126714715  -5403.382819667899 0.030612244897959162  0.030612244897959162 
  1071.0060040895098 -6477.0834740420805  0.04285714285714287  0.030612244897959162 
  2152.9950901284174   -7546.88178957601 0.055102040816326525  0.030612244897959162 
  3234.6142656230118  -8613.052846663564  0.06734693877551018  0.030612244897959162 
   4316.123317104773  -9675.876007513965  0.07959183673469389  0.030612244897959162 
  5397.7831441784265 -10735.634916408717  0.09183673469387754  0.030612244897959162 
   6479.855759839151 -11792.617499994469   0.1040816326530612  0.030612244897959162 
   7562.604290644207 -12847.115967576232   0.1163265306122449  0.030612244897959162 
   8646.292977017994 -13899.426811414325  0.12857142857142856  0.030612244897959162 
   9731.187173471513 -14949.850807023113   0.1408163265306122  0.030612244897959162 
  10817.553348875957 -15998.693013508831  0.15306122448979592  0.030612244897959162 
  11905.659086720118 -17046.262773866318  0.16530612244897958  0.030612244897959162 
  12995.773085323126  -18092.87371533078  0.17755102040816323  0.030612244897959162 
   14088.16515816462 -19138.843749706964  0.18979591836734694  0.030612244897959162 
  15183.106234076711 -20184.495073710226  0.20204081632653065  0.030612244897959162 
 -19840.666757366565  12575.982012935372   359.82244897959185   0.04285714285714287 
  -18708.15596910508  11401.795508988722   359.83469387755105   0.04285714285714287 
 -17580.592031899483  10235.460119633788    359.8469387755102   0.04285714285714287 
 -16457.734820277106    9076.77228177142    359.8591836734694   0.04285714285714287 
 -15339.343099783393   7925.524153966154   359.87142857142857   0.04285714285714287 
  -14225.17452676413    6781.50361628977   359.88367346938776   0.04285714285714287 
 -13114.985648163285   5644.494270177587   359.89591836734695   0.04285714285714287 
 -12008.531901286407   4514.275438246752   359.90816326530614   0.04285714285714287 
 -10905.567613630583  3390.6221641662487    359.9204081632653   0.04285714285714287 
   -9805.84600261633  2273.3052124370593   359.93265306122447   0.04285714285714287 
  -8709.119175409363  1162.0910682447231   359.94489795918366   0.04285714285714287 
  -7615.138128687397  56.741937251715605   359.95714285714286   0.04285714285714287 
  -6523.652748394678 -1042.9842546115265   359.96938775510205   0.04285714285714287 
  -5434.411809554332  -2137.333861335897   359.98163265306124   0.04285714285714287 
  -4347.162976019297 -3226.5575170582965   359.99387755102043   0.04285714285714287 
 -3261.6528002466703  -4310.910136276856 0.006122448979591855   0.04285714285714287 
  -2177.626723063782  -5390.650914103407  0.01836734693877551   0.04285714285714287 
  -1094.829073443204  -6466.043326470617 0.030612244897959162   0.04285714285714287 
 -13.003068264964423  -7537.355130407204  0.04285714285714287   0.04285714285714287 
  1068.1091879292787  -8604.858364272231 0.055102040816326525   0.04285714285714287 
   2148.766703149817  -9668.829348026547  0.06734693877551018   0.04285714285714287 
   3229.229598238234 -10729.548683503413  0.07959183673469389   0.04285714285714287 
   4309.759107085025 -11787.301254677273  0.09183673469387754   0.04285714285714287 
   5390.617576877244  -12842.37622796677   0.1040816326530612   0.04285714285714287 
   6472.068468346096 -13895.067052509416   0.1163265306122449   0.04285714285714287 
   7554.376356031028 -14945.671460470718  0.12857142857142856   0.04285714285714287 
   8637.806928497997 -15994.491467362841   0.1408163265306122   0.04285714285714287 
   9722.626988638813  -17041.83337233913  0.15306122448979592   0.04285714285714287 
  10809.104453867025  -18088.00775853983  0.16530612244897958   0.04285714285714287 
  11897.508356455213  -19133.32949341792  0.17755102040816323   0.04285714285714287 
  12988.108843719616 -20178.117729072383  0.18979591836734694   0.04285714285714287 
 -19788.140342380328  10295.931066631767   359.83469387755105  0.055102040816326525 
 -18659.868387186525   9133.248485585022    359.8469387755102  0.055102040816326525 
 -17536.394135967552    7978.13786280765    359.8591836734694  0.055102040816326525 
 -16417.476018951966   6830.390118120459   359.87142857142857  0.055102040816326525 
 -15302.871357202064   5689.791892798213   359.88367346938776  0.055102040816326525 
 -14192.336362467766   4556.125549449379   359.89591836734695  0.055102040816326525 
  -13085.62613690553  3429.1691718139773   359.90816326530614  0.055102040816326525 
 -11982.494672922614  2308.6965646377093    359.9204081632653  0.055102040816326525 
 -10882.694852912884  1194.4772534530914   359.93265306122447  0.055102040816326525 
   -9785.97844907319   86.27648442711016   359.94489795918366  0.055102040816326525 
   -8692.09612317232 -1016.1447758436551   359.95714285714286  0.055102040816326525 
   -7600.79742630387 -2113.0298405548724   359.96938775510205  0.055102040816326525 
  -6511.830798693739 -3204.6263028681888   359.98163265306124  0.055102040816326525 
  -5424.943569459594  -4291.186036152671   359.99387755102043  0.055102040816326525 
  -4339.881956379348  -5372.965194195858 0.006122448979591855  0.055102040816326525 
  -3256.391065655329   -6450.22421145769  0.01836734693877551  0.055102040816326525 
  -2174.214891690224  -7523.227803278347 0.030612244897959162  0.055102040816326525 
 -1093.0963168515368  -8592.244966157221  0.04285714285714287  0.055102040816326525 
 -12.777111227354897  -9657.548977986766 0.055102040816326525  0.055102040816326525 
  1067.0020676071802 -10719.417398335047  0.06734693877551018  0.055102040816326525 
   2146.501674841586   -11778.1320686959  0.07959183673469389  0.055102040816326525 
  3225.9832786545826  -12833.97911279247  0.09183673469387754  0.055102040816326525 
   4305.709560474666 -13887.248936844788   0.1040816326530612  0.055102040816326525 
   5385.944315243964 -14938.236229875272   0.1163265306122449  0.055102040816326525 
   6466.952451617316 -15987.239964009983  0.12857142857142856  0.055102040816326525 
   7548.999992274423 -17034.563394782297   0.1408163265306122  0.055102040816326525 
   8632.354074103941  -18080.51406146762  0.15306122448979592  0.055102040816326525 
   9717.282948548856  -19125.40378739465  0.16530612244897958  0.055102040816326525 
  10804.055981788713   -20169.5486802832  0.17755102040816323  0.055102040816326525 
 -19736.905777262375    8037.46763779847    359.8469387755102   0.06734693877551018 
 -18612.723081315115   6885.863531588049    359.8591836734694   0.06734693877551018 
 -17493.187618596436  5741.5438216136445   359.87142857142857   0.06734693877551018 
  -16378.05637488055   4604.293910349181   359.88367346938776   0.06734693877551018 
  -15267.08522665984   3473.894921545454   359.89591836734695   0.06734693877551018 
  -14160.02894091328  2350.1237000478686   359.90816326530614   0.06734693877551018 
 -13056.641174928274  1232.7528116583935    359.9204081632653   0.06734693877551018 
 -11956.674476035478  121.55054291693946   359.93265306122447   0.06734693877551018 
 -10859.880281430645  -983.7190990529651   359.94489795918366   0.06734693877551018 
  -9766.008917937164 -2083.2963867517715   359.95714285714286   0.06734693877551018 
  -8674.809601763727  -3177.425872522684   359.96938775510205   0.06734693877551018 
  -7586.030438309382  -4266.356388732998   359.98163265306124   0.06734693877551018 
  -6499.418421921658  -5350.341048014179   359.99387755102043   0.06734693877551018 
  -5414.719435665989  -6429.637243474929 0.006122448979591855   0.06734693877551018 
  -4331.678251088752  -7504.506648956945  0.01836734693877551   0.06734693877551018 
 -3250.0385279926227  -8575.215219244828 0.030612244897959162   0.06734693877551018 
 -2169.5428142011056  -9642.033190345164  0.04285714285714287   0.06734693877551018 
 -1089.9325453141519  -10705.23507973098 0.055102040816326525   0.06734693877551018 
  -10.94804447002862 -11765.099686601458  0.06734693877551018   0.06734693877551018 
   1067.671477905798 -12821.910092170867  0.07959183673469389   0.06734693877551018 
    2146.18792429136 -13875.953659940084  0.09183673469387754   0.06734693877551018 
   3224.864310431858 -14927.522035980075   0.1040816326530612   0.06734693877551018 
   4303.964765439128 -15976.911149247275   0.1163265306122449   0.06734693877551018 
    5383.75453216588  -17024.42121186944  0.12857142857142856   0.06734693877551018 
   6464.499967395721  -18070.35671946605   0.1408163265306122   0.06734693877551018 
   7546.468542092016  -19115.02645147073  0.15306122448979592   0.06734693877551018 
   8629.928841721648 -20158.743471452934  0.16530612244897958   0.06734693877551018 
 -19686.999599680177   5799.682053080601    359.8591836734694   0.07959183673469389 
  -18566.75550679581   4658.716790143671   359.87142857142857   0.07959183673469389 
 -17451.006852616236  3524.7399553157184   359.88367346938776   0.07959183673469389 
  -16339.50917836001   2397.531433477422   359.89591836734695   0.07959183673469389 
 -15232.016915786948  1276.8668305555234   359.90816326530614   0.07959183673469389 
  -14128.28338702895  162.51747338540517    359.9204081632653   0.07959183673469389 
 -13028.060804312923  -945.7495905127269   359.93265306122447   0.07959183673469389 
 -11931.100269810093 -2048.1715930822047   359.94489795918366   0.07959183673469389 
 -10837.151775353954  -3144.990045947333   359.95714285714286   0.07959183673469389 
  -9745.964202239411  -4236.450740629737   359.96938775510205   0.07959183673469389 
  -8657.285321004892  -5322.803748732225   359.98163265306124   0.07959183673469389 
  -7570.861791195331  -6404.303422180691   359.99387755102043   0.07959183673469389 
 -6486.4391611314795  -7481.208393438906 0.006122448979591855   0.07959183673469389 
  -5403.761867671684  -8553.781575765572  0.01836734693877551   0.07959183673469389 
  -4322.573235986837  -9622.290163426109 0.030612244897959162   0.07959183673469389 
 -3242.6154793258474 -10687.005631975091  0.04285714285714287   0.07959183673469389 
  -2163.629698767499 -11748.203738492553 0.055102040816326525   0.07959183673469389 
 -1085.3558829876674 -12806.164521868457  0.06734693877551018   0.07959183673469389 
 -7.5329080127805215  -13861.17230307139  0.07959183673469389   0.07959183673469389 
  1070.1014630268387 -14913.515685419909  0.09183673469387754   0.07959183673469389 
  2147.8105801263305  -15963.48755489424   0.1040816326530612   0.07959183673469389 
  3225.8589066912104 -17011.385080419594   0.1163265306122449   0.07959183673469389 
   4304.512019757325 -18057.509714180433  0.12857142857142856   0.07959183673469389 
  5384.0366102190965 -19102.167191926936   0.1408163265306122   0.07959183673469389 
   6464.700483187108  -20145.66753330527  0.15306122448979592   0.07959183673469389 
  -19638.46113885734   3581.634929615813   359.87142857142857   0.09183673469387754 
  -18522.00391044028  2450.8546942673192   359.88367346938776   0.09183673469387754 
  -17409.88900236123  1326.7585124299571   359.89591836734695   0.09183673469387754 
 -16301.870511135266  209.12075109215004   359.90816326530614   0.09183673469387754 
 -15197.701423686725  -902.2885019072874    359.9204081632653   0.09183673469387754 
 -14097.133617132231 -2007.7034380843056   359.93265306122447   0.09183673469387754 
 -12999.917858547165  -3107.362528480879   359.94489795918366   0.09183673469387754 
  -11905.80380476812  -4201.508523872735   359.95714285714286   0.09183673469387754 
 -10814.540002134512  -5290.388454989761   359.96938775510205   0.09183673469387754 
  -9725.873886291065  -6374.253632701811   359.98163265306124   0.09183673469387754 
  -8639.551781946038  -7453.359648261404   359.99387755102043   0.09183673469387754 
  -7555.318902643235  -8527.966373521702 0.006122448979591855   0.09183673469387754 
  -6472.919350520058  -9598.337961192869  0.01836734693877551   0.09183673469387754 
   -5392.09611608655  -10664.74284506198 0.030612244897959162   0.09183673469387754 
  -4312.591077982744 -11727.453740264757  0.04285714285714287   0.09183673469387754 
  -3234.145002739046  -12786.74764354137 0.055102040816326525   0.09183673469387754 
  -2156.497544535082 -13842.905833504117  0.06734693877551018   0.09183673469387754 
 -1079.3872449569608  -14896.21387090885  0.07959183673469389   0.09183673469387754 
   -2.55153275450812 -15946.961598957867  0.09183673469387754   0.09183673469387754 
   1074.273276406154 -16995.443143571203   0.1040816326530612   0.09183673469387754 
    2151.35198021099 -18041.956913703103   0.1163265306122449   0.09183673469387754 
   3228.950489886076   -19086.8056016327  0.12857142857142856   0.09183673469387754 
    4307.33583054795 -20130.296183299197   0.1408163265306122   0.09183673469387754 
  -19591.33251586721  1382.3571736832284   359.88367346938776    0.1040816326530612 
 -18478.509330906258   261.2939654726011   359.89591836734695    0.1040816326530612 
 -17369.874023961227  -853.3979707319841   359.90816326530614    0.1040816326530612 
 -16265.179246741973 -1961.9497861071693    359.9204081632653    0.1040816326530612 
 -15164.176541186393  -3064.596911240103   359.93265306122447    0.1040816326530612 
 -14066.616339269978  -4161.579056294995   359.94489795918366    0.1040816326530612 
  -12972.24796278314  -5253.140211228876   359.95714285714286    0.1040816326530612 
 -11880.819623072926  -6339.528646008193   359.96938775510205    0.1040816326530612 
  -10792.07842086001  -7420.996910802397   359.98163265306124    0.1040816326530612 
  -9705.770345987465  -8497.801836227465   359.99387755102043    0.1040816326530612 
  -8621.640277184104  -9570.204533557542 0.006122448979591855    0.1040816326530612 
  -7539.431981836272 -10638.470394992934  0.01836734693877551    0.1040816326530612 
  -6458.888115759542  -11702.86909387791 0.030612244897959162    0.1040816326530612 
  -5379.750222955235 -12763.674584972063  0.04285714285714287    0.1040816326530612 
  -4301.758735372459 -13821.165104710832 0.055102040816326525    0.1040816326530612 
  -3224.652972665661 -14875.623171474552  0.06734693877551018    0.1040816326530612 
 -2148.1711419505364 -15927.335585860006  0.07959183673469389    0.1040816326530612 
 -1072.0503375623214 -16976.593430984354  0.09183673469387754    0.1040816326530612 
  3.9734591956359253  -18023.69207276531   0.1040816326530612    0.1040816326530612 
  1080.1653802990209 -19068.931160222575   0.1163265306122449    0.1040816326530612 
   2156.791671263632 -20112.614625793532  0.12857142857142856    0.1040816326530612 
 -19545.658643947867  -799.1500207271174   359.89591836734695    0.1163265306122449 
  -18436.31559896351 -1910.9783877316497   359.90816326530614    0.1163265306122449 
   -17331.0046656664  -3016.756671566181    359.9204081632653    0.1163265306122449 
 -16229.477050792357  -4116.721541914641   359.93265306122447    0.1163265306122449 
 -15131.482851177472 -5211.1139480934535   359.94489795918366    0.1163265306122449 
 -14036.771053528853  -6300.179119269412   359.95714285714286    0.1163265306122449 
 -12945.089534171602  -7384.166564677872   359.96938775510205    0.1163265306122449 
  -11856.18505887471  -8463.330073825928   359.98163265306124    0.1163265306122449 
 -10769.803282562274  -9537.927716713491   359.99387755102043    0.1163265306122449 
  -9685.688749132949   -10608.2218440835 0.006122448979591855    0.1163265306122449 
  -8603.584891185234 -11674.479087661424  0.01836734693877551    0.1163265306122449 
  -7523.234029803936 -12736.970360381425 0.030612244897959162    0.1163265306122449 
  -6444.377374326494   -13795.9708566774  0.04285714285714287    0.1163265306122449 
  -5366.755022085103  -14851.76005271521 0.055102040816326525    0.1163265306122449 
  -4290.105958177832 -15904.621706683512  0.06734693877551018    0.1163265306122449 
  -3214.168055222753  -16954.84385907617  0.07959183673469389    0.1163265306122449 
 -2138.6780731079175 -18002.718832965365  0.09183673469387754    0.1163265306122449 
  -1063.371658746838  -19048.54323430447   0.1040816326530612    0.1163265306122449 
  12.016654171371233 -20092.617952244753   0.1163265306122449    0.1163265306122449 
 -19501.487228813454 -2963.9151734659968   359.90816326530614   0.12857142857142856 
  -18395.46933787874  -4067.005071403761    359.9204081632653   0.12857142857142856 
   -17293.3264681641  -5164.374482841392   359.93265306122447   0.12857142857142856 
 -16194.808381331879  -6256.265596277068   359.94489795918366   0.12857142857142856 
 -15099.663728964737  -7342.924880114901   359.95714285714286   0.12857142857142856 
 -14007.640052346485  -8424.603082898258   359.96938775510205   0.12857142857142856 
 -12918.483782237034  -9501.555233492618   359.98163265306124   0.12857142857142856 
 -11831.940238634428  -10574.04064133331   359.99387755102043   0.12857142857142856 
 -10747.753630556275 -11642.322896656677 0.006122448979591855   0.12857142857142856 
   -9665.66705578367 -12706.669870752574  0.01836734693877551   0.12857142857142856 
  -8585.422500645172 -13767.353716194297 0.030612244897959162   0.12857142857142856 
  -7506.760839772237 -14824.650867115572  0.04285714285714287   0.12857142857142856 
   -6429.42183585584 -15878.842039467248 0.055102040816326525   0.12857142857142856 
  -5353.144139405021 -16930.212231289912  0.06734693877551018   0.12857142857142856 
  -4277.665288506852 -17979.050723007193  0.07959183673469389   0.12857142857142856 
 -3202.7217085745756   -19025.6510777012  0.09183673469387754   0.12857142857142856 
 -2128.0487121028314  -20070.31114142107   0.1040816326530612   0.12857142857142856 
 -19458.868769032364  -5112.996519823708    359.9204081632653    0.1408163265306122 
   -18356.0199637122  -6207.858507870123   359.93265306122447    0.1408163265306122 
  -17256.88776494767  -7297.338014393974   359.94489795918366    0.1408163265306122 
 -16161.220489179099  -8381.682747074647   359.95714285714286    0.1408163265306122 
 -15068.765342587605  -9461.144693784549   359.96938775510205    0.1408163265306122 
 -13979.268420913935 -10535.980122793699   359.98163265306124    0.1408163265306122 
 -12892.474709183338 -11606.449583001448   359.99387755102043    0.1408163265306122 
  -11808.12808150229 -12672.817904176682 0.006122448979591855    0.1408163265306122 
 -10725.971300801559  -13735.35419721239  0.01836734693877551    0.1408163265306122 
  -9645.746018618976 -14794.331854358115 0.030612244897959162    0.1408163265306122 
   -8567.19277485404 -15850.028549498953  0.04285714285714287    0.1408163265306122 
  -7490.050997516334 -16902.726238398987 0.055102040816326525    0.1408163265306122 
  -6414.059002502038 -17952.711159010225  0.06734693877551018    0.1408163265306122 
  -5338.953993332322 -19000.273831724477  0.07959183673469389    0.1408163265306122 
  -4264.472060916757  -20045.70905968668  0.09183673469387754    0.1408163265306122 
 -19417.856556345992  -7247.482012293694   359.93265306122447   0.15306122448979592 
 -18318.019685715044  -8334.640837475992   359.94489795918366   0.15306122448979592 
 -17221.739682672902  -9416.763594966953   359.95714285714286   0.15306122448979592 
 -16128.763418285884 -10494.103512012065   359.96938775510205   0.15306122448979592 
 -15038.836653220971 -11566.918096310053   359.98163265306124   0.15306122448979592 
 -13951.704037503616 -12635.469136263753   359.99387755102043   0.15306122448979592 
   -12867.1091103007 -13700.022701217005 0.006122448979591855   0.15306122448979592 
 -11784.794299658626 -14760.849141706312  0.01836734693877551   0.15306122448979592 
 -10704.500922287207 -15818.223089693538 0.030612244897959162   0.15306122448979592 
  -9625.969183318584 -16872.423458850935  0.04285714285714287   0.15306122448979592 
  -8548.938176060226  -17923.73344481936 0.055102040816326525   0.15306122448979592 
  -7473.145881753059 -18972.440525485887  0.06734693877551018   0.15306122448979592 
  -6398.329169328887  -20018.83646127552  0.07959183673469389   0.15306122448979592 
  -20479.13911379826  -8283.559013190714   359.93265306122447   0.16530612244897958 
  -19378.50667609041  -9368.489322369802   359.94489795918366   0.16530612244897958 
  -18281.52350669614 -10448.483920471754   359.95714285714286   0.16530612244897958 
 -17187.936141521062  -11523.79727414404   359.96938775510205   0.16530612244897958 
 -16097.490006133372 -12594.688130554887   359.98163265306124   0.16530612244897958 
 -15009.929415524852 -13661.419517649463   359.99387755102043   0.16530612244897958 
  -13924.99757388126 -14724.258744379149 0.006122448979591855   0.16530612244897958 
 -12842.436574332201 -15783.477400963286  0.01836734693877551   0.16530612244897958 
  -11761.98739873296 -16839.351359125325 0.030612244897959162   0.16530612244897958 
  -10683.38991741401  -17892.16077236767  0.04285714285714287   0.16530612244897958 
  -9606.382888943514  -18942.19007624339 0.055102040816326525   0.16530612244897958 
  -8530.703959880853  -19989.72798863151  0.06734693877551018   0.16530612244897958 
 -20438.655117624592 -10399.204348090057   359.94489795918366   0.17755102040816323 
 -19340.878007549447 -11477.165842473145   359.95714285714286   0.17755102040816323 
   -18246.5892233992 -12550.549338995574   359.96938775510205   0.17755102040816323 
 -17155.533855616108 -13619.614824336064   359.98163265306124   0.17755102040816323 
 -16067.455884120727  -14684.62656601831   359.99387755102043   0.17755102040816323 
  -14982.09817808449 -15745.853112641054 0.006122448979591855   0.17755102040816323 
  -13899.20249568548  -16803.56729414654  0.01836734693877551   0.17755102040816323 
 -12818.509483889324  -17858.04622205883 0.030612244897959162   0.17755102040816323 
 -11739.758678198843 -18909.571289763426  0.04285714285714287   0.17755102040816323 
 -10662.688502405324   -19958.4281727641 0.055102040816326525   0.17755102040816323 
 -20400.113080912513 -12503.137102421624   359.95714285714286   0.18979591836734694 
 -19305.032224369188 -13574.688687990601   359.96938775510205   0.18979591836734694 
  -18213.27742693953 -14642.028399112849   359.98163265306124   0.18979591836734694 
 -17124.592333433877 -15705.421742925131   359.99387755102043   0.18979591836734694 
 -16038.719477980698 -16765.138507717733 0.006122448979591855   0.18979591836734694 
 -14955.400283774732 -17821.452763199886  0.01836734693877551   0.18979591836734694 
 -13874.375062857656 -18874.642860739572 0.030612244897959162   0.18979591836734694 
 -12795.383015864745 -19924.991433640043  0.04285714285714287   0.18979591836734694 
 -20363.578554551816 -14596.549925532257   359.96938775510205   0.20204081632653065 
 -19271.033795005857 -15662.264699365087   359.98163265306124   0.20204081632653065 
  -18181.65150320915 -16724.142132996407   359.99387755102043   0.20204081632653065 
 -17095.173878213467 -17782.453254449825 0.006122448979591855   0.20204081632653065 
 -16011.342008195063 -18837.473373243047  0.01836734693877551   0.20204081632653065 
 -14929.895870235752  -19889.48208062861 0.030612244897959162   0.20204081632653065 
 -20329.119884696956  -16680.66519298411   359.98163265306124   0.21428571428571425 
 -19238.949983134724  -17741.13044431757   359.99387755102043   0.21428571428571425 
 -18151.777633329708 -18798.141301181335 0.006122448979591855   0.21428571428571425 
  -17067.34358840609 -19851.974312944192  0.01836734693877551   0.21428571428571425 
 -20296.808213179396  -18756.73500882093   359.99387755102043   0.22653061224489796 
 -19208.850848122398 -19812.552220153615 0.006122448979591855   0.22653061224489796 
