\ This script generates Case-3 astrometry challenges. The telescope used in this
\ challenge is affected by distortion. Artificial sources tiled in a grid
\ pattern are generated. A list of source positions on the focal plane and
\ original ICRS coordinates is provided. Solve the position angle and distortion
\ parameters.
\pointing_ra=0.0
\pointing_dec=0.0
\position_angle=134.8344427850505
\sip_c[0,2]=8.37123876600413e-16
\sip_c[1,1]=-1.7426344020705448e-15
\sip_c[1,2]=-1.5755094215344433e-15
\sip_c[2,0]=-1.7141404972624245e-15
\sip_c[2,1]=-2.7722485132413146e-15
\sip_c[2,2]=-7.837647038080803e-15
\sip_d[0,2]=-4.571627992847583e-15
\sip_d[1,1]=-2.227220511357517e-15
\sip_d[1,2]=-2.1100314051222216e-15
\sip_d[2,0]=-6.418861968228718e-15
\sip_d[2,1]=-1.8884248827727525e-15
\sip_d[2,2]=1.7931614007378246e-15
|                  x|                  y|                  ra|                  dec|
|             double|             double|              double|               double|
|                   |                   |                    |                     |
|               null|               null|                null|                 null|
   19659.93578466648   20105.75509864115 0.006122448979591855  -0.22653061224489796 
  17722.781300767245  20050.534797703953   359.99387755102043  -0.21428571428571427 
    18824.1901219803  18943.858394403785 0.006122448979591855  -0.21428571428571427 
  19939.744472895414  17833.946937623376  0.01836734693877551  -0.21428571428571427 
  15756.035351122116  20002.087416659884   359.98163265306124   -0.2020408163265306 
  16844.617276729794   18898.34437541484   359.99387755102043   -0.2020408163265306 
    17945.7935317771   17791.72117961208 0.006122448979591855   -0.2020408163265306 
  19059.537663832463  16682.223803488374  0.01836734693877551   -0.2020408163265306 
   20185.54465560622  15569.921953640314 0.030612244897959162   -0.2020408163265306 
  13759.640383729866   19960.42589133782   359.96938775510205  -0.18979591836734694 
   14838.64852236008   18858.87201187499   359.98163265306124  -0.18979591836734694 
  15928.510854596449  17754.836103014382   359.99387755102043  -0.18979591836734694 
  17029.481104006583  16648.260038026783 0.006122448979591855  -0.18979591836734694 
  18141.534427980332   15539.14942283348  0.01836734693877551  -0.18979591836734694 
  19264.367417703324  14427.573596031438 0.030612244897959162  -0.18979591836734694 
  20397.398097629393  13313.665629008472  0.04285714285714287  -0.18979591836734694 
  11733.538732095829   19925.56318374675   359.95714285714286  -0.17755102040816326 
  12806.229432015383  18825.453524610515   359.96938775510205  -0.17755102040816326 
  13887.845250086784  17723.303188402344   359.98163265306124  -0.17755102040816326 
  14978.920088879999  16618.989946723083   359.99387755102043  -0.17755102040816326 
    16079.7092830561  15512.455304243207 0.006122448979591855  -0.17755102040816326 
  17190.189599895828  14403.704498566316  0.01836734693877551  -0.17755102040816326 
  18310.059239117327  13292.806500266452 0.030612244897959162  -0.17755102040816326 
   19438.73783251228  12179.894013000247  0.04285714285714287  -0.17755102040816326 
   9677.672619661025   19897.51228108022   359.94489795918366  -0.16530612244897958 
  10747.305473081065   18798.10115864415   359.95714285714286  -0.16530612244897958 
  11823.745425454037    17697.1339395558   359.96938775510205  -0.16530612244897958 
  12907.806561677884  16594.424293005122   359.98163265306124  -0.16530612244897958 
  14000.024396592637  15489.849621731464   359.99387755102043  -0.16530612244897958 
  15100.655875897963  14383.351061818199 0.006122448979591855  -0.16530612244897958 
   16209.67937668107  13274.933482552133  0.01836734693877551  -0.16530612244897958 
   17326.79470739105  12164.665486464224 0.030612244897959162  -0.16530612244897958 
  18451.423107263006  11052.679409437444  0.04285714285714287  -0.16530612244897958 
  19582.707245315723   9939.171320942203 0.055102040816326525  -0.16530612244897958 
    7591.98416416659  19876.286194727894   359.93265306122447  -0.15306122448979592 
   8661.822011283446   18776.82718224833   359.94489795918366  -0.15306122448979592 
   9736.159990336177  17676.339882587952   359.95714285714286  -0.15306122448979592 
  10816.092372106135   16574.57386169552   359.96938775510205  -0.15306122448979592 
  11902.434854687752  15471.342419676217   359.98163265306124  -0.15306122448979592 
  12995.724564967639  14366.522590450491   359.99387755102043  -0.15306122448979592 
   14096.22005964059  13260.055141526798 0.006122448979591855  -0.15306122448979592 
  15203.901325662673   12151.94457387885  0.01836734693877551  -0.15306122448979592 
  16318.469780238369    11042.2591219694 0.030612244897959162  -0.15306122448979592 
  17439.348270273997   9931.130753863636  0.04285714285714287  -0.15306122448979592 
  18565.681071336196   8818.755171472887 0.055102040816326525  -0.15306122448979592 
  19696.333886103108  7705.3918109054275  0.06734693877551018  -0.15306122448979592 
   5476.415382100486  19861.897959239697    359.9204081632653  -0.14081632653061224 
   6549.724314895737  18761.643886013495   359.93265306122447  -0.14081632653061224 
   7625.037460649629  17660.932565050738   359.94489795918366  -0.14081632653061224 
   8703.729279831812  16559.449458206775   359.95714285714286  -0.14081632653061224 
   9786.895657242114  15456.943762163663   359.96938775510205  -0.14081632653061224 
   10875.35390386283  14353.228408009725   359.98163265306124  -0.14081632653061224 
  11969.642758534403  13248.180060883846   359.99387755102043  -0.14081632653061224 
  13070.022388806796   12141.73911973388 0.006122448979591855  -0.14081632653061224 
   14176.47439151576  11033.909717215638  0.01836734693877551  -0.14081632653061224 
  15288.701792745236   9924.759719708207 0.030612244897959162  -0.14081632653061224 
  16406.129047214774    8814.42072741855  0.04285714285714287  -0.14081632653061224 
  17527.902037327676    7703.08807463485 0.055102040816326525  -0.14081632653061224 
  18652.888071604695   6591.020830071876  0.06734693877551018  -0.14081632653061224 
  19779.675882578747   5478.541797349027  0.07959183673469389  -0.14081632653061224 
    3330.90819307038   19854.36063131722   359.90816326530614  -0.12857142857142856 
    4410.95755884999   18752.56358186393    359.9204081632653  -0.12857142857142856 
   5490.326262511025  17650.923555049045   359.93265306122447  -0.12857142857142856 
   6570.668958332166  16549.061907689946   359.94489795918366  -0.12857142857142856 
   7653.361721356233  15446.663732231957   359.95714285714286  -0.12857142857142856 
   8739.502049988021  14343.477856192643   359.96938775510205  -0.12857142857142856 
   9829.908867910519  13239.316841692713   359.98163265306124  -0.12857142857142856 
  10925.122525735544  12134.056985114694   359.99387755102043  -0.12857142857142856 
  12025.404801787912  11027.638316877747 0.006122448979591855  -0.12857142857142856 
   13130.73890283415   9920.064601315098  0.01836734693877551  -0.12857142857142856 
   14240.82946385863   8811.403336693942 0.030612244897959162  -0.12857142857142856 
  15355.102547628623   7701.785755328577  0.04285714285714287  -0.12857142857142856 
  16472.705643637335   6591.406823822388 0.055102040816326525  -0.12857142857142856 
  17592.507666566114   5480.525243418498  0.06734693877551018  -0.12857142857142856 
  18713.098954182762   4369.463450474858  0.07959183673469389  -0.12857142857142856 
  19832.791264818126  3258.6076170488113  0.09183673469387754  -0.12857142857142856 
   1155.404424230621  19853.687288834328   359.89591836734695   -0.1163265306122449 
  2245.4668289578635  18749.598602121132   359.90816326530614   -0.1163265306122449 
  3331.9747362034996  17646.324440318567    359.9204081632653   -0.1163265306122449 
   4416.862998373118   16543.42205420102   359.93265306122447   -0.1163265306122449 
   5501.787884748877  15440.512431088206   359.94489795918366   -0.1163265306122449 
   6588.127084523017  14337.280294124228   359.95714285714286   -0.1163265306122449 
   7676.979709395738  13233.474101719345   359.96938775510205   -0.1163265306122449 
   8769.166295524943  12128.906047090917   359.98163265306124   -0.1163265306122449 
    9865.22880504109  11023.452057908604   359.99387755102043   -0.1163265306122449 
  10965.430627096492   9917.051796076494 0.006122448979591855   -0.1163265306122449 
  12069.756578282875    8809.70865759892  0.01836734693877551   -0.1163265306122449 
  13177.912902620941    7701.48977261656 0.030612244897959162   -0.1163265306122449 
  14289.327271113156    6592.52600550834  0.04285714285714287   -0.1163265306122449 
    15403.1487805713    5483.01195513268 0.055102040816326525   -0.1163265306122449 
  16518.247952216458   4373.205955182354  0.06734693877551018   -0.1163265306122449 
  17633.216729455686  3263.4300746550516  0.07959183673469389   -0.1163265306122449 
  18746.368475476163   2154.070118440993  0.09183673469387754   -0.1163265306122449 
  19855.737970097176   1045.575628023762   0.1040816326530612   -0.1163265306122449 
 -1050.1541852358737   19859.89102977826   359.88367346938776  -0.10408163265306122 
   53.19712602548887  18752.761298553934   359.89591836734695  -0.10408163265306122 
  1149.9311400303025  17647.146827347766   359.90816326530614  -0.10408163265306122 
  2242.2629118399354    16542.5407598649    359.9204081632653  -0.10408163265306122 
  3332.1289091315666  15438.499977316107   359.93265306122447  -0.10408163265306122 
  4421.1870156855875  14334.645097631868   359.94489795918366  -0.10408163265306122 
   5510.816534448644   13230.66047476604   359.95714285714286  -0.10408163265306122 
   6602.118190096897  12126.294198095768   359.96938775510205  -0.10408163265306122 
   7695.914130968264  11021.358091986096   359.98163265306124  -0.10408163265306122 
   8792.747930611644   9915.727715432633   359.99387755102043  -0.10408163265306122 
   9892.884588836281   8809.342361838892 0.006122448979591855  -0.10408163265306122 
  10996.310532131834    7702.20505888854  0.01836734693877551  -0.10408163265306122 
  12102.733613672397   6594.382568568493 0.030612244897959162  -0.10408163265306122 
  13211.583112787821    5486.00538728176  0.04285714285714287  -0.10408163265306122 
  14322.009733969073   4377.267746084141 0.055102040816326525  -0.10408163265306122 
  15432.885605208396   3268.427611037008  0.06734693877551018  -0.10408163265306122 
  16542.804276082636     2159.8066836808  0.07959183673469389  -0.10408163265306122 
  17650.080715131695  1051.7904016194755  0.09183673469387754  -0.10408163265306122 
  18752.751306737966  -55.17206077884981   0.1040816326530612  -0.10408163265306122 
   19848.57384761608 -1160.5677915549015   0.1163265306122449  -0.10408163265306122 
 -3285.8259797757823  19872.984971278336   359.87142857142857  -0.09183673469387754 
  -2165.906629862194  18762.064041405323   359.88367346938776  -0.09183673469387754 
  -1055.856345709001  17653.402340481112   359.89591836734695  -0.09183673469387754 
    46.8201353334367   16546.42890400498   359.90816326530614  -0.09183673469387754 
  1144.3394837195171  15440.636506093215    359.9204081632653  -0.09183673469387754 
   2238.639781824394  14335.581658538247   359.93265306122447  -0.09183673469387754 
    3331.38052745056  13230.884609995668   359.94489795918366  -0.09183673469387754 
   4423.942636858802  12126.229345318634   359.95714285714286  -0.09183673469387754 
   5517.428447348813   11021.36358492879   359.96938775510205  -0.09183673469387754 
   6612.661719197121   9916.098784398586   359.98163265306124  -0.09183673469387754 
   7710.187637253231   8810.310134088279   359.99387755102043  -0.09183673469387754 
   8810.272811869456  7703.9365589151175 0.006122448979591855  -0.09183673469387754 
    9912.90527944646   6596.980718242179  0.01836734693877551  -0.09183673469387754 
  11017.794502361845  5489.5090058809365 0.030612244897959162  -0.09183673469387754 
  12124.371368528833   4381.651550220646  0.04285714285714287  -0.09183673469387754 
  13231.788190255087  3273.6022144522435 0.055102040816326525  -0.09183673469387754 
  14338.918702800853   2165.618596930281  0.06734693877551018  -0.09183673469387754 
  15444.358062246949  1058.0220316375717  0.07959183673469389  -0.09183673469387754 
  16546.422842986554 -48.802411226785544  0.09183673469387754  -0.09183673469387754 
   17643.15103463695 -1154.4059245420426   0.1040816326530612  -0.09183673469387754 
   18732.30203842241 -2258.2759634559957   0.1163265306122449  -0.09183673469387754 
   19811.35666317892 -3359.8362444401787  0.12857142857142856  -0.09183673469387754 
  -5551.669382923413   19892.98224855068    359.8591836734694  -0.07959183673469389 
  -4411.899595246869  18777.519218449685   359.87142857142857  -0.07959183673469389 
  -3285.439614749907   17665.10262099739   359.88367346938776  -0.07959183673469389 
 -2169.5139661214694  16555.097382341497   359.89591836734695  -0.07959183673469389 
 -1061.6257713789407  15446.932168408823   359.90816326530614  -0.07959183673469389 
   40.44325466946352  14340.099383891544    359.9204081632653  -0.07959183673469389 
   1138.632808510656  13234.155171278051   359.93265306122447  -0.07959183673469389 
  2234.6040014156774  12128.719410088246   359.94489795918366  -0.07959183673469389 
   3329.739362610063  11023.475716159028   359.95714285714286  -0.07959183673469389 
   4425.142841643461   9918.171441031112   359.96938775510205  -0.07959183673469389 
  5521.6398105093485   8812.617671547332   359.98163265306124  -0.07959183673469389 
   6619.777065131493  7706.6892294631425   359.99387755102043  -0.07959183673469389 
   7719.822826376926  6600.3246712364735 0.006122448979591855  -0.07959183673469389 
   8821.766740539699   5493.526287899104  0.01836734693877551  -0.07959183673469389 
    9925.31987934204   4386.360105076027 0.030612244897959162  -0.07959183673469389 
  11029.914739377922   3278.955883095039  0.04285714285714287  -0.07959183673469389 
  12134.705241116904   2171.507117227461 0.055102040816326525  -0.07959183673469389 
   13238.56672734873  1064.2710380399762  0.06734693877551018  -0.07959183673469389 
  14340.095961118404 -42.431388137597686  0.07959183673469389  -0.07959183673469389 
  15437.611123203495 -1148.2154586313038  0.09183673469387754  -0.07959183673469389 
  16529.151809018633 -2252.6327337079883   0.1040816326530612  -0.07959183673469389 
   17612.47902504798 -3355.1710357705842   0.1163265306122449  -0.07959183673469389 
  18685.075184713973  -4455.254448416294  0.12857142857142856  -0.07959183673469389 
  19744.144103916115  -5552.243315388969   0.1408163265306122  -0.07959183673469389 
  -7847.742892892574  19919.896013897665    359.8469387755102   -0.0673469387755102 
  -6684.836999031172  18799.139234001163    359.8591836734694   -0.0673469387755102 
 -5538.8706309692425  17682.259326220417   359.87142857142857   -0.0673469387755102 
 -4406.7880953322465  16568.557106102086   359.88367346938776   -0.0673469387755102 
 -3285.8123017003068  15457.397130272919   359.89591836734695   -0.0673469387755102 
 -2173.4447575125323   14348.20769526007   359.90816326530614   -0.0673469387755102 
  -1067.465563531552   13240.48083648183    359.9204081632653   -0.0673469387755102 
   34.06659025811962  12133.772327279194   359.93265306122447   -0.0673469387755102 
  1132.8144281482384  11027.701678129188   359.94489795918366   -0.0673469387755102 
  2230.1620918056683   9921.952135948393   359.95714285714286   -0.0673469387755102 
   3327.215142763443   8816.270683489567   359.96938775510205   -0.0673469387755102 
   4424.800564465148   7710.468038910098   359.98163265306124   -0.0673469387755102 
   5523.466763753452   6604.418655405441   359.99387755102043   -0.0673469387755102 
   6623.483571920044  5498.0607209876425 0.006122448979591855   -0.0673469387755102 
   7724.842245171676   4391.396158358928  0.01836734693877551   -0.0673469387755102 
    8827.25546461718  3284.4906249330343 0.030612244897959162   -0.0673469387755102 
   9930.157335757798   2177.473512944125  0.04285714285714287   -0.0673469387755102 
   11032.70338744635  1070.5379496809398 0.055102040816326525   -0.0673469387755102 
  12133.770570379165  -36.05920215669726  0.06734693877551018   -0.0673469387755102 
   13231.95725498153 -1141.9973439935684  0.07959183673469389   -0.0673469387755102 
  14325.583228928625 -2246.8921407895546  0.09183673469387754   -0.0673469387755102 
  15412.689694035873 -3350.2955203412516   0.1040816326530612   -0.0673469387755102 
  16491.039262680082  -4451.695672463064   0.1163265306122449   -0.0673469387755102 
   17558.11595373823  -5550.517048054353  0.12857142857142856   -0.0673469387755102 
   18611.12518798748  -6646.120358046793   0.1408163265306122   -0.0673469387755102 
   19646.99378300961  -7737.802572236316  0.15306122448979592   -0.0673469387755102 
 -10174.105078098797   19953.73943568373   359.83469387755105 -0.055102040816326525 
  -8984.774138288401   18826.93650798852    359.8469387755102 -0.055102040816326525 
 -7816.2014243732465   17704.88412860384    359.8591836734694 -0.055102040816326525 
  -6665.051019290585  16586.819001204178   359.87142857142857 -0.055102040816326525 
  -5528.265614952416  15472.041571902731   359.88367346938776 -0.055102040816326525 
    -4403.0665066779  14359.916028007752   359.89591836734695 -0.055102040816326525 
  -3286.953588087052   13249.87029682238   359.90816326530614 -0.055102040816326525 
  -2177.705346567127  12141.396044643468    359.9204081632653 -0.055102040816326525 
 -1073.3788591715752    11034.0486757881   359.93265306122447 -0.055102040816326525 
   27.69021089987568   9927.447331816571   359.94489795918366 -0.055102040816326525 
   1126.887617359378    8821.27489082577   359.95714285714286 -0.055102040816326525 
    2225.32053337249   7715.277966846526   359.96938775510205 -0.055102040816326525 
  3323.8175535763926   6609.266909412636   359.98163265306124 -0.055102040816326525 
   4422.928695578368    5503.11580319691   359.99387755102043 -0.055102040816326525 
   5522.925401009006   4396.762467786855 0.006122448979591855 -0.055102040816326525 
   6623.800535986265   3290.208457554138  0.01836734693877551 -0.055102040816326525 
   7725.268391111189  2183.5190616813798 0.030612244897959162 -0.055102040816326525 
   8826.764680948732   1076.823304264456  0.04285714285714287 -0.055102040816326525 
    9927.44654301092  -29.68605544722107 0.055102040816326525 -0.055102040816326525 
  11026.192536199811 -1135.7525226983619  0.06734693877551018 -0.055102040816326525 
   12121.60263879031 -2241.0558667638343  0.07959183673469389 -0.055102040816326525 
  13211.998245856601 -3345.2121203601982  0.09183673469387754 -0.055102040816326525 
  14295.422166216718  -4447.773578945819   0.1040816326530612 -0.055102040816326525 
  15369.638618813437  -5548.228799904804   0.1163265306122449 -0.055102040816326525 
  16432.133228738334  -6646.002601612372  0.12857142857142856 -0.055102040816326525 
   17480.11302254412  -7740.456062384363   0.1408163265306122 -0.055102040816326525 
  18510.506423173065  -8830.886519311356  0.15306122448979592 -0.055102040816326525 
   19519.96324434923  -9916.527566972665  0.16530612244897958 -0.055102040816326525 
   -12530.8145726969   19994.52569731529   359.82244897959185  -0.04285714285714287 
 -11311.766374023753  18860.923474948817   359.83469387755105  -0.04285714285714287 
 -10117.484087151824   17732.98871483228    359.8469387755102  -0.04285714285714287 
  -8944.351565407207  16609.894007387014    359.8591836734694  -0.04285714285714287 
 -7789.0312775784805  15490.875686982707   359.87142857142857  -0.04285714285714287 
  -6648.464301800366  14375.233830525593   359.88367346938776  -0.04285714285714287 
  -5519.870319972696  13262.332256189216   359.89591836734695  -0.04285714285714287 
  -4400.747612657416  12151.598522227776   359.90816326530614  -0.04285714285714287 
 -3288.8730545431285  11042.523925973148    359.9204081632653  -0.04285714285714287 
  -2182.302110339913   9934.663502859676   359.93265306122447  -0.04285714285714287 
 -1079.3688312573988   8827.636025643991   359.94489795918366  -0.04285714285714287 
  21.314148056942905   7721.124003695377   359.95714285714286  -0.04285714285714287 
  1120.8556120601393   6614.873682399871   359.96938775510205  -0.04285714285714287 
  2220.0857663249276  5508.6950427321735   359.98163265306124  -0.04285714285714287 
  3319.5562390680216  4402.4618008726875   359.99387755102043  -0.04285714285714287 
   4419.540082167659   3296.111408002784 0.006122448979591855  -0.04285714285714287 
   5520.031771665918  2189.6450501675313  0.01836734693877551  -0.04285714285714287 
   6620.747207708007  1083.1276482959593 0.030612244897959162  -0.04285714285714287 
   7721.123714142867 -23.312141692872185  0.04285714285714287  -0.04285714285714287 
   8820.320037372123 -1129.4819286447703 0.055102040816326525  -0.04285714285714287 
   9917.216344871165 -2235.1255858324857  0.06734693877551018  -0.04285714285714287 
   11010.41422317524 -3339.9232504762435  0.07959183673469389  -0.04285714285714287 
  12098.236675262078  -4443.491323166938  0.09183673469387754  -0.04285714285714287 
  13178.728117530296  -5545.382467161446   0.1040816326530612  -0.04285714285714287 
  14249.654376242048 -6645.0856075672555   0.1163265306122449  -0.04285714285714287 
  15308.502683396904  -7742.025930415279  0.12857142857142856  -0.04285714285714287 
   16352.48167218743  -8835.564881597562   0.1408163265306122  -0.04285714285714287 
  17378.521371888914  -9925.000165709502  0.15306122448979592  -0.04285714285714287 
  18383.273202239245 -11009.565744771318  0.16530612244897958  -0.04285714285714287 
  19363.109967314977 -12088.431836816362  0.17755102040816323  -0.04285714285714287 
  20314.125848967284 -13160.704914384609  0.18979591836734694  -0.04285714285714287 
 -14917.930072089146  20042.267996209834   359.81020408163266 -0.030612244897959162 
 -13665.869126969304   18901.11258310095   359.82244897959185 -0.030612244897959162 
  -12442.77076968234  17766.584784890176   359.83469387755105 -0.030612244897959162 
 -11244.738617801719  16637.793077360722    359.8469387755102 -0.030612244897959162 
 -10068.154911239377  15513.909681800977    359.8591836734694 -0.030612244897959162 
  -8909.680505659091  14394.170563522397   359.87142857142857 -0.030612244897959162 
  -7766.254866343742  13277.875430427248   359.88367346938776 -0.030612244897959162 
  -6635.096062621872  12164.387731752653   359.89591836734695 -0.030612244897959162 
  -5513.700762759607   11053.13465688103   359.90816326530614 -0.030612244897959162 
  -4399.844229420963    9943.60713432992    359.9204081632653 -0.030612244897959162 
 -3291.5803155632443   8835.359830782918   359.93265306122447 -0.030612244897959162 
 -2187.2414609127636   7728.011150308958   359.94489795918366 -0.030612244897959162 
  -1085.438688902284   6621.243233650355   359.95714285714286 -0.030612244897959162 
  14.938395884883398   5514.801957625458   359.96938775510205 -0.030612244897959162 
  1114.7216097096161   4408.496934700689   359.98163265306124 -0.030612244897959162 
  2214.4641912119732  3302.2015126139745   359.99387755102043 -0.030612244897959162 
  3314.4408024486465   2195.852774154316 0.006122448979591855 -0.030612244897959162 
   4414.647529376244   1089.451537038279  0.01836734693877551 -0.030612244897959162 
   5514.801881830131  -16.93764607986561 0.030612244897959162 -0.030612244897959162 
   6614.342793017309 -1123.1864874933838  0.04285714285714287 -0.030612244897959162 
   7712.430618546618 -2229.1029642093713 0.055102040816326525 -0.030612244897959162 
   8807.947134808803  -3334.431317598306  0.06734693877551018 -0.030612244897959162 
   9899.495536983875  -4438.852052927461  0.07959183673469389 -0.030612244897959162 
  10985.400436510135   -5541.98193877706  0.09183673469387754 -0.030612244897959162 
  12063.707857974523  -6643.374006340801   0.1040816326530612 -0.030612244897959162 
  13132.185235573033  -7742.517548607346   0.1163265306122449 -0.030612244897959162 
  14188.321409045266  -8838.838119430173  0.12857142857142856 -0.030612244897959162 
  15229.326619030397  -9931.697532478809   0.1408163265306122 -0.030612244897959162 
  16252.132502108616  -11020.39386007038  0.15306122448979592 -0.030612244897959162 
   17253.39208497756 -12104.161431889937  0.16530612244897958 -0.030612244897959162 
  18229.479778581834 -13182.170833588129  0.17755102040816323 -0.030612244897959162 
   19176.49137129866 -14253.528905273863  0.18979591836734694 -0.030612244897959162 
   20090.24402190056  -15317.27873987246  0.20204081632653065 -0.030612244897959162 
  -17335.51032843427     20096.979542771   359.79795918367347  -0.01836734693877551 
 -16047.137873328438  18947.516293350327   359.81020408163266  -0.01836734693877551 
 -14792.113676565854   17805.68405118174   359.82244897959185  -0.01836734693877551 
 -13566.261113555389  16670.527175946692   359.83469387755105  -0.01836734693877551 
  -12365.68218935889  15541.153774503122    359.8469387755102  -0.01836734693877551 
  -11186.75753158245  14416.735699268544    359.8591836734694  -0.01836734693877551 
 -10026.146383771584  13296.508546715231   359.87142857142857  -0.01836734693877551 
  -8880.786599291772  12179.771655959184   359.88367346938776  -0.01836734693877551 
  -7747.894635746664  11065.888107494347   359.89591836734695  -0.01836734693877551 
  -6624.965549868199    9954.28472200434   359.90816326530614  -0.01836734693877551 
  -5509.772992972448   8844.452059347668    359.9204081632653  -0.01836734693877551 
 -4400.3692068585015   7735.944417597064   359.93265306122447  -0.01836734693877551 
 -3295.0850202729844   6628.379832243479   359.94489795918366  -0.01836734693877551 
  -2192.529845856355   5521.440075502285   359.95714285714286  -0.01836734693877551 
 -1091.5916775796138    4414.87065570445   359.96938775510205  -0.01836734693877551 
   8.562911268158546   3308.480816862208   359.98163265306124  -0.01836734693877551 
  1108.4887695700381   2202.143538306484   359.99387755102043  -0.01836734693877551 
   2208.462169492494  1095.7955344586887 0.006122448979591855  -0.01836734693877551 
  3308.4808068921166 -10.562745300282248  0.01836734693877551  -0.01836734693877551 
   4408.263801375216 -1116.8671166031488 0.030612244897959162  -0.01836734693877551 
   5507.251695728522 -2222.9896599982144  0.04285714285714287  -0.01836734693877551 
   6604.606454964266  -3328.738720711676 0.055102040816326525  -0.01836734693877551 
   7699.211464752798  -4433.858908289622  0.06734693877551018  -0.01836734693877551 
   8789.671529354746  -5538.031096146932  0.07959183673469389  -0.01836734693877551 
   9874.312869147541  -6640.872420965809  0.09183673469387754  -0.01836734693877551 
  10951.183117526745  -7741.936282013443   0.1040816326530612  -0.01836734693877551 
  12018.051317318355  -8840.712340317312   0.1163265306122449  -0.01836734693877551 
   13072.40791670293  -9936.626517731218  0.12857142857142856  -0.01836734693877551 
  14111.464764732935 -11029.040995890307   0.1408163265306122  -0.01836734693877551 
  15132.155106083605 -12117.254215049275  0.15306122448979592  -0.01836734693877551 
  16131.133575575896 -13200.500872793291  0.16530612244897958  -0.01836734693877551 
  17104.776191985657 -14277.951922641778  0.17755102040816323  -0.01836734693877551 
  18049.180351489485 -15348.714572541892  0.18979591836734694  -0.01836734693877551 
   18960.16482049474 -16411.832283224016  0.20204081632653065  -0.01836734693877551 
  19833.269727978615 -17466.284766465793  0.21428571428571425  -0.01836734693877551 
  -19783.61414614435   20158.67355934921    359.7857142857143 -0.006122448979591855 
 -18455.628140511064  19000.147078304373   359.79795918367347 -0.006122448979591855 
 -17165.565062612714  17850.298237593153   359.81020408163266 -0.006122448979591855 
 -15908.968038992538  16708.107279248106   359.82244897959185 -0.006122448979591855 
 -14681.658833612675  15572.618194265764   359.83469387755105 -0.006122448979591855 
 -13479.737840219192  14442.938720859944    359.8469387755102 -0.006122448979591855 
 -12299.584075203828  13318.240342817206    359.8591836734694 -0.006122448979591855 
   -11137.8551710193   12197.75828801397   359.87142857142857 -0.006122448979591855 
  -9991.487370043462  11080.791526990657   359.88367346938776 -0.006122448979591855 
  -8857.695519001672   9966.702771691014   359.89591836734695 -0.006122448979591855 
  -7733.973063854637   8854.918474274464   359.90816326530614 -0.006122448979591855 
 -6618.0920452461405   7744.928826094256    359.9204081632653 -0.006122448979591855 
  -5508.103094412599   6636.287756749138   359.93265306122447 -0.006122448979591855 
  -4402.335429625484   5528.612933267666   359.94489795918366 -0.006122448979591855 
  -3299.396853161293   4421.585759439449   359.95714285714286 -0.006122448979591855 
    -2198.1737487089  3314.9513751766585   359.96938775510205 -0.006122448979591855 
 -1097.8310793840617    2208.51865610234   359.98163265306124 -0.006122448979591855 
  2.1876138208319436  1102.1602131776956   359.99387755102043 -0.006122448979591855 
  1102.1602130416898  -4.187607530080281 0.006122448979591855 -0.006122448979591855 
  2202.0860240828974 -1110.5247249636525  0.01836734693877551 -0.006122448979591855 
  3301.6857763648586 -2216.7873230736395 0.030612244897959162 -0.006122448979591855 
   4400.401622436734 -3322.8478506994466  0.04285714285714287 -0.006122448979591855 
   5497.397137012682  -4428.515021341581 0.055102040816326525 -0.006122448979591855 
   6591.557315302171  -5533.533812804398  0.06734693877551018 -0.006122448979591855 
  7681.4885711553825   -6637.58546674115  0.07959183673469389 -0.006122448979591855 
   8765.518734368474   -7740.28748806114  0.09183673469387754 -0.006122448979591855 
   9841.697047713838  -8841.193644236933   0.1040816326530612 -0.006122448979591855 
  10907.794163327668  -9939.793964486069   0.1163265306122449 -0.006122448979591855 
  11961.302138665073  -11035.51473884094  0.12857142857142856 -0.006122448979591855 
   12999.43443192495 -12127.718517101055   0.1408163265306122 -0.006122448979591855 
  14019.125896926242  -13215.70410766724  0.15306122448979592 -0.006122448979591855 
  15017.032777530943  -14298.70657625756  0.16530612244897958 -0.006122448979591855 
  15989.532701554186 -15375.897244516309  0.17755102040816323 -0.006122448979591855 
   16932.72467410468 -16446.383688495967  0.18979591836734694 -0.006122448979591855 
  17842.429070464976  -17509.20973702649  0.20204081632653065 -0.006122448979591855 
  18714.187628501957 -18563.355469973005  0.21428571428571425 -0.006122448979591855 
   19543.26344045026 -19607.737216359663  0.22653061224489796 -0.006122448979591855 
 -19563.177228831053  17900.439078573792   359.79795918367347  0.006122448979591855 
  -18272.90842589629  16750.544373756504   359.81020408163266  0.006122448979591855 
  -17016.13061044766  15608.313180518455   359.82244897959185  0.006122448979591855 
 -15788.663936278981  14472.789121469243   359.83469387755105  0.006122448979591855 
 -14586.607187000624  13343.079566442337    359.8469387755102  0.006122448979591855 
 -13406.337768897552  12218.355630851569    359.8591836734694  0.006122448979591855 
 -12244.511704343879  11097.852174206293   359.87142857142857  0.006122448979591855 
 -11098.063625663672    9980.86779868612   359.88367346938776  0.006122448979591855 
  -9964.206769552035   8866.764847878887   359.89591836734695  0.006122448979591855 
  -8840.432971960401   7754.969405592789   359.90816326530614  0.006122448979591855 
  -7724.512663541175   6644.971294834942    359.9204081632653  0.006122448979591855 
  -6614.494865557665  5536.3240768599435   359.93265306122447  0.006122448979591855 
  -5508.707186322068   4428.645050360496   359.94489795918366  0.006122448979591855 
  -4405.755818157584  3321.6152507809393   359.95714285714286  0.006122448979591855 
  -3304.525534821464   2214.979449706034   359.96938775510205  0.006122448979591855 
  -2204.179689496459  1108.5461544239345   359.98163265306124  0.006122448979591855 
 -1104.1602132518665  2.1876075619212667   359.99387755102043  0.006122448979591855 
 -4.1876140249098865 -1104.1602131381362 0.006122448979591855  0.006122448979591855 
  1095.7390239003848  -2210.497594957105  0.01836734693877551  0.006122448979591855 
    2195.34203986618  -3316.761090171871 0.030612244897959162  0.006122448979591855 
  3294.0651963667833 -4422.8235159586675  0.04285714285714287  0.006122448979591855 
   4391.073678007692   -5528.49395414298 0.055102040816326525  0.006122448979591855 
   5485.254089982196  -6633.517750871176  0.06734693877551018  0.006122448979591855 
   6575.214456060543  -7737.576516132542  0.07959183673469389  0.006122448979591855 
   7659.284216004107   -8840.28812317399  0.09183673469387754  0.006122448979591855 
   8735.514222555843   -9941.20670781445   0.1040816326530612  0.006122448979591855 
   9801.676737849635  -11039.82266761843   0.1163265306122449  0.006122448979591855 
  10855.265429366422 -12135.562660966063  0.12857142857142856  0.006122448979591855 
  11893.495365301618 -13227.789606017786   0.1408163265306122  0.006122448979591855 
  12913.303009557083 -14315.802679532706  0.15306122448979592  0.006122448979591855 
  13911.346216066353 -15398.837315601399  0.16530612244897958  0.006122448979591855 
  14884.004222734507 -16476.065204236544  0.17755102040816323  0.006122448979591855 
  15827.377644828433  -17546.59428987434  0.18979591836734694  0.006122448979591855 
   16737.28846779391 -18609.468769733237  0.20204081632653065  0.006122448979591855 
  17609.280039685804 -19663.669092070344  0.21428571428571425  0.006122448979591855 
 -19369.143327546582  15648.248982117131   359.81020408163266   0.01836734693877551 
 -18113.578365292706   14506.29640361773   359.82244897959185   0.01836734693877551 
 -16887.255005901025  13371.034974527323   359.83469387755105   0.01836734693877551 
 -15686.270424025623  12241.571696564319    359.8469387755102   0.01836734693877551 
 -14507.000416954097  11117.077317027035    359.8591836734694   0.01836734693877551 
 -13346.099397995915   9996.786327287564   359.87142857142857   0.01836734693877551 
 -12200.500390356181   8879.996961379344   359.88367346938776   0.01836734693877551 
 -11067.415021548573   7766.071194728589   359.89591836734695   0.01836734693877551 
  -9944.333518277343   6654.434742965929   359.90816326530614   0.01836734693877551 
  -8829.024701886385   5544.577060910309    359.9204081632653   0.01836734693877551 
 -7719.5359842540065   4436.051341604301   359.93265306122447   0.01836734693877551 
  -6614.193364245465   3328.474515521926   359.94489795918366   0.01836734693877551 
  -5511.601424659948  2221.5272498660747   359.95714285714286   0.01836734693877551 
  -4410.643329655213  1114.9539479635969   359.96938775510205   0.01836734693877551 
  -3310.480822739131    8.56274882896743   359.98163265306124   0.01836734693877551 
  -2210.554225225493 -1097.7744732028245   359.99387755102043   0.01836734693877551 
  -1110.582435217713 -2204.1221087059107 0.006122448979591855   0.01836734693877551 
 -10.562927078085902 -3310.4808132871926  0.01836734693877551   0.01836734693877551 
  1089.2282485401342  -4416.787507576248 0.030612244897959162   0.01836734693877551 
   2188.236464244586  -5522.915377112771  0.04285714285714287   0.01836734693877551 
    3285.62851478657  -6628.673872128011 0.055102040816326525   0.01836734693877551 
   4380.292615670132  -7733.808707170359  0.06734693877551018   0.01836734693877551 
   5470.838401010472     -8838.001860663  0.07959183673469389   0.01836734693877551 
   6555.596921068085  -9940.871574315197  0.09183673469387754   0.01836734693877551 
   7632.620639131392 -11041.972352420848   0.1040816326530612   0.01836734693877551 
   8699.683428023363 -12140.794961047193   0.1163265306122449   0.01836734693877551 
    9754.28056596384 -13236.766427105465  0.12857142857142856   0.01836734693877551 
  10793.628732058787 -14329.250037298229   0.1408163265306122   0.01836734693877551 
  11814.666001195457  -15417.54533696623  0.15306122448979592   0.01836734693877551 
  12814.051838394347  -16500.88812879542  0.16530612244897958   0.01836734693877551 
  13788.167092768987 -17578.450471430668  0.17755102040816323   0.01836734693877551 
  14733.113990918344 -18649.340677955126  0.18979591836734694   0.01836734693877551 
  15644.716129725417  -19712.60331426942  0.20204081632653065   0.01836734693877551 
 -20454.523710320373  14543.470078406383   359.81020408163266  0.030612244897959162 
 -19201.566856034617   13402.11533257407   359.82244897959185  0.030612244897959162 
 -17977.689204727325  12267.414505754572   359.83469387755105  0.030612244897959162 
 -16778.986323304016  11138.474231837541    359.8469387755102  0.030612244897959162 
  -15601.83240114291  10014.464890246752    359.8591836734694  0.030612244897959162 
 -14442.880243518859    8894.62060445825   359.87142857142857  0.030612244897959162 
  -13299.06126544933   7778.239240570898   359.88367346938776  0.030612244897959162 
 -12167.585486114893   6664.682406042968   359.89591836734695  0.030612244897959162 
 -11045.941523737178   5553.375448502965   359.90816326530614  0.030612244897959162 
  -9931.896591029863   4443.807454735246    359.9204081632653  0.030612244897959162 
  -8823.496491082276  3335.5312497091873   359.93265306122447  0.030612244897959162 
  -7719.065613824552  2228.1633957954746   359.94489795918366  0.030612244897959162 
   -6617.20693295372  1121.3841920519385   359.95714285714286  0.030612244897959162 
  -5516.802003367163  14.937673626820931   359.96938775510205  0.030612244897959162 
  -4417.010959159605 -1091.3683886825827   359.98163265306124  0.030612244897959162 
  -3317.272512053063  -2197.662488793687   359.99387755102043  0.030612244897959162 
 -2217.3039504034127 -3304.0093855710147 0.006122448979591855  0.030612244897959162 
 -1117.1011386570892  -4410.410102956914  0.01836734693877551  0.030612244897959162 
 -16.938517367498534  -5516.801929946057 0.030612244897959162  0.030612244897959162 
  1082.6308963109789 -6623.0584204925435  0.04285714285714287  0.030612244897959162 
  2180.7755076091785  -7728.989393271234 0.055102040816326525  0.030612244897959162 
  3276.3851426035544  -8834.340931321263  0.06734693877551018  0.030612244897959162 
   4368.071046237985  -9938.795381601441  0.07959183673469389  0.030612244897959162 
   5454.165879715733 -11041.971354389525  0.09183673469387754  0.030612244897959162 
  6532.7237175244945 -12143.423722594041   0.1040816326530612  0.030612244897959162 
  7601.5200438035245 -13242.643620942112   0.1163265306122449  0.030612244897959162 
   8658.051748334146 -14339.058445046376  0.12857142857142856  0.030612244897959162 
   9699.537121933516 -15432.031850349304   0.1408163265306122  0.030612244897959162 
  10722.915851390733   -16520.8637509836  0.15306122448979592  0.030612244897959162 
  11724.849013876157  -17604.79031846495  0.16530612244897958  0.030612244897959162 
  12701.719070796682 -18682.983980318266  0.17755102040816323  0.030612244897959162 
  13649.629861252572 -19754.553418554387  0.18979591836734694  0.030612244897959162 
  -20280.63021379913    12295.8920869199   359.82244897959185   0.04285714285714287 
 -19060.502273404523  11162.050202926906   359.83469387755105   0.04285714285714287 
  -17865.29223501046  10033.910028274715    359.8469387755102   0.04285714285714287 
 -16691.372681210956   8910.641574778605    359.8591836734694   0.04285714285714287 
 -15535.394810250236   7791.478598241907   359.87142857142857   0.04285714285714287 
 -14394.288429897633   6675.718597045589   359.88367346938776   0.04285714285714287 
 -13265.261951850003   5562.722810874288   359.89591836734695   0.04285714285714287 
 -12145.802386610125   4451.916219529312   359.90816326530614   0.04285714285714287 
 -11033.675338943647  3342.7875419162906    359.9204081632653   0.04285714285714287 
  -9926.925003747674   2234.889235068995   359.93265306122447   0.04285714285714287 
   -8823.87416252134  1127.8374933683324   359.94489795918366   0.04285714285714287 
 -7723.1241802918585  21.312247826298787   359.95714285714286   0.04285714285714287 
  -6623.555003039183 -1084.9428345073738   359.96938775510205   0.04285714285714287 
  -5524.325155690081  -2191.120350994875   359.98163265306124   0.04285714285714287 
  -4424.871740561158  -3297.349163770733   359.99387755102043   0.04285714285714287 
  -3324.910436336477 -4403.6943999685245 0.006122448979591855   0.04285714285714287 
 -2224.4354975479896  -5510.157451861274  0.01836734693877551   0.04285714285714287 
  -1123.719754575745  -6616.675976830926 0.030612244897959162   0.04285714285714287 
 -23.314614146439347  -7723.123897283174  0.04285714285714287   0.04285714285714287 
  1075.9499396654799  -8829.311400395727 0.055102040816326525   0.04285714285714287 
   2172.965343892695  -9934.984937780388  0.06734693877551018   0.04285714285714287 
   3266.344454685934 -11039.827225019728  0.07959183673469389   0.04285714285714287 
   4354.421544750951  -12143.45724107729  0.09183673469387754   0.04285714285714287 
    5435.25230030505   -13245.4302276189   0.1040816326530612   0.04285714285714287 
   6506.613817522675  -14345.23768817974   0.1163265306122449   0.04285714285714287 
   7566.004598486274 -15442.307387242727  0.12857142857142856   0.04285714285714287 
   8610.644546580459 -16536.003349202518   0.1408163265306122   0.04285714285714287 
   9637.474961455931 -17625.625857179064  0.15306122448979592   0.04285714285714287 
  10643.158533380272  -18710.41145176104  0.16530612244897958   0.04285714285714287 
   11624.07933721518  -19789.53292960232  0.17755102040816323   0.04285714285714287 
  -20136.50853196463  10055.128289502361   359.83469387755105  0.055102040816326525 
 -18946.004088508646   8928.065677534214    359.8469387755102  0.055102040816326525 
 -17776.438795874477   7805.794330478092    359.8591836734694  0.055102040816326525 
 -16624.462246316652   6687.547636708764   359.87142857142857  0.055102040816326525 
 -15487.002641272264   5572.622727094604   359.88367346938776  0.055102040816326525 
 -14361.266785819025   4460.380473747065   359.89591836734695  0.055102040816326525 
 -13244.740083506535  3350.2454888153147   359.90816326530614  0.055102040816326525 
  -12135.18653182605    2241.70612347896    359.9204081632653  0.055102040816326525 
  -11030.64871808136  1134.3144669738692   359.93265306122447  0.055102040816326525 
  -9929.447815852087   27.68634580762098   359.94489795918366  0.055102040816326525 
  -8830.183581920186 -1078.4986769526267   359.95714285714286  0.055102040816326525 
  -7731.734353691303 -2184.4973022853137   359.96938775510205  0.055102040816326525 
  -6633.257047181959 -3290.5024956470525   359.98163265306124  0.055102040816326525 
  -5534.187155469714 -4396.6434873489525   359.99387755102043  0.055102040816326525 
  -4434.238747662981  -5502.985772777805 0.006122448979591855  0.055102040816326525 
 -3333.4044683778134  -6609.531112536804  0.01836734693877551  0.055102040816326525 
 -2231.9555377372485  -7716.217532414378 0.030612244897959162  0.055102040816326525 
 -1130.4417518705284  -8822.919323301785  0.04285714285714287  0.055102040816326525 
 -29.691483913985394  -9929.447040939533 0.055102040816326525  0.055102040816326525 
  1069.1883144658245  -11035.54750558984  0.06734693877551018  0.055102040816326525 
  2164.8121110567135 -12140.903801550672  0.07959183673469389  0.055102040816326525 
    3255.51579054656 -13245.135276601035  0.09183673469387754  0.055102040816326525 
   4339.356651494912 -14347.797541283917   0.1040816326530612  0.055102040816326525 
   5414.113402796371 -15448.382468104226   0.1163265306122449  0.055102040816326525 
   6477.286159567977 -16546.318190598016  0.12857142857142856  0.055102040816326525 
   7526.096438639161 -17640.969102278923   0.1408163265306122  0.055102040816326525 
   8557.487153402973  -18731.63585549355  0.15306122448979592  0.055102040816326525 
   9568.122608315503  -19817.55536012601  0.16530612244897958  0.055102040816326525 
 -20022.216393831757   7821.191507248218    359.8469387755102   0.06734693877551018 
  -18858.12686434429   6700.173853141513    359.8591836734694   0.06734693877551018 
 -17711.180280142304    5583.07878382199   359.87142857142857   0.06734693877551018 
  -16578.30323729911   4469.203062872831   359.88367346938776   0.06734693877551018 
 -15456.700935096349  3357.9071950160505   359.89591836734695   0.06734693877551018 
 -14343.857170904055  2248.6154249271463   359.90816326530614   0.06734693877551018 
 -13237.534335625729  1140.8157362173615    359.9204081632653   0.06734693877551018 
  -12135.77340956664  34.059850460879375   359.93265306122447   0.06734693877551018 
 -11036.893958900813 -1072.0367735905631   359.94489795918366   0.06734693877551018 
  -9939.494132589387 -2177.7949407212895   359.95714285714286   0.06734693877551018 
  -8842.450659805017 -3283.4717198526278   359.96938775510205   0.06734693877551018 
  -7744.918847914897  -4389.260444481895   359.98163265306124   0.06734693877551018 
   -6646.33258092781  -5495.290713056167   359.99387755102043   0.06734693877551018 
  -5546.404318463155  -6601.628389194253 0.006122448979591855   0.06734693877551018 
  -4445.125095224859  -7708.275601828109  0.01836734693877551   0.06734693877551018 
  -3342.764520998357  -8815.170745172476 0.030612244897959162   0.06734693877551018 
 -2239.8707811481954  -9922.188478641408  0.04285714285714287   0.06734693877551018 
 -1137.2706376170192 -11029.139726604455 0.055102040816326525   0.06734693877551018 
 -36.069430442157554 -12135.771678033976  0.06734693877551018   0.06734693877551018 
  1062.3489202299156 -13241.767786058457  0.07959183673469389   0.06734693877551018 
   2156.321911556604 -14346.747767373201  0.09183673469387754   0.06734693877551018 
  3243.9084550775706 -15450.267601538106   0.1040816326530612   0.06734693877551018 
   4322.888873012823 -16551.819530185603   0.1163265306122449   0.06734693877551018 
    5390.76489432932 -17650.832056071464  0.12857142857142856   0.06734693877551018 
   6444.759650109287 -18746.669942038214   0.1408163265306122   0.06734693877551018 
   7481.817668468032  -19838.63420985591  0.15306122448979592   0.06734693877551018 
 -19937.811588324254   5594.094574958371    359.8591836734694   0.07959183673469389 
 -18796.925222489906   4478.386839907044   359.87142857142857   0.07959183673469389 
 -17669.568137847025  3365.7747728480804   359.88367346938776   0.07959183673469389 
  -16552.94392875314   2255.618511316094   359.89591836734695   0.07959183673469389 
 -15444.534787159673  1147.3419326859905   359.90816326530614   0.07959183673469389 
 -14342.101498064172   40.43265315690586    359.9204081632653   0.07959183673469389 
 -13243.683435365028 -1065.5579732245003   359.93265306122447   0.07959183673469389 
   -12147.5985583544 -2171.0148553425934   359.94489795918366   0.07959183673469389 
  -11052.44340858966  -3276.259165734417   359.95714285714286   0.07959183673469389 
  -9957.093107358229  -4381.548341187674   359.96938775510205   0.07959183673469389 
   -8860.70135363546  -5487.076083180622   359.98163265306124   0.07959183673469389 
  -7762.700422534985   -6592.97235825663   359.99387755102043   0.07959183673469389 
 -6662.8011642757965  -7699.303398246633 0.006122448979591855   0.07959183673469389 
  -5560.993003653219    -8806.0717004107  0.01836734693877551   0.07959183673469389 
  -4457.543940033626  -9913.216027408256 0.030612244897959162   0.07959183673469389 
  -3353.000547851437  -11020.61140721696  0.04285714285714287   0.07959183673469389 
  -2248.187977602301  -12128.06913287899 0.055102040816326525   0.07959183673469389 
 -1144.2099573636847 -13235.336762173078  0.06734693877551018   0.07959183673469389 
 -42.448794812018726  -14342.09811714538  0.07959183673469389   0.07959183673469389 
   1055.434620249136 -15447.973283518382  0.09183673469387754   0.07959183673469389 
  2147.5008128320837 -16552.518610017756   0.1040816326530612   0.07959183673469389 
   3231.531719253854  -17655.22670754431   0.1163265306122449   0.07959183673469389 
   4305.030683047399 -18755.526448254226  0.12857142857142856   0.07959183673469389 
   5365.222450371542  -19852.78296450653   0.1408163265306122   0.07959183673469389 
  -19883.35196895733  3373.8503422193826   359.87142857142857   0.09183673469387754 
 -18762.453847486322  2262.7167623907267   359.88367346938776   0.09183673469387754 
 -17651.653880415663  1153.8936961507686   359.89591836734695   0.09183673469387754 
  -16548.43265505625  46.804653751853344   359.90816326530614   0.09183673469387754 
 -15450.549351165811 -1059.0631158687413    359.9204081632653   0.09183673469387754 
 -14356.041736862748  -2164.158626046658   359.93265306122447   0.09183673469387754 
 -13263.226165033317 -3268.8671531893906   359.94489795918366   0.09183673469387754 
  -12170.69757028721  -4373.510237488426   359.95714285714286   0.09183673469387754 
 -11077.329466362182  -5478.345683519166   359.96938775510205   0.09183673469387754 
  -9982.273944100825  -6583.567560681871   359.98163265306124   0.09183673469387754 
  -8884.961669894386  -7689.306203575768   359.99387755102043   0.09183673469387754 
  -7785.101884650887   -8795.62821222355 0.006122448979591855   0.09183673469387754 
  -6682.682403260531  -9902.536452210987  0.01836734693877551   0.09183673469387754 
 -5577.9696145929265 -11009.970054664298 0.030612244897959162   0.09183673469387754 
  -4471.508481983879 -12117.804416156625  0.04285714285714287   0.09183673469387754 
  -3364.122544235813 -13225.851198473438 0.055102040816326525   0.09183673469387754 
 -2256.9139171277766  -14333.85832826569  0.06734693877551018   0.09183673469387754 
 -1151.2632954348555 -15441.509996582205  0.07959183673469389   0.09183673469387754 
  -48.82995545875722 -16548.426658310633  0.09183673469387754   0.09183673469387754 
  1048.4482419356907 -17654.165031460292   0.1040816326530612   0.09183673469387754 
    2138.35484779401  -18758.21809636792   0.1163265306122449   0.09183673469387754 
  3218.3948209529813 -19860.015094751936  0.12857142857142856   0.09183673469387754 
 -19858.895458519648   1160.471674464936   359.88367346938776    0.1040816326530612 
 -18754.767491306575  53.175760583355164   359.89591836734695    0.1040816326530612 
 -17657.489084830962 -1052.5530326886112   359.90816326530614    0.1040816326530612 
 -16564.817814323324 -2157.2278235140825    359.9204081632653    0.1040816326530612 
   -15474.7898426872  -3261.297992482555   359.93265306122447    0.1040816326530612 
 -14385.719916948092  -4365.149183403666   359.94489795918366    0.1040816326530612 
 -13296.201365181998  -5469.103304025823   359.95714285714286    0.1040816326530612 
 -12205.106093918177 -6573.4185266310415   359.96938775510205    0.1040816326530612 
 -11111.584586129222  -7678.289288482817   359.98163265306124    0.1040816326530612 
 -10015.065899663517  -8783.846292199752   359.99387755102043    0.1040816326530612 
  -8915.257666202337  -9890.156505972134 0.006122448979591855    0.1040816326530612 
 -7812.1460907380615  -10997.22316371252  0.01836734693877551    0.1040816326530612 
  -6705.995951561908  -12104.98576502957 0.030612244897959162    0.1040816326530612 
  -5597.350600748151 -13213.320075132882  0.04285714285714287    0.1040816326530612 
 -4487.0319651545615  -14322.03812460206 0.055102040816326525    0.1040816326530612 
 -3376.1405479293117  -15430.88820904003  0.06734693877551018    0.1040816326530612 
  -2266.055430527216  -16539.55488860429  0.07959183673469389    0.1040816326530612 
 -1158.4342752397488  -17647.65898744765  0.09183673469387754    0.1040816326530612 
  -55.21332822567088 -18754.757593009195   0.1040816326530612    0.1040816326530612 
  1041.3925769426332 -19860.344055202928   0.1163265306122449    0.1040816326530612 
 -19864.500053770524 -1046.0285459434706   359.89591836734695    0.1163265306122449 
 -18773.920977744358   -2150.22400909493   359.90816326530614    0.1163265306122449 
  -17687.12539781967 -3253.5539841154264    359.9204081632653    0.1163265306122449 
 -16602.147872296806   -4356.46821871026   359.93265306122447    0.1163265306122449 
  -15517.30154285052  -5459.352723975174   359.94489795918366    0.1163265306122449 
 -14431.178131450242  -6562.529775115814   359.95714285714286    0.1163265306122449 
 -13342.647937766367  -7666.257912043097   359.96938775510205    0.1163265306122449 
 -12250.859837168224  -8770.731939829795   359.98163265306124    0.1163265306122449 
 -11155.241279114938  -9876.082929059257   359.99387755102043    0.1163265306122449 
 -10055.498286170312 -10982.378216081333 0.006122448979591855    0.1163265306122449 
  -8951.615453430064 -12089.621403131714  0.01836734693877551    0.1163265306122449 
    -7843.8559485233 -13197.752358313193 0.030612244897959162    0.1163265306122449 
  -6732.761512105848 -14306.647215520014  0.04285714285714287    0.1163265306122449 
  -5619.152458837295 -15416.118374175829 0.055102040816326525    0.1163265306122449 
  -4504.127678900931 -16525.914498908667  0.06734693877551018    0.1163265306122449 
 -3389.0646400163937  -17635.72051909243  0.07959183673469389    0.1163265306122449 
 -2275.6193899588525 -18745.157628253706  0.09183673469387754    0.1163265306122449 
 -1165.7265595954473 -19853.783283385426   0.1040816326530612    0.1163265306122449 
  -19900.22383012698  -3245.637418657905   359.90816326530614   0.12857142857142856 
  -18819.96920691556  -4347.470372758737    359.9204081632653   0.12857142857142856 
 -17740.614540026876  -5449.097711678316   359.93265306122447   0.12857142857142856 
  -16660.47136630112  -6550.905813681218   359.94489795918366   0.12857142857142856 
 -15578.129802024818  -7653.217321328758   359.95714285714286   0.12857142857142856 
 -14492.458540371003   -8756.29114208923   359.96938775510205   0.12857142857142856 
 -13402.604849341711  -9860.322448771536   359.98163265306124   0.12857142857142856 
  -12307.99457021077 -10965.442679900907   359.99387755102043   0.12857142857142856 
 -11208.332116496847  -12071.71953995338 0.006122448979591855   0.12857142857142856 
 -10103.600473408604  -13179.15699948757  0.01836734693877551   0.12857142857142856 
  -8994.061197841931 -14287.695295128631 0.030612244897959162   0.12857142857142856 
  -7880.254418859796 -15397.210929476465  0.04285714285714287   0.12857142857142856 
  -6762.998838683251 -16507.516670868237 0.055102040816326525   0.12857142857142856 
  -5643.391734195972 -17618.361553032784  0.06734693877551018   0.12857142857142856 
 -4522.8089589616575 -18729.430874642378  0.07959183673469389   0.12857142857142856 
 -3402.9049457393808 -19840.346198720636  0.09183673469387754   0.12857142857142856 
 -19966.124946410157  -5438.342024233973    359.9204081632653    0.1408163265306122 
 -18892.967159664306  -6538.551138059308   359.93265306122447    0.1408163265306122 
 -17818.008310234498  -7639.172751036584   359.94489795918366    0.1408163265306122 
 -16739.836909173442  -8740.529872991365   359.95714285714286    0.1408163265306122 
 -15657.320043474701  -9842.881778857662   359.96938775510205    0.1408163265306122 
 -14569.603374060025 -10946.424009133332   359.98163265306124    0.1408163265306122 
 -13476.111134180743 -12051.288370237547   359.99387755102043    0.1408163265306122 
 -12376.546128405553 -13157.542934753517 0.006122448979591855    0.1408163265306122 
 -11270.889732063039   -14265.1920415612  0.01836734693877551    0.1408163265306122 
 -10159.401891235915 -15374.176295822577 0.030612244897959162    0.1408163265306122 
  -9042.621123238354  -16484.37256889075  0.04285714285714287    0.1408163265306122 
  -7921.364517595899  -17595.59399805712 0.055102040816326525    0.1408163265306122 
  -6796.727737568665  -18707.58998624294  0.06734693877551018    0.1408163265306122 
  -5670.085022142672 -19820.046201505895  0.07959183673469389    0.1408163265306122 
 -20062.261649526597  -7624.129423086061   359.93265306122447   0.15306122448979592 
  -18992.96990206268  -8723.454093138413   359.94489795918366   0.15306122448979592 
 -17919.358589561787    -9823.7676190129   359.95714285714286   0.15306122448979592 
  -16840.29319320916 -10925.329643041136   359.96938775510205   0.15306122448979592 
 -15754.917767086536 -12028.336073338543   359.98163265306124   0.15306122448979592 
 -14662.654936607432 -13132.919084180834   359.99387755102043   0.15306122448979592 
 -13563.205897488704 -14239.147116241911 0.006122448979591855   0.15306122448979592 
 -12456.550415185548 -15347.024876722255  0.01836734693877551   0.15306122448979592 
 -11342.946824885137  -16456.49333933316 0.030612244897959162   0.15306122448979592 
 -10222.932031987295 -17567.429744210876  0.04285714285714287   0.15306122448979592 
  -9097.321513087854 -18679.647597678155 0.055102040816326525   0.15306122448979592 
  -7967.209317479338 -19792.896671901377  0.06734693877551018   0.15306122448979592 
  -20188.69227924527  -9802.986654378075   359.94489795918366   0.16530612244897958 
 -19120.032589874092 -10902.167005618361   359.95714285714286   0.16530612244897958 
  -18044.71734566559 -12002.870812642292   359.96938775510205   0.16530612244897958 
 -16961.888994134475  -13105.29435112814   359.98163265306124   0.16530612244897958 
 -15870.968553034973 -14209.570163169157   359.99387755102043   0.16530612244897958 
 -14771.655609316464  -15315.76705750217 0.006122448979591855   0.16530612244897958 
 -13663.928318569966  -16423.89010964535  0.01836734693877551   0.16530612244897958 
 -12548.043405017866  -17533.88066188472 0.030612244897959162   0.16530612244897958 
 -11424.536161982176 -18645.616323176386  0.04285714285714287   0.16530612244897958 
 -10294.220452877053 -19758.910968920893 0.055102040816326525   0.16530612244897958 
  -20345.47527289824 -11974.900734943596   359.95714285714286   0.17755102040816323 
 -19274.210473020245   -13074.6776215899   359.96938775510205   0.17755102040816323 
 -18194.136636986583  -14176.47080817369   359.98163265306124   0.17755102040816323 
 -17104.673175067295 -15280.413204563025   359.99387755102043   0.17755102040816323 
 -16005.518065538752 -16386.573987536627 0.006122448979591855   0.17755102040816323 
   -14896.6478541353 -17494.958600927344  0.01836734693877551   0.17755102040816323 
 -13778.317654036373 -18605.508755609688 0.030612244897959162   0.17755102040816323 
 -12651.061146333366 -19718.102429405746  0.04285714285714287   0.17755102040816323 
  -19455.55890010014 -15240.973664557125   359.98163265306124   0.18979591836734694 
   -18367.6686169848  -16344.55606013167   359.99387755102043   0.18979591836734694 
 -17268.694690496806 -17450.675389747223 0.006122448979591855   0.18979591836734694 
 -16158.612056525755 -18559.337465551616  0.01836734693877551   0.18979591836734694 
 -15037.674217131856 -19670.484367025132 0.030612244897959162   0.18979591836734694 
  -19664.13332287169 -17401.042834424872   359.99387755102043   0.20204081632653065 
 -18565.365538364542 -18507.115000318405 0.006122448979591855   0.20204081632653065 
 -17454.002590256638  -19616.07007127651  0.01836734693877551   0.20204081632653065 
 -19899.989300775112  -19554.87280646143 0.006122448979591855   0.21428571428571425 
