\ This script generates Case-3 astrometry challenges. The telescope used in this
\ challenge is affected by distortion. Artificial sources tiled in a grid
\ pattern are generated. A list of source positions on the focal plane and
\ original ICRS coordinates is provided. Solve the position angle and distortion
\ parameters.
\pointing_ra=0.0
\pointing_dec=0.0
\position_angle=117.06599592962894
\sip_c[0,2]=-2.1603036474100152e-16
\sip_c[1,1]=1.0849080751429024e-15
\sip_c[1,2]=-1.9353592638153728e-15
\sip_c[2,0]=1.0841868165252418e-15
\sip_c[2,1]=4.614109699397907e-15
\sip_c[2,2]=-1.0747811732985461e-16
\sip_d[0,2]=2.4657075131256713e-15
\sip_d[1,1]=-8.970220513976021e-16
\sip_d[1,2]=2.752823296065069e-16
\sip_d[2,0]=-5.962706743802678e-15
\sip_d[2,1]=-6.590156635125357e-16
\sip_d[2,2]=1.0713377145352392e-15
|                  x|                  y|                  ra|                  dec|
|             double|             double|              double|               double|
|                   |                   |                    |                     |
|               null|               null|                null|                 null|
  20388.727113551944  20242.363209206163   359.93265306122447  -0.21428571428571427 
  19002.908765888278    19498.0175354966   359.93265306122447   -0.2020408163265306 
   19713.84311042596  18098.182490164632   359.94489795918366   -0.2020408163265306 
  20424.881797098566  16697.313192188976   359.95714285714286   -0.2020408163265306 
  16905.976410385018  20155.327541008297    359.9204081632653  -0.18979591836734694 
  17616.586147388323  18758.725327993423   359.93265306122447  -0.18979591836734694 
  18327.308179168744  17361.009017641732   359.94489795918366  -0.18979591836734694 
   19038.12696456692  15962.333696721553   359.95714285714286  -0.18979591836734694 
   19749.02445373761   14562.87945795123   359.96938775510205  -0.18979591836734694 
   20459.98008820718  13162.851400236419   359.98163265306124  -0.18979591836734694 
   15519.37405163873   19418.84628036173    359.9204081632653  -0.17755102040816326 
  16229.809219657727   18023.98694850204   359.93265306122447  -0.17755102040816326 
  16940.347241898235  16628.107222448776   359.94489795918366  -0.17755102040816326 
   17650.97439099853  15231.344108603544   359.95714285714286  -0.17755102040816326 
   18361.67443100585  13833.859619433779   359.96938775510205  -0.17755102040816326 
   19072.42861721861  12435.840773667333   359.98163265306124  -0.17755102040816326 
   19783.21569633549  11037.499596505859   359.99387755102043  -0.17755102040816326 
  13422.153962577158  20079.069340544436   359.90816326530614  -0.16530612244897958 
  14132.338308579094  18686.708671871016    359.9204081632653  -0.16530612244897958 
  14842.625434871545   17293.32777299263   359.93265306122447  -0.16530612244897958 
  15553.005936614074  15899.020563770155   359.94489795918366  -0.16530612244897958 
  16263.467900330785  14503.905970135978   359.95714285714286  -0.16530612244897958 
   16973.99690384757   13108.12792418925   359.96938775510205  -0.16530612244897958 
  17684.576016361585  11711.855364381761   359.98163265306124  -0.16530612244897958 
  18395.185798386236  10315.282235684856   359.99387755102043  -0.16530612244897958 
    19105.8043016737    8918.62748985208 0.006122448979591855  -0.16530612244897958 
   19816.40706926444    7522.13508568196  0.01836734693877551  -0.16530612244897958 
  12034.843589860664  19349.688167792672   359.90816326530614  -0.15306122448979592 
  12744.915938107968  17958.447021826454    359.9204081632653  -0.15306122448979592 
  13455.079735816502  16566.298190812813   359.93265306122447  -0.15306122448979592 
  14165.327392021307  15173.317513908434   359.94489795918366  -0.15306122448979592 
  14875.648807095762  13779.605836472634   359.95714285714286  -0.15306122448979592 
   15586.03137277288   12385.28901014219   359.96938775510205  -0.15306122448979592 
  16296.459972048777  10990.517892979782   359.98163265306124  -0.15306122448979592 
  17006.916979299927   9595.468349630819   359.99387755102043  -0.15306122448979592 
  17717.382260127586   8200.341251556494 0.006122448979591855  -0.15306122448979592 
   18427.83317140086   6805.362477269964  0.01836734693877551  -0.15306122448979592 
  19138.244561227675   5410.782912676874 0.030612244897959162  -0.15306122448979592 
  19848.588768888345  4016.8784514153153  0.04285714285714287  -0.15306122448979592 
   9937.267961222069  20013.491710440365   359.89591836734695  -0.14081632653061224 
  10647.167900096132   18623.96893557866   359.90816326530614  -0.14081632653061224 
  11357.151187815172  17233.618649418848    359.9204081632653  -0.14081632653061224 
  12067.214555972447  15842.473603966626   359.93265306122447  -0.14081632653061224 
   12777.35222749935  14450.591557577198   359.94489795918366  -0.14081632653061224 
  13487.555916655972  13058.055274944767   359.95714285714286  -0.14081632653061224 
  14197.814829026684  11664.972527142723   359.96938775510205  -0.14081632653061224 
   14908.11566148695  10271.476091757286   359.98163265306124  -0.14081632653061224 
   15618.44260223712   8877.723753015567   359.99387755102043  -0.14081632653061224 
  16328.777330758272   7483.898301989903 0.006122448979591855  -0.14081632653061224 
  17039.099017741566   6090.207536814174  0.01836734693877551  -0.14081632653061224 
   17749.38432516868   4696.884262999922 0.030612244897959162  -0.14081632653061224 
   18459.60740615721   3304.186293746961  0.04285714285714287  -0.14081632653061224 
   19169.73990504163  1912.3964503260097 0.055102040816326525  -0.14081632653061224 
   19879.75095718116   521.8225624987101  0.06734693877551018  -0.14081632653061224 
   8549.325223088348  19290.449775186768   359.89591836734695  -0.12857142857142856 
   9259.170445685544  17901.475892621365   359.90816326530614  -0.12857142857142856 
   9969.085796015035   16511.80588604485    359.9204081632653  -0.12857142857142856 
  10679.069819594653  15121.454426422799   359.93265306122447  -0.12857142857142856 
  11389.118553263652  13730.461191224325   359.94489795918366  -0.12857142857142856 
   12099.22552515299  12338.890864384755   359.95714285714286  -0.12857142857142856 
   12809.38175471944  10946.833136333455   359.96938775510205  -0.12857142857142856 
   13519.57575272211   9554.402704089116   359.98163265306124  -0.12857142857142856 
  14229.793521225376   8161.739271374716   359.99387755102043  -0.12857142857142856 
   14940.01855355435   6769.007548788795 0.006122448979591855  -0.12857142857142856 
  15650.231834278346   5376.397254003932  0.01836734693877551  -0.12857142857142856 
   16360.41183921222   3984.123112045877 0.030612244897959162  -0.12857142857142856 
   17070.53453536723  2592.4248555966483  0.04285714285714287  -0.12857142857142856 
   17780.57338090584  1201.5672253382643 0.055102040816326525  -0.12857142857142856 
    18490.4993251225 -188.16002964553041  0.06734693877551018  -0.12857142857142856 
  19200.280808363554 -1576.4421514262983  0.07959183673469389  -0.12857142857142856 
  19909.883762041325  -2962.939372743913  0.09183673469387754  -0.12857142857142856 
  6451.3265629705775   19958.49809703305   359.88367346938776   -0.1163265306122449 
   7161.082416227034  18570.416167907766   359.89591836734695   -0.1163265306122449 
   7870.892269791389   17181.79829940102   359.90816326530614   -0.1163265306122449 
    8580.75899182669  15792.616074644533    359.9204081632653   -0.1163265306122449 
   9290.682941757683   14402.86608348309   359.93265306122447   -0.1163265306122449 
  10000.661970327403  13012.569922411316   359.94489795918366   -0.1163265306122449 
  10710.691419572611  11621.774194536147   359.95714285714286   -0.1163265306122449 
  11420.764122836337   10230.55050955561   359.96938775510205   -0.1163265306122449 
  12130.870404752295   8838.995483849789   359.98163265306124   -0.1163265306122449 
  12840.998081229467  7447.2307405518895   359.99387755102043   -0.1163265306122449 
  13551.132459491826   6055.402909713212 0.006122448979591855   -0.1163265306122449 
  14261.256337969862   4663.683628458786  0.01836734693877551   -0.1163265306122449 
  14971.350006345325    3272.26954126134 0.030612244897959162   -0.1163265306122449 
  15681.391245478866  1881.3823002008423  0.04285714285714287   -0.1163265306122449 
  16391.355327430498  491.26856529582597 0.055102040816326525   -0.1163265306122449 
   17101.21501537499  -897.7999951240243  0.06734693877551018   -0.1163265306122449 
  17810.940563565182  -2285.526704000303  0.07959183673469389   -0.1163265306122449 
  18520.499717325765  -3671.589875081956  0.09183673469387754   -0.1163265306122449 
  19229.857712940484  -5055.642812414716   0.1040816326530612   -0.1163265306122449 
  19938.977277655827  -6437.313809788513   0.1163265306122449   -0.1163265306122449 
  5062.8267599114815  19241.038018333154   359.88367346938776  -0.10408163265306122 
   5772.579888716234  17852.987077874914   359.89591836734695  -0.10408163265306122 
   6482.371906471805  16464.550427545913   359.90816326530614  -0.10408163265306122 
   7192.207495246795  15075.681569099865    359.9204081632653  -0.10408163265306122 
  7902.0888284218445  13686.359011181086   359.93265306122447  -0.10408163265306122 
   8612.015570648411  12296.586269243104   359.94489795918366  -0.10408163265306122 
   9321.984877860326  10906.391865488644   359.95714285714286  -0.10408163265306122 
  10031.991397304933   9515.829328816766   359.96938775510205  -0.10408163265306122 
  10742.027267482408   8124.977194889542   359.98163265306124  -0.10408163265306122 
  11452.082118213777   6733.939006190689   359.99387755102043  -0.10408163265306122 
  12162.143070538517   5342.843312140681 0.006122448979591855  -0.10408163265306122 
  12872.194736793934   3951.843669256809  0.01836734693877551  -0.10408163265306122 
  13582.219220547835  2561.1186413822484 0.030612244897959162  -0.10408163265306122 
  14292.196116518897  1170.8717999277794  0.04285714285714287  -0.10408163265306122 
  15002.102510663562 -218.66827582194261 0.055102040816326525  -0.10408163265306122 
  15711.912980031619 -1607.2479983608591  0.06734693877551018  -0.10408163265306122 
  16421.599592809427 -2994.5887715691433  0.07959183673469389  -0.10408163265306122 
  17131.131908215462  -4380.386990272573  0.09183673469387754  -0.10408163265306122 
   17840.47697649149  -5764.314039760715   0.1040816326530612  -0.10408163265306122 
   18549.59933881663  -7146.016295252109   0.1163265306122449  -0.10408163265306122 
  19258.461027276713  -8525.115121324136  0.12857142857142856  -0.10408163265306122 
   19967.02156480783  -9901.206871287437   0.1408163265306122  -0.10408163265306122 
   2964.337890676177   19913.99228378856   359.87142857142857  -0.09183673469387754 
  3674.0893178300394  18525.960750972114   359.88367346938776  -0.09183673469387754 
   4383.855479534601   17137.78370511993   359.89591836734695  -0.09183673469387754 
   5093.645380639452  15749.371559248895   359.90816326530614  -0.09183673469387754 
    5803.46551719298  14360.659733658318    359.9204081632653  -0.09183673469387754 
   6513.319876502616  12971.608655735392   359.93265306122447  -0.09183673469387754 
   7223.209937142605  11582.203759827706   359.94489795918366  -0.09183673469387754 
   7933.134668939903  10192.455487162426   359.95714285714286  -0.09183673469387754 
   8643.090533053653   8802.399285777607   359.96938775510205  -0.09183673469387754 
   9353.071481889301   7412.095610558284   359.98163265306124  -0.09183673469387754 
  10063.068959117956   6021.629923262103   359.99387755102043  -0.09183673469387754 
  10773.071899685094   4631.112692628929 0.006122448979591855  -0.09183673469387754 
  11483.066729813278  3240.6793944987917  0.01836734693877551  -0.09183673469387754 
  12193.037366893268  1850.4905120218102 0.030612244897959162  -0.09183673469387754 
  12902.965219604554    460.731535879045  0.04285714285714287  -0.09183673469387754 
   13612.82918774983  -928.3870354412592 0.055102040816326525  -0.09183673469387754 
  14322.605662295986  -2316.629695318957  0.06734693877551018  -0.09183673469387754 
   15032.26852532985 -3703.7359286328083  0.07959183673469389  -0.09183673469387754 
  15741.789150004874  -5089.420211349134  0.09183673469387754  -0.09183673469387754 
   16451.13640049322   -6473.37201005965   0.1040816326530612  -0.09183673469387754 
   17160.27663195447  -7855.255781473841   0.1163265306122449  -0.09183673469387754 
    17869.1736904376  -9234.710971874361  0.12857142857142856  -0.09183673469387754 
   18577.78891287678 -10611.352016510315   0.1408163265306122  -0.09183673469387754 
   19286.08112699386  -11984.76833896735  0.15306122448979592  -0.09183673469387754 
  19994.006651235497 -13354.524350465068  0.16530612244897958  -0.09183673469387754 
   1575.355975612467  19201.360145091163   359.87142857142857  -0.07959183673469389 
   2285.151380633535  17812.894423106285   359.88367346938776  -0.07959183673469389 
   2994.944518570577   16424.45225988439   359.89591836734695  -0.07959183673469389 
   3704.746208209626   15035.92598672511   359.90816326530614  -0.07959183673469389 
   4414.564759563957  13647.232942431374    359.9204081632653  -0.07959183673469389 
   5124.405973892492   12258.31547305428   359.93265306122447  -0.07959183673469389 
   5834.273143697619   10869.14093179512   359.94489795918366  -0.07959183673469389 
   6544.167052743294   9479.701678842264   359.95714285714286  -0.07959183673469389 
   7254.085976070174  8090.0150813110295   359.96938775510205  -0.07959183673469389 
   7964.025679962785   6700.123513255468   359.98163265306124  -0.07959183673469389 
   8673.979422005528   5310.094355654522   359.99387755102043  -0.07959183673469389 
   9383.937951028664  3920.0199965062598 0.006122448979591855  -0.07959183673469389 
  10093.889507111175   2530.017830920406  0.01836734693877551  -0.07959183673469389 
  10803.819821597035    1140.23026129864 0.030612244897959162  -0.07959183673469389 
  11513.712116979279 -249.17530246402802  0.04285714285714287  -0.07959183673469389 
  12223.547106988464 -1638.0064427299153 0.055102040816326525  -0.07959183673469389 
  12933.302996519307  -3026.045733819188  0.06734693877551018  -0.07959183673469389 
  13642.955481540068   -4413.05074166374  0.07959183673469389  -0.07959183673469389 
  14352.477749143536  -5798.754023423363  0.09183673469387754  -0.07959183673469389 
  15061.840477458038  -7182.863127044147   0.1040816326530612  -0.07959183673469389 
  15771.011835600757   -8565.06059078126   0.1163265306122449  -0.07959183673469389 
    16479.9574836304   -9945.00394267309  0.12857142857142856  -0.07959183673469389 
  17188.640572466527  -11322.32569996735   0.1408163265306122  -0.07959183673469389 
  17897.021743870308 -12696.633368500672  0.15306122448979592  -0.07959183673469389 
  18605.059130367194 -14067.509442045468  0.16530612244897958  -0.07959183673469389 
  19312.708355130973 -15434.511401583373  0.17755102040816323  -0.07959183673469389 
  20019.922531980243 -16797.171714569075  0.18979591836734694  -0.07959183673469389 
  -523.6899659964574  19879.878384725558    359.8591836734694   -0.0673469387755102 
   186.1960329036499   18490.51339415435   359.87142857142857   -0.0673469387755102 
   896.0475832750489  17101.492172749982   359.88367346938776   -0.0673469387755102 
  1605.8798267215273   15712.66396209893   359.89591836734695   -0.0673469387755102 
   2315.705396055553  14323.903011731445   359.90816326530614   -0.0673469387755102 
   3025.534415264409  12935.108578898355    359.9204081632653   -0.0673469387755102 
  3735.3744995386087   11546.20492828314   359.93265306122447   -0.0673469387755102 
   4445.230755320595  10157.141331857974   359.94489795918366   -0.0673469387755102 
   5155.105780285397   8767.892068744966   359.95714285714286   -0.0673469387755102 
   5864.999663383167   7378.456425088766   359.96938775510205   -0.0673469387755102 
  6574.9099848138985   5988.858694052869   359.98163265306124   -0.0673469387755102 
   7284.831816033846   4599.148175794479   359.99387755102043   -0.0673469387755102 
   7994.757719780524   3209.399177518866 0.006122448979591855   -0.0673469387755102 
   8704.677750015988  1819.7110135559428  0.01836734693877551   -0.0673469387755102 
   9414.579451954274  430.20800551317484 0.030612244897959162   -0.0673469387755102 
  10124.447862027495  -958.9605175483035  0.04285714285714287   -0.0673469387755102 
    10834.2655078387  -2347.620218889408 0.055102040816326525   -0.0673469387755102 
   11544.01240818751  -3735.571753815803  0.06734693877551018   -0.0673469387755102 
   12253.66607299883  -5122.590769361614  0.07959183673469389   -0.0673469387755102 
  12963.201503261465  -6508.427903923749  0.09183673469387754   -0.0673469387755102 
  13672.591191091537 -7892.8087868512275   0.1040816326530612   -0.0673469387755102 
  14381.805119537605  -9275.434037989035   0.1163265306122449   -0.0673469387755102 
  15090.810762668218  -10655.97926717712  0.12857142857142856   -0.0673469387755102 
    15799.5730854197 -12034.095073703696   0.1408163265306122   -0.0673469387755102 
  16508.054543609855 -13409.407045708296  0.15306122448979592   -0.0673469387755102 
   17216.21508380953 -14781.515759548387  0.16530612244897958   -0.0673469387755102 
   17924.01214330403 -16149.996779113562  0.17755102040816323   -0.0673469387755102 
   18631.40065004704 -17514.400655090376  0.18979591836734694   -0.0673469387755102 
   19338.33302252302 -18874.252924190994  0.20204081632653065   -0.0673469387755102 
  20044.759169724406 -20229.054108332624  0.21428571428571425   -0.0673469387755102 
  -1913.079387175681  19171.323729030977    359.8591836734694 -0.055102040816326525 
  -1203.107997530156   17781.11209652927   359.87142857142857 -0.055102040816326525 
  -493.1899483751078  16391.432147315336   359.88367346938776 -0.055102040816326525 
  216.69171592490642  15002.115040938135   359.89591836734695 -0.055102040816326525 
   926.5514421677251  13613.016945119127   359.90816326530614 -0.055102040816326525 
  1636.4011682963478  12224.019035506077    359.9204081632653 -0.055102040816326525 
  2346.2503234733254  10835.027495364884   359.93265306122447 -0.055102040816326525 
  3056.1058280666257   9445.973515415939   359.94489795918366 -0.055102040816326525 
  3765.9720936875265   8056.813293658333   359.95714285714286 -0.055102040816326525 
   4475.851023179905   6667.528035224139   359.96938775510205 -0.055102040816326525 
   5185.742010659376   5278.123952347119   359.98163265306124 -0.055102040816326525 
   5895.641941491547   3888.632264317405   359.99387755102043 -0.055102040816326525 
   6605.545192298182   2499.109197514148 0.006122448979591855 -0.055102040816326525 
   7315.443630927437  1109.6359854390826  0.01836734693877551 -0.055102040816326525 
   8025.326616501947 -279.68113113092284 0.030612244897959162 -0.055102040816326525 
   8735.180999336277  -1668.710904010971  0.04285714285714287 -0.055102040816326525 
   9444.991120971978  -3057.297077398002 0.055102040816326525 -0.055102040816326525 
  10154.738814080241  -4445.258387626953  0.06734693877551018 -0.055102040816326525 
    10864.4034025239  -5832.388562869983  0.07959183673469389 -0.055102040816326525 
   11573.96170125293    -7218.4563227988  0.09183673469387754 -0.055102040816326525 
  12283.388016306766   -8603.20537820623   0.1040816326530612 -0.055102040816326525 
  12992.654144747004  -9986.354430565067   0.1163265306122449 -0.055102040816326525 
  13701.729374603361 -11367.597171554087  0.12857142857142856 -0.055102040816326525 
  14410.580484855389  -12746.60228253675   0.1408163265306122 -0.055102040816326525 
   15119.17174535297 -14123.013433996357  0.15306122448979592 -0.055102040816326525 
   15827.46491673405 -15496.449284915861  0.16530612244897958 -0.055102040816326525 
   16535.41925043012  -16866.50348211721  0.17755102040816323 -0.055102040816326525 
   17242.99148848613 -18232.744659563916  0.18979591836734694 -0.055102040816326525 
  17950.135863590494  -19594.71643760477  0.20204081632653065 -0.055102040816326525 
  -4012.748949843035    19856.0608379098    359.8469387755102  -0.04285714285714287 
 -3302.5900427012416  18463.985127987053    359.8591836734694  -0.04285714285714287 
 -2592.5246847126446  17072.841326857226   359.87142857142857  -0.04285714285714287 
 -1882.5315972975789  15682.417503176617   359.88367346938776  -0.04285714285714287 
 -1172.5920107977504   14292.52673441076   359.89591836734695  -0.04285714285714287 
  -462.6896644268917  12903.007106435254   359.90816326530614  -0.04285714285714287 
   247.1891937512641  11513.721713263218    359.9204081632653  -0.04285714285714287 
   957.0558068139957    10124.5586567128   359.93265306122447  -0.04285714285714287 
  1666.9189091331555    8735.43104621167   359.94489795918366  -0.04285714285714287 
    2376.78472618024   7346.276998593289   359.95714285714286  -0.04285714285714287 
  3086.6569747756944   5957.059637951508   359.96938775510205  -0.04285714285714287 
   3796.536862901956   4567.767095552845   359.98163265306124  -0.04285714285714287 
    4506.42308985086   3178.412509792339   359.99387755102043  -0.04285714285714287 
   5216.311846114778  1789.0340261763977 0.006122448979591855  -0.04285714285714287 
   5926.196813482862   399.6947973564452  0.01836734693877551  -0.04285714285714287 
   6636.069164930761  -989.5170167600296 0.030612244897959162  -0.04285714285714287 
   7345.917564690294  -2378.488248894509  0.04285714285714287  -0.04285714285714287 
   8055.728168199832  -3767.080724215747 0.055102040816326525  -0.04285714285714287 
   8765.484622091057  -5155.131260114798  0.06734693877551018  -0.04285714285714287 
   9475.168064113905  -6542.451665935644  0.07959183673469389  -0.04285714285714287 
   10184.75712318948 -7928.8287426603765  0.09183673469387754  -0.04285714285714287 
  10894.227919288032  -9314.024282553042   0.1040816326530612  -0.04285714285714287 
   11603.55406345167 -10697.775068741616   0.1163265306122449  -0.04285714285714287 
  12312.706657731735 -12079.792874777662  0.12857142857142856  -0.04285714285714287 
  13021.654295113836 -13459.764464134874   0.1408163265306122  -0.04285714285714287 
   13730.36305949333  -14837.35158966279  0.15306122448979592  -0.04285714285714287 
  14438.796525615022 -16212.190992995764  0.16530612244897958  -0.04285714285714287 
  15146.915758966828 -17583.894403928414  0.17755102040816323  -0.04285714285714287 
  15854.679315785119  -18952.04853972315  0.18979591836734694  -0.04285714285714287 
  16562.043242902993  -20316.21510439007  0.20204081632653065  -0.04285714285714287 
  -5402.471617870602  19150.836663230293    359.8469387755102 -0.030612244897959162 
  -4692.191196523744   17757.55458321956    359.8591836734694 -0.030612244897959162 
   -3982.02510657836  16365.411168469356   359.87142857142857 -0.030612244897959162 
  -3271.950255405085   14974.17640526447   359.88367346938776 -0.030612244897959162 
 -2561.9460593232698  13583.645288962698   359.89591836734695 -0.030612244897959162 
 -1851.9944435474254  12193.637823567826   359.90816326530614 -0.030612244897959162 
  -1142.079842173887  10803.999021425563    359.9204081632653 -0.030612244897959162 
  -432.1891981263706   9414.598902871674   359.93265306122447 -0.030612244897959162 
   277.6880368414498   8025.332496012479   359.94489795918366 -0.030612244897959162 
    987.559902215897  6636.1198365092105   359.95714285714286 -0.030612244897959162 
   1697.431928658411   5246.905967361566   359.96938775510205 -0.030612244897959162 
    2407.30713812585   3857.660938865594   359.98163265306124 -0.030612244897959162 
   3117.186043761725   2468.379808474335   359.99387755102043 -0.030612244897959162 
  3827.0666499839294  1079.0826408103403 0.006122448979591855 -0.030612244897959162 
    4536.94445249093  -310.1854923576164  0.01836734693877551 -0.030612244897959162 
   5246.812438139253 -1699.3545120171118 0.030612244897959162 -0.030612244897959162 
   5956.661085070731  -3088.329331820258  0.04285714285714287 -0.030612244897959162 
   6666.478362657707 -4476.9898579320125 0.055102040816326525 -0.030612244897959162 
   7376.249731417911  -5865.190988825286  0.06734693877551018 -0.030612244897959162 
   8085.958143045789  -7252.762615039371  0.07959183673469389 -0.030612244897959162 
   8795.584040392636  -8639.509618893604  0.09183673469387754 -0.030612244897959162 
   9505.105357420594 -10025.211874140048   0.1040816326530612 -0.030612244897959162 
  10214.497519137096 -11409.624245592106   0.1163265306122449 -0.030612244897959162 
  10923.733441596522 -12792.476588697415  0.12857142857142856 -0.030612244897959162 
  11632.783531804678 -14173.473749054461   0.1408163265306122 -0.030612244897959162 
  12341.615687708523 -15552.295561904262  0.15306122448979592 -0.030612244897959162 
  13050.195298117516  -16928.59685156313  0.16530612244897958 -0.030612244897959162 
  13758.485242677521 -18302.007430807487  0.17755102040816323 -0.030612244897959162 
   14466.44589172084 -19672.132100227278  0.18979591836734694 -0.030612244897959162 
  -7502.831035533315   19842.44439901105   359.83469387755105  -0.01836734693877551 
  -6792.261544779987   18446.28729817419    359.8469387755102  -0.01836734693877551 
  -6081.854621477743   17051.74910481219    359.8591836734694  -0.01836734693877551 
   -5371.58284993278  15658.556713041799   359.87142857142857  -0.01836734693877551 
  -4661.421323464979   14266.46202675911   359.88367346938776  -0.01836734693877551 
 -3951.3476443691875  12875.241959191679   359.89591836734695  -0.01836734693877551 
 -3241.3419238587667   11484.69843244852   359.90816326530614  -0.01836734693877551 
  -2531.386782049036  10094.658377186677    359.9204081632653  -0.01836734693877551 
 -1821.4673479028852   8704.973732244753   359.93265306122447  -0.01836734693877551 
 -1111.5712592192442   7315.521444384849   359.94489795918366  -0.01836734693877551 
  -401.6886626050971   5926.203468058533   359.95714285714286  -0.01836734693877551 
  308.18778655600545   4536.946765182873   359.96938775510205  -0.01836734693877551 
   1018.062924106098  3147.7033050345685   359.98163265306124  -0.01836734693877551 
  1727.9390771067733  1758.4500641247212   359.99387755102043  -0.01836734693877551 
    2437.81606388329  369.18902616338454 0.006122448979591855  -0.01836734693877551 
   3147.691194004393  -1020.052817979087  0.01836734693877551  -0.01836734693877551 
   3857.559268284459 -2409.2234702033784 0.030612244897959162  -0.01836734693877551 
    4567.41257873584 -3798.2459251094615  0.04285714285714287  -0.01836734693877551 
   5277.240908629593  -5187.018169876338 0.055102040816326525  -0.01836734693877551 
   5987.031532441111  -6575.413184080249  0.06734693877551018  -0.01836734693877551 
   6696.769215781541  -7963.278939469868  0.07959183673469389  -0.01836734693877551 
   7406.436215456464  -9350.438399708211  0.09183673469387754  -0.01836734693877551 
   8116.012279368289 -10736.689520069362   0.1040816326530612  -0.01836734693877551 
   8825.474646533516  -12121.80524705841   0.1163265306122449  -0.01836734693877551 
   9534.798046976097  -13505.53351803167  0.12857142857142856  -0.01836734693877551 
  10243.954701766572  -14887.59726073084   0.1408163265306122  -0.01836734693877551 
  10952.914322870967 -16267.694392810732  0.15306122448979592  -0.01836734693877551 
   11661.64411323157 -17645.497821269208  0.16530612244897958  -0.01836734693877551 
  12370.108766531659  -19020.65544188882  0.17755102040816323  -0.01836734693877551 
  13078.270467289363  -20392.79013859805  0.18979591836734694  -0.01836734693877551 
  -8892.813037312704  19139.807154015198   359.83469387755105 -0.006122448979591855 
  -8182.091198286174   17742.13667935492    359.8469387755102 -0.006122448979591855 
 -7471.5545992463285  16346.310710963302    359.8591836734694 -0.006122448979591855 
  -6761.174010420367  14952.038060271874   359.87142857142857 -0.006122448979591855 
  -6050.922711074777  13559.052548770083   359.88367346938776 -0.006122448979591855 
  -5340.776489478056  12167.113007539636   359.89591836734695 -0.006122448979591855 
  -4630.713642841512  10776.003276780855   359.90816326530614 -0.006122448979591855 
 -3920.7149772966286   9385.532205446441    359.9204081632653 -0.006122448979591855 
 -3210.7638078463515   7995.533650866315   359.93265306122447 -0.006122448979591855 
  -2500.845958338239   6605.866478440539   359.94489795918366 -0.006122448979591855 
 -1790.9497614505894   5216.414561412664   359.95714285714286 -0.006122448979591855 
 -1081.0660586416045   3827.086780584962   359.96938775510205 -0.006122448979591855 
  -371.1882001625668  2437.8170242142637   359.98163265306124 -0.006122448979591855 
    338.687954971339  1048.5641878570666   359.99387755102043 -0.006122448979591855 
  1048.5640389830528 -340.68782570339897 0.006122448979591855 -0.006122448979591855 
  1758.4391753318762  -1729.930106505577  0.01836734693877551 -0.006122448979591855 
  2468.3099787462043 -3119.1287373711084 0.030612244897959162 -0.006122448979591855 
   3178.170555136423  -4508.224793865968  0.04285714285714287 -0.006122448979591855 
   3888.012501712736  -5897.134344186651 0.055102040816326525 -0.006122448979591855 
   4597.824906834694  -7285.748449019898  0.06734693877551018 -0.006122448979591855 
   5307.594350081974   -8673.93316133766  0.07959183673469389 -0.006122448979591855 
   6017.304902177273 -10061.529526164533  0.09183673469387754 -0.006122448979591855 
   6726.938125026323 -11448.353580287281   0.1040816326530612 -0.006122448979591855 
   7436.473071592771 -12834.196351921153   0.1163265306122449 -0.006122448979591855 
   8145.886285922755 -14218.823860338873  0.12857142857142856 -0.006122448979591855 
    8855.15180308978 -15601.977115436703   0.1408163265306122 -0.006122448979591855 
    9564.24114915991 -16983.372117275136  0.15306122448979592 -0.006122448979591855 
  10273.123341098748 -18362.699855559997  0.16530612244897958 -0.006122448979591855 
  10981.764886746065  -19739.62630907909  0.17755102040816323 -0.006122448979591855 
 -10993.928228960061  19838.934134931096   359.82244897959185  0.006122448979591855 
 -10282.811140139902  18437.331559632574   359.83469387755105  0.006122448979591855 
  -9571.935554930647  17038.133751295456    359.8469387755102  0.006122448979591855 
  -8861.267920335962  15641.006427715134    359.8591836734694  0.006122448979591855 
  -8150.777192501511  14245.640317625373   359.87142857142857  0.006122448979591855 
  -7440.434836640264  12851.751160103016   359.88367346938776  0.006122448979591855 
  -6730.214826993715  11459.079704077123   359.89591836734695  0.006122448979591855 
  -6020.093646769921   10067.39170783061   359.90816326530614  0.006122448979591855 
   -5310.05028811715   8676.477938609918    359.9204081632653  0.006122448979591855 
  -4600.066252076003  7286.1541722233715   359.93265306122447  0.006122448979591855 
  -3890.125548544085   5896.261192712379   359.94489795918366  0.006122448979591855 
  -3180.214696268445   4506.664792095506   359.95714285714286  0.006122448979591855 
  -2470.322722782915   3117.255770063713   359.96938775510205  0.006122448979591855 
  -1760.441164424465  1727.9499338485125   359.98163265306124  0.006122448979591855 
 -1050.5640663030447    338.688098042594   359.99387755102043  0.006122448979591855 
  -340.6879822920527  -1050.563915497709 0.006122448979591855  0.006122448979591855 
  369.18802499085393 -2439.8152777226983  0.01836734693877551  0.006122448979591855 
  1079.0623841354102 -3829.0501523830158 0.030612244897959162  0.006122448979591855 
  1788.9310150107015  -5218.227696006345  0.04285714285714287  0.006122448979591855 
  2498.7873286973777  -6607.282057816858 0.055102040816326525  0.006122448979591855 
  3208.6222275023547  -7996.122379612057  0.06734693877551018  0.006122448979591855 
  3918.4241049261423  -9384.632795585763  0.07959183673469389  0.006122448979591855 
   4628.178845666299  -10772.67243212625  0.09183673469387754  0.006122448979591855 
   5337.869825544474 -12160.075407535696   0.1040816326530612  0.006122448979591855 
   6047.477911537133 -13546.650831745605   0.1163265306122449  0.006122448979591855 
   6756.981461708476 -14932.182805935698  0.12857142857142856  0.006122448979591855 
   7466.356325137364 -16316.430422163396   0.1408163265306122  0.006122448979591855 
   8175.575841941548 -17699.127762898937  0.15306122448979592  0.006122448979591855 
   8884.610843166696 -19079.983900542473  0.16530612244897958  0.006122448979591855 
   9593.429650788386  -20458.68289689619  0.17755102040816323  0.006122448979591855 
 -12384.095997164484   19138.14371489412   359.82244897959185   0.01836734693877551 
  -11672.80101539669   17734.77348651636   359.83469387755105   0.01836734693877551 
 -10961.772100060607  16334.052466190753    359.8469387755102   0.01836734693877551 
  -10250.97388405064  14935.628288711177    359.8591836734694   0.01836734693877551 
  -9540.373509428118  13539.173600108978   359.87142857142857   0.01836734693877551 
   -8829.94062735336   12144.38605704982   359.88367346938776   0.01836734693877551 
  -8119.647398041182   10750.98832631056   359.89591836734695   0.01836734693877551 
 -7409.4684906952225   9358.728084255825   359.90816326530614   0.01836734693877551 
   -6699.38108348358   7967.378016430464    359.9204081632653   0.01836734693877551 
    -5989.3648634802   6576.735817117067   359.93265306122447   0.01836734693877551 
  -5279.402026639151   5186.624189007029   359.94489795918366   0.01836734693877551 
  -4569.477277768295   3796.890842887541   359.95714285714286   0.01836734693877551 
  -3859.577830483456  2407.4084973467393   359.96938775510205   0.01836734693877551 
  -3149.693407206214  1018.0748785919708   359.98163265306124   0.01836734693877551 
 -2439.8162391384703   -371.187279745406   359.99387755102043   0.01836734693877551 
 -1729.9410662527155 -1760.4302367322007 0.006122448979591855   0.01836734693877551 
  -1020.065137268608 -3149.6812442290798  0.01836734693877551   0.01836734693877551 
  -310.1882096729608  -4538.942546906658 0.030612244897959162   0.01836734693877551 
  399.68745029617304  -5928.191382255607  0.04285714285714287   0.01836734693877551 
  1109.5570676372051  -7317.379980515745 0.055102040816326525   0.01836734693877551 
  1819.4133585640948  -8706.435564595811  0.06734693877551018   0.01836734693877551 
   2529.246530537598 -10095.260349907277  0.07959183673469389   0.01836734693877551 
   3239.044282174682 -11483.731544189428  0.09183673469387754   0.01836734693877551 
   3948.791803282961 -12871.701347267983   0.1040816326530612   0.01836734693877551 
   4658.471774809653  -14258.99695076277   0.1163265306122449   0.01836734693877551 
  5368.0643688324035 -15645.420537773976  0.12857142857142856   0.01836734693877551 
   6077.547248434181  -17030.74928249775   0.1408163265306122   0.01836734693877551 
   6786.895567800767 -18414.735349816212  0.15306122448979592   0.01836734693877551 
   7496.081972070307 -19797.105894814344  0.16530612244897958   0.01836734693877551 
  -14486.03256659812   19845.43541745046   359.81020408163266  0.030612244897959162 
  -13774.23152602392  18437.029870616418   359.82244897959185  0.030612244897959162 
 -13062.760843252703   17031.91381283271   359.83469387755105  0.030612244897959162 
 -12351.580827809606    15629.6917837007    359.8469387755102  0.030612244897959162 
 -11640.654298472002   14229.99333500668    359.8591836734694  0.030612244897959162 
 -10929.946583225083  12832.473030097508   359.87142857142857  0.030612244897959162 
 -10219.425519175582    11436.8104432322   359.88367346938776  0.030612244897959162 
  -9509.061452511753  10042.710159042308   359.89591836734695  0.030612244897959162 
  -8798.827238433612   8649.901771982783   359.90816326530614  0.030612244897959162 
  -8088.698241129348  7258.1398859030805    359.9204081632653  0.030612244897959162 
  -7378.652333707465  5867.2041135718055   359.93265306122447  0.030612244897959162 
  -6668.669898179861    4476.89907633604   359.94489795918366  0.030612244897959162 
  -5958.733825418714   3087.054403767327   359.95714285714286  0.030612244897959162 
  -5248.829515116054   1697.524733353179   359.96938775510205  0.030612244897959162 
  -4538.944875787051   308.1897102909347   359.98163265306124  0.030612244897959162 
  -3829.070324719807 -1081.0460127401032   359.99387755102043  0.030612244897959162 
 -3119.1987879864682 -2470.2527757163357 0.006122448979591855  0.030612244897959162 
 -2409.3257004097845 -3859.4759114011363  0.01836734693877551  0.030612244897959162 
 -1699.4490055694462  -5248.735745374146 0.030612244897959162  0.030612244897959162 
  -989.5691558003871  -6638.027596071266  0.04285714285714287  0.030612244897959162 
 -279.68911219178705 -8027.3217747461285 0.055102040816326525  0.030612244897959162 
   430.1856554047189  -9416.563585395752  0.06734693877551018  0.030612244897959162 
  1140.0471683608612 -10805.673324642488  0.07959183673469389  0.030612244897959162 
  1849.8849392498432 -12194.546281564122  0.09183673469387754  0.030612244897959162 
  2559.6859718399232  -13583.05273748381   0.1040816326530612  0.030612244897959162 
   3269.434761067229 -14971.037965715625   0.1163265306122449  0.030612244897959162 
  3979.1132929969626  -16358.32223125211  0.12857142857142856  0.030612244897959162 
   4688.701044743095 -17744.700790417664   0.1408163265306122  0.030612244897959162 
   5398.174984536626  -19129.94389048915  0.15306122448979592  0.030612244897959162 
 -15876.312879286907   19145.75516041861   359.81020408163266   0.04285714285714287 
  -15164.31369051756  17735.380406063385   359.82244897959185   0.04285714285714287 
 -14452.671312651419  16328.558424088882   359.83469387755105   0.04285714285714287 
 -13741.344241072275  14924.875670777054    359.8469387755102   0.04285714285714287 
 -13030.293480449263  13523.943614930393    359.8591836734694   0.04285714285714287 
 -12319.482544683031  12125.398737213047   359.87142857142857   0.04285714285714287 
 -11608.877456831702  10728.902529496256   359.88367346938776   0.04285714285714287 
 -10898.446749058106    9334.14149428111   359.89591836734695   0.04285714285714287 
 -10188.161462558992   7940.827144127851   359.90816326530614   0.04285714285714287 
    -9477.9951475447  6548.6960012062755    359.9204081632653   0.04285714285714287 
  -8767.923863164788   5157.509596791642   359.93265306122447   0.04285714285714287 
   -8057.92617748152  3767.0544708953976   359.94489795918366   0.04285714285714287 
  -7347.983167439781   2377.142171895987   359.95714285714286   0.04285714285714287 
 -6638.0784188115085   987.6092561979966   359.96938775510205   0.04285714285714287 
   -5928.19802619702 -401.68271199759613   359.98163265306124   0.04285714285714287 
   -5218.33059298744 -1790.8471609432222   359.99387755102043   0.04285714285714287 
  -4508.467231345876  -3179.972511509092 0.006122448979591855   0.04285714285714287 
   -3798.60156219851  -4569.122177338668  0.01836734693877551   0.04285714285714287 
  -3088.729715223617  -5958.334564902214 0.030612244897959162   0.04285714285714287 
 -2378.8503288539587  -7347.623073566708  0.04285714285714287   0.04285714285714287 
 -1668.9645502670953    -8736.9760955734 0.055102040816326525   0.04285714285714287 
  -959.0760353963008 -10126.357015991416  0.06734693877551018   0.04285714285714287 
  -249.1909489405239 -11515.704212634251  0.07959183673469389   0.04285714285714287 
   460.6820356232994 -12904.931055892086  0.09183673469387754   0.04285714285714287 
   1170.531736025248 -14293.925908576075   0.1040816326530612   0.04285714285714287 
  1880.3444611601815 -15682.552125659215   0.1163265306122449   0.04285714285714287 
  2590.1040110993426 -17070.648054010202  0.12857142857142856   0.04285714285714287 
   3299.791677000659 -18458.027032070157   0.1408163265306122   0.04285714285714287 
  4009.3862411279115 -19844.477389469597  0.15306122448979592   0.04285714285714287 
  -17979.13611488628    19861.8539169673   359.79795918367347  0.055102040816326525 
  -17266.51542952086    18445.2944868673   359.81020408163266  0.055102040816326525 
 -16554.323874378577  17033.008132422536   359.82244897959185  0.055102040816326525 
 -15842.515621294911  15624.538212997519   359.83469387755105  0.055102040816326525 
  -15131.04735150994  14219.453101570536    359.8469387755102  0.055102040816326525 
 -14419.878255582616  12817.346183977403    359.8591836734694  0.055102040816326525 
 -13708.970033344778  11417.835858235245   359.87142857142857  0.055102040816326525 
 -12998.286893792778  10020.565533835706   359.88367346938776  0.055102040816326525 
  -12287.79555507762   8625.203631181716   359.89591836734695  0.055102040816326525 
 -11577.465244395158   7231.443580961625   359.90816326530614  0.055102040816326525 
 -10867.267697977004   5839.003823685553    359.9204081632653  0.055102040816326525 
 -10157.177161010402   4447.627809155573   359.93265306122447  0.055102040816326525 
  -9447.170387618604  3057.0839960771873   359.94489795918366  0.055102040816326525 
  -8737.226640817411  1667.1658516570146   359.95714285714286  0.055102040816326525 
   -8027.32769246255  277.69185124188095   359.96938775510205  0.055102040816326525 
  -7317.457823242683 -1111.4945219376696   359.98163265306124  0.055102040816326525 
  -6607.603822648614  -2500.524777040413   359.99387755102043  0.055102040816326525 
  -5897.754988946672 -3889.5054158053667 0.006122448979591855  0.055102040816326525 
  -5187.903129165529  -5278.517932731224  0.01836734693877551  0.055102040816326525 
   -4478.04255908373   -6667.61881515318 0.030612244897959162  0.055102040816326525 
 -3768.1701032329615   -8056.83954333891  0.04285714285714287  0.055102040816326525 
  -3058.285094882339  -9446.186590488971 0.055102040816326525  0.055102040816326525 
 -2348.3893760512224 -10835.641422728246  0.06734693877551018  0.055102040816326525 
 -1638.4872975087758 -12225.160499014568  0.07959183673469389  0.055102040816326525 
  -928.5857187919563  -13614.67527104392  0.09183673469387754  0.055102040816326525 
 -218.69400821770714 -15004.092183070037   0.1040816326530612  0.055102040816326525 
  491.17595709924086  -16393.29267170526   0.1163265306122449  0.055102040816326525 
  1201.0097911960634 -17782.133165666437  0.12857142857142856  0.055102040816326525 
  1910.7905992827782 -19170.445085464304   0.1408163265306122  0.055102040816326525 
 -19369.456095142432   19162.55060017263   359.79795918367347   0.06734693877551018 
  -18656.62229582149  17743.873133523688   359.81020408163266   0.06734693877551018 
 -17944.245970097723  16329.750868018087   359.82244897959185   0.06734693877551018 
 -17232.279475631294   14919.70907938739   359.83469387755105   0.06734693877551018 
 -16520.677679523502  13513.298057337033    359.8469387755102   0.06734693877551018 
 -15809.397958229654  12110.093104767979    359.8591836734694   0.06734693877551018 
 -15098.400197498664   10709.69453706434   359.87142857142857   0.06734693877551018 
 -14387.646792294216    9311.72768139009   359.88367346938776   0.06734693877551018 
 -13677.102646735559   7915.842876061111   359.89591836734695   0.06734693877551018 
 -12966.735174026478   6521.715469929361   359.90816326530614   0.06734693877551018 
 -12256.514296424428  5129.0458218775575    359.9204081632653   0.06734693877551018 
 -11546.412445164297   3737.559300269167   359.93265306122447   0.06734693877551018 
 -10836.404560426947  2347.0062825310247   359.94489795918366   0.06734693877551018 
 -10126.468091302668   957.1621547301073   359.95714285714286   0.06734693877551018 
  -9416.582995733263 -432.17268881255836   359.96938775510205   0.06734693877551018 
  -8706.731740502506 -1821.1728458040186   359.98163265306124   0.06734693877551018 
  -7996.899301201926  -3209.987906277312   359.99387755102043   0.06734693877551018 
   -7287.07316220293  -4598.742452806455 0.006122448979591855   0.06734693877551018 
  -6577.243316640596  -5987.536060710982  0.01836734693877551   0.06734693877551018 
  -5867.402266398647  -7376.443298157893 0.030612244897959162   0.06734693877551018 
  -5157.545022110279  -8765.513726280755  0.04285714285714287   0.06734693877551018 
  -4447.669103143156 -10154.771899213552 0.055102040816326525   0.06734693877551018 
   -3737.77453759941   -11544.2173640835  0.06734693877551018   0.06734693877551018 
 -3027.8638623269794 -12933.824660977101  0.07959183673469389   0.06734693877551018 
 -2317.9421229262475 -14323.543322850648  0.09183673469387754   0.06734693877551018 
 -1608.0168737588524 -15713.297875364877   0.1040816326530612   0.06734693877551018 
  -898.0981779735107  -17102.98783673251   0.1163265306122449   0.06734693877551018 
  -188.1986075255626 -18492.487717487842  0.12857142857142856   0.06734693877551018 
   521.6667567988482  -19881.64702018117   0.1408163265306122   0.06734693877551018 
 -20046.618065445866   17041.33584417268   359.81020408163266   0.07959183673469389 
 -19334.066378907188  15625.471438241488   359.82244897959185   0.07959183673469389 
 -18621.951090861643  14213.951930173856   359.83469387755105   0.07959183673469389 
 -17910.225254269517  12806.309526433728    359.8469387755102   0.07959183673469389 
 -17198.844431488542  11402.101447025228    359.8591836734694   0.07959183673469389 
 -16487.766694196474  10000.909924743313   359.87142857142857   0.07959183673469389 
  -15776.95262331078   8602.342204447697   359.88367346938776   0.07959183673469389 
 -15066.365308939387   7206.030542417539   359.89591836734695   0.07959183673469389 
 -14355.970350292871   5811.632205701962   359.90816326530614   0.07959183673469389 
  -13645.73585566116    4418.82947159503    359.9204081632653   0.07959183673469389 
 -12935.632442316075  3027.3296270548994   359.93265306122447   0.07959183673469389 
  -12225.63323651827   1636.864968274618   359.94489795918366   0.07959183673469389 
 -11515.713873427687   247.1928002181827   359.95714285714286   0.07959183673469389 
 -10805.852497076128 -1141.9045637794188   359.96938775510205   0.07959183673469389 
  -10096.02976034748  -2530.619802322828   359.98163265306124   0.07959183673469389 
   -9386.22882493832 -3919.1205862790903   359.99387755102043   0.07959183673469389 
  -8676.435361329488  -5307.549579016924 0.006122448979591855   0.07959183673469389 
  -7966.637548766491  -6696.024436636042  0.01836734693877551   0.07959183673469389 
  -7256.826075242053  -8084.637808093909 0.030612244897959162   0.07959183673469389 
  -6546.994137496439  -9473.457335350937  0.04285714285714287   0.07959183673469389 
    -5837.1374409935 -10862.525653420242 0.055102040816326525   0.07959183673469389 
  -5127.254199931354 -12251.860390406437  0.06734693877551018   0.07959183673469389 
  -4417.345137238631 -13641.454167478854  0.07959183673469389   0.07959183673469389 
 -3707.4134845784165 -15031.274598792501  0.09183673469387754   0.07959183673469389 
 -2997.4649823669797  -16421.26429139468   0.1040816326530612   0.07959183673469389 
 -2287.5078797847455  -17811.34084505372   0.1163265306122449   0.07959183673469389 
  -1577.552934798387 -19201.396852059937  0.12857142857142856   0.07959183673469389 
 -20011.521190923166  13507.172679348829   359.83469387755105   0.09183673469387754 
 -19299.682613647394  12098.411504326928    359.8469387755102   0.09183673469387754 
 -18588.212027213605  10693.313287624927    359.8591836734694   0.09183673469387754 
 -17877.065689231513   9291.442179492538   359.87142857142857   0.09183673469387754 
 -17166.202366586433   7892.387342535513   359.88367346938776   0.09183673469387754 
  -16455.58333536925   6495.762951035107   359.89591836734695   0.09183673469387754 
 -15745.172380811471   5101.208190286999   359.90816326530614   0.09183673469387754 
 -15034.935797222663  3708.3872560361506    359.9204081632653   0.09183673469387754 
 -14324.842387948407  2316.9893538912584   359.93265306122447   0.09183673469387754 
 -13614.863465294671   926.7286988472644   359.94489795918366   0.09183673469387754 
 -12904.972850519442    -462.65548518215   359.95714285714286   0.09183673469387754 
 -12195.146873746267 -1851.3989658022417   359.96938775510205   0.09183673469387754 
  -11485.36437396269  -3239.712502468497   359.98163265306124   0.09183673469387754 
 -10775.606698973825  -4627.781846834038   359.99387755102043   0.09183673469387754 
 -10065.857705375041  -6015.767743014257 0.006122448979591855   0.09183673469387754 
  -9356.103758525927  -7403.805927839618  0.01836734693877551   0.09183673469387754 
  -8646.333732536841   -8792.00713101207 0.030612244897959162   0.09183673469387754 
  -7936.539010255304 -10180.457075265105  0.04285714285714287   0.09183673469387754 
  -7226.713483254028 -11569.216476453263 0.055102040816326525   0.09183673469387754 
  -6516.853551825493 -12958.321043599632  0.06734693877551018   0.09183673469387754 
  -5806.958124980029   -14347.7814788936  0.07959183673469389   0.09183673469387754 
  -5097.028620458365 -15737.583477665845  0.09183673469387754   0.09183673469387754 
  -4387.068964730578  -17127.68772827971   0.1040816326530612   0.09183673469387754 
  -3677.085593016248  -18518.02991201469   0.1163265306122449   0.09183673469387754 
  -2967.087449296706 -19908.520702863607  0.12857142857142856   0.09183673469387754 
 -19977.497606020603   9983.695710676386    359.8591836734694    0.1040816326530612 
 -19266.295857176377   8581.276466829626   359.87142857142857    0.1040816326530612 
 -18555.396510638937   7181.866342529529   359.88367346938776    0.1040816326530612 
 -17844.759028492423   5785.061430114487   359.89591836734695    0.1040816326530612 
 -17134.345381978423   4390.482833173184   359.90816326530614    0.1040816326530612 
  -16424.12005145896    2997.77666596413    359.9204081632653    0.1040816326530612 
 -15714.050026326562  1606.6140527901655   359.93265306122447    0.1040816326530612 
  -15004.10480496982  216.69112750968736   359.94489795918366    0.1040816326530612 
 -14294.256394730883 -1172.2709669643723   359.95714285714286    0.1040816326530612 
 -13584.479311831827  -2560.526079121883   359.96938775510205    0.1040816326530612 
 -12874.750581371038 -3948.3030492139796   359.98163265306124    0.1040816326530612 
 -12165.049737273364  -5335.805709626639   359.99387755102043    0.1040816326530612 
 -11455.358822247956  -6723.212885164745 0.006122448979591855    0.1040816326530612 
 -10745.662387776925  -8110.678393335188  0.01836734693877551    0.1040816326530612 
 -10035.947494091457  -9498.331044526305 0.030612244897959162    0.1040816326530612 
  -9326.203710154596   -10886.2746421909  0.04285714285714287    0.1040816326530612 
  -8616.423113649964 -12274.587982962717 0.055102040816326525    0.1040816326530612 
 -7906.6002909727795 -13663.324856728808  0.06734693877551018    0.1040816326530612 
  -7196.732337224188  -15052.51404665064  0.07959183673469389    0.1040816326530612 
  -6486.818856222529   -16442.1593291628  0.09183673469387754    0.1040816326530612 
  -5776.861960501326 -17832.239473896752   0.1040816326530612    0.1040816326530612 
 -5066.8662713214035  -19222.70824357062   0.1163265306122449    0.1040816326530612 
 -19944.538052773805   6470.807458816991   359.88367346938776    0.1163265306122449 
 -19233.897199557905   5073.972315444031   359.89591836734695    0.1163265306122449 
 -18523.495979004816    3679.52055153216   359.90816326530614    0.1163265306122449 
 -17813.297057518335   2287.080199908172    359.9204081632653    0.1163265306122449 
 -17103.265610555754   896.3043036335355   359.93265306122447    0.1163265306122449 
 -16393.369322588573 -493.12908451051214   359.94489795918366    0.1163265306122449 
 -15683.578387051253  -1881.516902549558   359.95714285714286    0.1163265306122449 
 -14973.865506270622 -3269.1310797962456   359.96938775510205    0.1163265306122449 
 -14264.205891471573  -4656.218537238514   359.98163265306124    0.1163265306122449 
 -13554.577262680363   -6043.00118792523   359.99387755102043    0.1163265306122449 
 -12844.959848747634  -7429.675937294442 0.006122448979591855    0.1163265306122449 
 -12135.336387279478  -8816.414683465338  0.01836734693877551    0.1163265306122449 
  -11425.69212462812 -10203.364317444355 0.030612244897959162    0.1163265306122449 
 -10716.014815888371  -11590.64672334775  0.04285714285714287    0.1163265306122449 
 -10006.294724854679 -12978.358778519027 0.055102040816326525    0.1163265306122449 
  -9296.524624030231 -14366.572353641619  0.06734693877551018    0.1163265306122449 
  -8586.699794620417 -15755.334312794545  0.07959183673469389    0.1163265306122449 
  -7876.818026523189 -17144.666513445634  0.09183673469387754    0.1163265306122449 
  -7166.879618338706 -18534.565806418803   0.1040816326530612    0.1163265306122449 
  -6456.887377381251 -19925.004035819726   0.1163265306122449    0.1163265306122449 
 -19912.633305927448  2968.4107704555486   359.90816326530614   0.12857142857142856 
 -19202.477763399078  1576.4053644287872    359.9204081632653   0.12857142857142856 
 -18492.501902591346  186.18569444365608   359.93265306122447   0.12857142857142856 
  -17782.67159406663 -1202.5882677275638   359.94489795918366   0.12857142857142856 
 -17072.955217351446 -2590.2315409790745   359.95714285714286   0.12857142857142856 
 -16363.323660901435 -3977.0341353795925   359.96938775510205   0.12857142857142856 
 -15653.750322047797  -5363.261052578679   359.98163265306124   0.12857142857142856 
 -14944.211106956645 -6749.1522862264965   359.99387755102043   0.12857142857142856 
 -14234.684430605826 -8134.9228223176115 0.006122448979591855   0.12857142857142856 
 -13525.151216736023   -9520.76263951304  0.01836734693877551   0.12857142857142856 
 -12815.594897837564 -10906.836709373976 0.030612244897959162   0.12857142857142856 
  -12106.00141512899 -12293.284996596502  0.04285714285714287   0.12857142857142856 
 -11396.359218533864 -13680.222459171951 0.055102040816326525   0.12857142857142856 
 -10686.659266668787 -15067.739048508265  0.06734693877551018   0.12857142857142856 
   -9976.89502684375 -16455.899709517547  0.07959183673469389   0.12857142857142856 
  -9267.062475048793  -17844.74438063519  0.09183673469387754   0.12857142857142856 
  -8557.160095962616 -19234.287993815924   0.1040816326530612   0.12857142857142856 
 -19881.774173272788  -523.5911782957431   359.93265306122447    0.1408163265306122 
 -19172.028704208562 -1911.5177440602552   359.94489795918366    0.1408163265306122 
 -18462.405784422288  -3298.228122562614   359.95714285714286    0.1408163265306122 
  -17752.87448847598  -4684.030404547384   359.96938775510205    0.1408163265306122 
 -17043.406399842468  -6069.207672253352   359.98163265306124    0.1408163265306122 
 -16333.975610820373  -7454.017999851458   359.99387755102043    0.1408163265306122 
 -15624.558722526408  -8838.694453815868 0.006122448979591855    0.1408163265306122 
 -14915.134844843615 -10223.445093271483  0.01836734693877551    0.1408163265306122 
 -14205.685596405405 -11608.452970253225 0.030612244897959162    0.1408163265306122 
 -13496.195104571185 -12993.876129966184  0.04285714285714287    0.1408163265306122 
 -12786.650005388165  -14379.84761095804 0.055102040816326525    0.1408163265306122 
 -12077.039443605681 -15766.475445292857  0.06734693877551018    0.1408163265306122 
  -11367.35507264258  -17153.84265863328  0.07959183673469389    0.1408163265306122 
 -10657.591054589306  -18542.00727030297  0.09183673469387754    0.1408163265306122 
   -9947.74406020829 -19931.002293300717   0.1040816326530612    0.1408163265306122 
 -19851.951495991478 -4005.2948784753617   359.95714285714286   0.15306122448979592 
 -19142.541210727624  -5389.890036686806   359.96938775510205   0.15306122448979592 
  -18433.19916057691 -6773.8104638240375   359.98163265306124   0.15306122448979592 
  -17723.89762398683  -8157.332314494787   359.99387755102043   0.15306122448979592 
  -17014.61138822793  -9540.706735570695 0.006122448979591855   0.15306122448979592 
 -16305.317749333715 -10924.159866556081  0.01836734693877551   0.15306122448979592 
    -15595.996512083  -12307.89283987036 0.030612244897959162   0.15306122448979592 
 -14886.629989979476  -13692.08178113561  0.04285714285714287   0.15306122448979592 
 -14177.203005220254 -15076.877809385398 0.055102040816326525   0.15306122448979592 
 -13467.702888679865 -16462.407037237175  0.06734693877551018   0.15306122448979592 
 -12758.119479902507 -17848.770571024823  0.07959183673469389   0.15306122448979592 
 -12048.445127085835 -19236.044510870448  0.09183673469387754   0.15306122448979592 
  -19823.15614899949  -7476.796484916756   359.98163265306124   0.16530612244897958 
 -19114.006505230132   -8858.80420573604   359.99387755102043   0.16530612244897958 
  -18404.87360050658 -10240.650561059108 0.006122448979591855   0.16530612244897958 
 -17695.732917022575 -11622.579770675786  0.01836734693877551   0.16530612244897958 
 -16986.562445720643 -13004.811047302159 0.030612244897959162   0.16530612244897958 
 -16277.342686256263 -14387.538596884027  0.04285714285714287   0.16530612244897958 
 -15568.056646977648 -15770.931618839175 0.055102040816326525   0.16530612244897958 
 -14858.689844901979 -17155.134306251748  0.06734693877551018   0.16530612244897958 
 -14149.230305704978 -18540.265846028975  0.07959183673469389   0.16530612244897958 
 -13439.668563699854 -19926.420418994414  0.09183673469387754   0.16530612244897958 
 -19795.379041282155  -10938.19181289159 0.006122448979591855   0.17755102040816323 
  -19086.41584388254  -12318.35260586903  0.01836734693877551   0.17755102040816323 
 -18377.420707345467 -13698.837310339524 0.030612244897959162   0.17755102040816323 
 -17668.372317491205 -15079.858212474006  0.04285714285714287   0.17755102040816323 
 -16959.251868824434  -16461.60259196942 0.055102040816326525   0.17755102040816323 
 -16250.043064515881 -17844.232722274843  0.06734693877551018   0.17755102040816323 
  -15540.73211638466 -19227.885870770056  0.07959183673469389   0.17755102040816323 
  -20477.40453509464  -13011.10116067845  0.01836734693877551   0.18979591836734694 
 -19768.611116217366 -14389.576334845658 0.030612244897959162   0.18979591836734694 
 -19059.760517026527 -15768.627251000322  0.04285714285714287   0.18979591836734694 
   -18350.8321182012 -17148.459269015668 0.055102040816326525   0.18979591836734694 
 -17641.807809074973  -18529.25274259632  0.06734693877551018   0.18979591836734694 
  -16932.67198761623 -19911.163019480304  0.07959183673469389   0.18979591836734694 
     -20451.55142754 -16453.407322703144  0.04285714285714287   0.20204081632653065 
 -19742.843351910262 -17831.045177105614 0.055102040816326525   0.20204081632653065 
  -19034.03184951146  -19209.71981112211  0.06734693877551018   0.20204081632653065 
 -20426.765466209552 -19885.134357593673  0.06734693877551018   0.21428571428571425 
