\ This script generates Case-3 astrometry challenges. The telescope used in this
\ challenge is affected by distortion. Artificial sources tiled in a grid
\ pattern are generated. A list of source positions on the focal plane and
\ original ICRS coordinates is provided. Solve the position angle and distortion
\ parameters.
\pointing_ra=0.0
\pointing_dec=0.0
\position_angle=147.73785229282672
\sip_c[0,2]=-2.1216142171162653e-08
\sip_c[1,1]=5.014483315248052e-08
\sip_c[1,2]=1.1581866529320277e-11
\sip_c[2,0]=2.5711687005627937e-08
\sip_c[2,1]=3.145128958631717e-12
\sip_c[2,2]=1.3718621335497764e-15
\sip_d[0,2]=6.731255027739752e-08
\sip_d[1,1]=-3.6782572413276125e-08
\sip_d[1,2]=1.2737336201395558e-11
\sip_d[2,0]=-2.9195267082562012e-08
\sip_d[2,1]=-2.65517604756347e-11
\sip_d[2,2]=3.4551794388876627e-16
|                  x|                  y|                  ra|                  dec|
|             double|             double|              double|               double|
|                   |                   |                    |                     |
|               null|               null|                null|                 null|
   19529.65922007566  20127.701571959726  0.04285714285714287  -0.21428571428571427 
  17302.831630915807  19661.318445610414 0.030612244897959162   -0.2020408163265306 
   18635.59551980196   18809.19500629834  0.04285714285714287   -0.2020408163265306 
  19965.767346398654  17956.352368179767 0.055102040816326525   -0.2020408163265306 
  13752.526517164013   20039.69987785464 0.006122448979591855  -0.18979591836734694 
   15087.15479074441  19191.298772270256  0.01836734693877551  -0.18979591836734694 
  16419.739325371083  18341.804434899983 0.030612244897959162  -0.18979591836734694 
   17750.10247600434  17491.463711258417  0.04285714285714287  -0.18979591836734694 
  19078.106336225792   16640.53345545907 0.055102040816326525  -0.18979591836734694 
  20403.652738208813  15789.280530444446  0.06734693877551018  -0.18979591836734694 
  10212.699893278987   20407.67125466484   359.98163265306124  -0.17755102040816326 
  11547.907382088748  19563.433204309316   359.99387755102043  -0.17755102040816326 
   12881.69544423035  18717.747023213968 0.006122448979591855  -0.17755102040816326 
   14213.82589012743  17870.844309638975  0.01836734693877551  -0.17755102040816326 
  15544.100269514114   17022.96667013434 0.030612244897959162  -0.17755102040816326 
  16872.359871287656  16174.365719718717  0.04285714285714287  -0.17755102040816326 
  18198.485723132322  15325.303082114839 0.055102040816326525  -0.17755102040816326 
  19522.398591576544   14476.05038997209  0.06734693877551018  -0.17755102040816326 
   8019.141998239944  19925.213984479473   359.96938775510205  -0.16530612244897958 
   9352.858152949702   19083.77914273361   359.98163265306124  -0.16530612244897958 
  10685.556449779247    18240.7767562823   359.99387755102043  -0.16530612244897958 
   12016.97789306425  17396.433184544345 0.006122448979591855  -0.16530612244897958 
   13346.90322697233  16550.984795109092  0.01836734693877551  -0.16530612244897958 
  14675.152935115024  15704.677963930184 0.030612244897959162  -0.16530612244897958 
   16001.58724037952  14857.769075527038  0.04285714285714287  -0.16530612244897958 
  17326.106104708422  14010.524523207174 0.055102040816326525  -0.16530612244897958 
  18648.649229059523  13163.220709307625  0.06734693877551018  -0.16530612244897958 
   19969.19605330489  12316.144045458528  0.07959183673469389  -0.16530612244897958 
  4502.1949786837595  20276.268748124774   359.94489795918366  -0.15306122448979592 
   5834.497530750002   19439.51175652115   359.95714285714286  -0.15306122448979592 
  7166.4979774460335   18600.85534152169   359.96938775510205  -0.15306122448979592 
   8497.876775865663   17760.51061579817   359.98163265306124  -0.15306122448979592 
   9828.354123793284  16918.698699939898   359.99387755102043  -0.15306122448979592 
   11157.68995925755  16075.650722608048 0.006122448979591855  -0.15306122448979592 
  12485.683960305212  15231.607820708172  0.01836734693877551  -0.15306122448979592 
  13812.175544505084   14386.82113957999 0.030612244897959162  -0.15306122448979592 
  15137.043868879233  13541.551833223642  0.04285714285714287  -0.15306122448979592 
  16460.207829697454  12696.071064519405 0.055102040816326525  -0.15306122448979592 
  17781.626062430118  11850.660005466521  0.06734693877551018  -0.15306122448979592 
  19101.296941700464  11005.609837469972  0.07959183673469389  -0.15306122448979592 
   20419.25858140741  10161.221751604704  0.09183673469387754  -0.15306122448979592 
   2327.931290629666  19784.567781860453   359.93265306122447  -0.14081632653061224 
  3657.9019237812718  18950.686310105088   359.94489795918366  -0.14081632653061224 
   4987.982109646788  18114.788535682022   359.95714285714286  -0.14081632653061224 
   6317.831497781347   17277.08033253164   359.96938775510205  -0.14081632653061224 
  7647.1494790192555   16437.77758243877   359.98163265306124  -0.14081632653061224 
   8975.675184898857  15597.106175157394   359.99387755102043  -0.14081632653061224 
  10303.187487338078  14755.302008571636 0.006122448979591855  -0.14081632653061224 
  11629.504998306464  13912.610988883793  0.01836734693877551  -0.14081632653061224 
  12954.486069460527  13069.289030815034 0.030612244897959162  -0.14081632653061224 
  14278.028792047462   12225.60205782095  0.04285714285714287  -0.14081632653061224 
  15600.070996749248  11381.826002321368 0.055102040816326525  -0.14081632653061224 
  16920.590253617556  10538.246805972569  0.06734693877551018  -0.14081632653061224 
  18239.603872131916   9695.160419918864  0.07959183673469389  -0.14081632653061224 
  19557.168901280096   8852.872805096473  0.09183673469387754  -0.14081632653061224 
 -1165.4752163277872   20118.58209101699   359.90816326530614  -0.12857142857142856 
  161.06737173589246  19289.887861940733    359.9204081632653  -0.12857142857142856 
    1488.52671301099  18458.868471345515   359.93265306122447  -0.12857142857142856 
  2816.5019066911586   17625.71454685589   359.94489795918366  -0.12857142857142856 
   4144.631794393325  16790.626723729536   359.95714285714286  -0.12857142857142856 
   5472.594959523335  15953.815644954848   359.96938775510205  -0.12857142857142856 
  6800.1097267393825   15115.50196140633   359.98163265306124  -0.12857142857142856 
   8126.934161500764  14275.916331981864   359.99387755102043  -0.12857142857142856 
   9452.866069676036  13435.299423788343 0.006122448979591855  -0.12857142857142856 
  10777.742997253128  12593.901912298885  0.01836734693877551  -0.12857142857142856 
   12101.44223009112  11751.984481592463 0.030612244897959162  -0.12857142857142856 
  13423.880793726286  10909.817824558424  0.04285714285714287  -0.12857142857142856 
  14745.015453343383   10067.68264314785 0.055102040816326525  -0.12857142857142856 
  16064.842713652759   9225.869648627304  0.06734693877551018  -0.12857142857142856 
  17383.398819051185   8384.679561869469  0.07959183673469389  -0.12857142857142856 
   18700.75975365987   7544.423113635343  0.09183673469387754  -0.12857142857142856 
  20017.041241576157   6705.421044905467   0.1040816326530612  -0.12857142857142856 
  -4644.308996772061  20441.201511959338   359.88367346938776   -0.1163265306122449 
    -3322.6589592058   19618.09015276518   359.89591836734695   -0.1163265306122449 
 -1999.2089645262101   18792.36390600032   359.90816326530614   -0.1163265306122449 
  -674.4204662226164  17964.198153214085    359.9204081632653   -0.1163265306122449 
   651.2848259577113   17133.77828341526   359.93265306122447   -0.1163265306122449 
   1977.524945239773  16301.299693192906   359.94489795918366   -0.1163265306122449 
  3303.9576672039766  15466.967786785233   359.95714285714286   -0.1163265306122449 
   4630.280509208611  14630.997976208979   359.96938775510205   -0.1163265306122449 
    5956.23072987611  13793.615681426687   359.98163265306124   -0.1163265306122449 
  7281.5853286610745  12955.056330465115   359.99387755102043   -0.1163265306122449 
   8606.161045496974  12115.565359618187 0.006122448979591855   -0.1163265306122449 
   9929.814360487158   11275.39821362162  0.01836734693877551   -0.1163265306122449 
  11252.441493771963  10434.820345890537 0.030612244897959162   -0.1163265306122449 
   12573.97840528122   9594.107218724206  0.04285714285714287   -0.1163265306122449 
    13894.4007947123   8753.544303573042 0.055102040816326525   -0.1163265306122449 
  15213.724101533882   7913.427081298577  0.06734693877551018   -0.1163265306122449 
    16532.0035051121   7074.061042464573  0.07959183673469389   -0.1163265306122449 
   17849.33392477469   6235.761687631498  0.09183673469387754   -0.1163265306122449 
  19165.850020062844   5398.854527690167   0.1040816326530612   -0.1163265306122449 
  -6791.882709078942   19934.93529484044   359.87142857142857  -0.10408163265306122 
 -5473.8968386048255  19114.900279550577   359.88367346938776  -0.10408163265306122 
  -4153.673808254962  18292.139918828703   359.89591836734695  -0.10408163265306122 
 -2831.6958815624134    17466.8243556887   359.90816326530614  -0.10408163265306122 
  -1508.405577697833   16639.13374057646    359.9204081632653  -0.10408163265306122 
  -184.2056721953251  15809.258231422384   359.93265306122447  -0.10408163265306122 
  1140.5408023146936  14977.397993745324   359.94489795918366  -0.10408163265306122 
  2465.5105554979687   14143.76320077642   359.95714285714286  -0.10408163265306122 
  3790.4200387810874  13308.574033539551   359.96938775510205  -0.10408163265306122 
   5115.025444836382  12472.060681055353   359.98163265306124  -0.10408163265306122 
   6439.122707232459   11634.46334047118   359.99387755102043  -0.10408163265306122 
   7762.547500012685  10796.032217247719 0.006122448979591855  -0.10408163265306122 
   9085.175237547872   9957.027525364048  0.01836734693877551  -0.10408163265306122 
   10406.92107427922   9117.719487534905 0.030612244897959162  -0.10408163265306122 
  11727.739904597951    8278.38833545604  0.04285714285714287  -0.10408163265306122 
  13047.626362817637   7439.324310044907 0.055102040816326525  -0.10408163265306122 
  14366.614823234962   6600.827661732507  0.06734693877551018  -0.10408163265306122 
  15684.779400177771   5763.208650737856  0.07959183673469389  -0.10408163265306122 
   17002.23394824671   4926.787547393306  0.09183673469387754  -0.10408163265306122 
  18319.132062479537  4091.8946324649796   0.1040816326530612  -0.10408163265306122 
  19635.667078744464   3258.870197505397   0.1163265306122449  -0.10408163265306122 
 -10245.161873499988  20240.077357585407    359.8469387755102  -0.09183673469387754 
  -8934.161186235371  19426.114989212558    359.8591836734694  -0.09183673469387754 
  -7619.948673605237  18609.160568464384   359.87142857142857  -0.09183673469387754 
  -6303.067155585195  17789.368992534106   359.88367346938776  -0.09183673469387754 
  -4984.019706204389   16966.90516594423   359.89591836734695  -0.09183673469387754 
 -3663.2696544145733  16141.944000585838   359.90816326530614  -0.09183673469387754 
 -2341.2405849386328  15314.670415787663    359.9204081632653  -0.09183673469387754 
 -1018.3163389741995  14485.279338390152   359.93265306122447  -0.09183673469387754 
  305.15898509706705  13653.975702836657   359.94489795918366  -0.09183673469387754 
  1628.8810311567925  12820.974451317692   359.95714285714286  -0.09183673469387754 
  2952.5851847760114  11986.500533862014   359.96938775510205  -0.09183673469387754 
   4276.046572799823  11150.788908528273   359.98163265306124  -0.09183673469387754 
   5599.080062955656  10314.084541552169   359.99387755102043  -0.09183673469387754 
   6921.540263555729   9476.642407550553 0.006122448979591855  -0.09183673469387754 
   8243.321523228637    8638.72748971179  0.01836734693877551  -0.09183673469387754 
    9564.35793082122    7800.61478003641 0.030612244897959162  -0.09183673469387754 
   10884.62331526928   6962.589279577667  0.04285714285714287  -0.09183673469387754 
   12204.13124553231  6124.9459987014125 0.055102040816326525  -0.09183673469387754 
  13522.935030779377   5287.989957366693  0.06734693877551018  -0.09183673469387754 
  14841.127720370354    4452.03618542645  0.07959183673469389  -0.09183673469387754 
  16158.842104178382   3617.409722943283  0.09183673469387754  -0.09183673469387754 
  17476.250712793888  2784.4456205270544   0.1040816326530612  -0.09183673469387754 
   18793.56581788969  1953.4889396853641   0.1163265306122449  -0.09183673469387754 
   20111.03943264317  1124.8947531987608  0.12857142857142856  -0.09183673469387754 
 -12378.578642078535  19725.657390085824   359.83469387755105  -0.07959183673469389 
 -11071.887979761534   18914.89278497062    359.8469387755102  -0.07959183673469389 
  -9761.538192213538  18101.028204290895    359.8591836734694  -0.07959183673469389 
   -8448.09291103509  17284.213306811056   359.87142857142857  -0.07959183673469389 
  -7132.076021128669  16464.607758583283   359.88367346938776  -0.07959183673469389 
  -5813.971661648761  15642.381232995847   359.89591836734695  -0.07959183673469389 
  -4494.224226837507  14817.713410801858   359.90816326530614  -0.07959183673469389 
 -3173.2383668517195  13990.793980209677    359.9204081632653  -0.07959183673469389 
 -1851.3789884350288  13161.822636935089   359.93265306122447  -0.07959183673469389 
  -528.9712556052535  12331.009084357398   359.94489795918366  -0.07959183673469389 
    793.699409796715  11498.573033595458   359.95714285714286  -0.07959183673469389 
  2116.3873276272443  10664.744203658745   359.96938775510205  -0.07959183673469389 
  3438.8865589733373    9829.76232162673   359.98163265306124  -0.07959183673469389 
  4761.0309058218445   8993.877122801714   359.99387755102043  -0.07959183673469389 
   6082.693910764229   8157.348350934884 0.006122448979591855  -0.07959183673469389 
   7403.788856843338   7320.445758393682  0.01836734693877551  -0.07959183673469389 
   8724.268767318232   6483.449106441025 0.030612244897959162  -0.07959183673469389 
  10044.126405709769   5646.648165456624  0.04285714285714287  -0.07959183673469389 
   11363.39427572759   4810.342715218396 0.055102040816326525  -0.07959183673469389 
  12682.144621383357  3974.8425451890357  0.06734693877551018  -0.07959183673469389 
  14000.489427172313  3140.4674548156445  0.07959183673469389  -0.07959183673469389 
  15318.580418245108   2307.547253857104  0.09183673469387754  -0.07959183673469389 
  16636.609060726492  1476.4217627277912   0.1040816326530612  -0.07959183673469389 
   17954.80656216565   647.4408128545298   0.1163265306122449  -0.07959183673469389 
   19273.44387183677 -179.03575294309482  0.12857142857142856  -0.07959183673469389 
  -15805.67819490791  20013.188795726277   359.81020408163266   -0.0673469387755102 
 -14508.087004004708  19208.981209805916   359.82244897959185   -0.0673469387755102 
 -13205.770552818682   18401.42996013538   359.83469387755105   -0.0673469387755102 
 -11899.353033458749  17590.669459816534    359.8469387755102   -0.0673469387755102 
 -10589.418889530292  16776.844129208333    359.8591836734694   -0.0673469387755102 
  -9276.512817205054  15960.108395942001   359.87142857142857   -0.0673469387755102 
 -7961.1397661846595  15140.626694929013   359.88367346938776   -0.0673469387755102 
  -6643.764940619176  14318.573468404476   359.89591836734695   -0.0673469387755102 
  -5324.813799921313  13494.133165969763   359.90816326530614   -0.0673469387755102 
  -4004.672059569121  12667.500244694214    359.9204081632653   -0.0673469387755102 
 -2683.6856917509376  11838.879169177848   359.93265306122447   -0.0673469387755102 
 -1362.1609260203188   11008.48441167971   359.94489795918366   -0.0673469387755102 
  -40.36424982817252   10176.54045225057   359.95714285714286   -0.0673469387755102 
  1281.4775910230658   9343.281778853938   359.96938775510205   -0.0673469387755102 
   2603.177591950099   8508.952887573047   359.98163265306124   -0.0673469387755102 
  3924.5884892749436  7673.8082827541275   359.99387755102043   -0.0673469387755102 
   5245.602759966292   6838.112477240537 0.006122448979591855   -0.0673469387755102 
   6566.152621469524   6002.139992563674  0.01836734693877551   -0.0673469387755102 
  7886.2100315854605   5166.175359210502 0.030612244897959162   -0.0673469387755102 
    9205.78668843439   4330.513116863189  0.04285714285714287   -0.0673469387755102 
  10524.934030482027   3495.457814679918 0.055102040816326525   -0.0673469387755102 
  11843.743236701399   2661.324011586316  0.06734693877551018   -0.0673469387755102 
   13162.34522665245  1828.4362765906633  0.07959183673469389   -0.0673469387755102 
  14480.910660825955   997.1291891105425  0.09183673469387754   -0.0673469387755102 
  15799.649940956531  167.74733932426997   0.1040816326530612   -0.0673469387755102 
  17118.813210348366  -659.3546714635146   0.1163265306122449   -0.0673469387755102 
   18438.69035446167 -1483.8122304371507  0.12857142857142856   -0.0673469387755102 
  19759.611001364367 -2305.2507128648294   0.1408163265306122   -0.0673469387755102 
 -19213.941184149644    20288.3824786738    359.7857142857143 -0.055102040816326525 
  -17927.09338010544  19491.082443570238   359.79795918367347 -0.055102040816326525 
 -16634.378160813398   18690.21418858643   359.81020408163266 -0.055102040816326525 
 -15336.480282085047  17885.896881205543   359.82244897959185 -0.055102040816326525 
 -14034.044749241719  17078.259696180725   359.83469387755105 -0.055102040816326525 
 -12727.676818288082   16267.44181551567    359.8469387755102 -0.055102040816326525 
 -11417.941997008451  15453.592428443259    359.8591836734694 -0.055102040816326525 
 -10105.366046018778   14636.87073145759   359.87142857142857 -0.055102040816326525 
  -8790.434979688735  13817.445928307494   359.88367346938776 -0.055102040816326525 
  -7473.595067050888  12995.497230069803   359.89591836734695 -0.055102040816326525 
  -6155.252832576878   12171.21385518115   359.90816326530614 -0.055102040816326525 
  -4835.775056959727  11344.795029553561    359.9204081632653 -0.055102040816326525 
 -3515.4887777308713   10516.44998663956   359.93265306122447 -0.055102040816326525 
  -2194.681289892294    9686.39796757677   359.94489795918366 -0.055102040816326525 
  -873.6001464197199   8854.868221317409   359.95714285714286 -0.055102040816326525 
  447.54684131360904   8022.100004760024   359.96938775510205 -0.055102040816326525 
  1768.5916031112924   7188.342582956122   359.98163265306124 -0.055102040816326525 
   3089.405809701397   6353.855229277174   359.99387755102043 -0.055102040816326525 
   4409.900872476199   5518.907225630801 0.006122448979591855 -0.055102040816326525 
   5730.027943369986   4683.777862683879  0.01836734693877551 -0.055102040816326525 
   7049.777914753176  3848.7564401154614 0.030612244897959162 -0.055102040816326525 
   8369.181419364508  3014.1422668722544  0.04285714285714287 -0.055102040816326525 
   9688.308830498345   2180.244661459446 0.055102040816326525 -0.055102040816326525 
   11007.27026205612   1347.382952231958  0.06734693877551018 -0.055102040816326525 
  12326.215568734042   515.8864777183915  0.07959183673469389 -0.055102040816326525 
  13645.334346370686 -313.90541304447817  0.09183673469387754 -0.055102040816326525 
   14964.85593226511 -1141.6433601553756   0.1040816326530612 -0.055102040816326525 
  16285.049405567494 -1966.9679924753684   0.1163265306122449 -0.055102040816326525 
   17606.22358783684 -2789.5099272374473  0.12857142857142856 -0.055102040816326525 
   18928.72704358086  -3608.889769633449   0.1408163265306122 -0.055102040816326525 
  20252.948080892747   -4424.71811239058  0.15306122448979592 -0.055102040816326525 
 -20045.927298490606  18967.032777943452    359.7857142857143  -0.04285714285714287 
 -18758.107229851845   18169.53078725239   359.79795918367347  -0.04285714285714287 
 -17464.652459381166  17368.473003550193   359.81020408163266  -0.04285714285714287 
  -16166.22880598289  16563.983363283365   359.82244897959185  -0.04285714285714287 
 -14863.462338423078   15756.19581013703   359.83469387755105  -0.04285714285714287 
 -13556.939376467377  14945.254295010287    359.8469387755102  -0.04285714285714287 
 -12247.206491951258  14131.312776003646    359.8591836734694  -0.04285714285714287 
 -10934.770509801612  13314.535218449273   359.87142857142857  -0.04285714285714287 
   -9620.09850894769  12495.095594931625   359.88367346938776  -0.04285714285714287 
  -8303.617823188717  11673.177885345569   359.89591836734695  -0.04285714285714287 
  -6985.716041952295     10848.976076947   359.90816326530614  -0.04285714285714287 
    -5666.7410110508  10022.694164473625    359.9204081632653  -0.04285714285714287 
  -4347.000833270385   9194.546150215932   359.93265306122447  -0.04285714285714287 
 -3026.7638689761443   8364.756044165757   359.94489795918366  -0.04285714285714287 
 -1706.2587365896438   7533.557864149249   359.95714285714286  -0.04285714285714287 
 -385.67431299315143   6701.195635975807   359.96938775510205  -0.04285714285714287 
   934.8402660951148   5867.923393640273   359.98163265306124  -0.04285714285714287 
  2255.1756058370424   5034.005179509251   359.99387755102043  -0.04285714285714287 
  3575.2620521238864   4199.715044525358 0.006122448979591855  -0.04285714285714287 
   4895.069691394244  3365.3370484563075  0.01836734693877551  -0.04285714285714287 
   6214.608350613401   2531.165260141879 0.030612244897959162  -0.04285714285714287 
   7533.927597232446  1697.5037577606279  0.04285714285714287  -0.04285714285714287 
   8853.116739352756   864.6666291251834 0.055102040816326525  -0.04285714285714287 
    10172.3048258396   32.97797198105309  0.06734693877551018  -0.04285714285714287 
  11491.660646539962  -797.2281056631392  0.07959183673469389  -0.04285714285714287 
  12811.392732625312 -1625.6074851924313  0.09183673469387754  -0.04285714285714287 
     14131.749356956 -2451.8060370264534   0.1040816326530612  -0.04285714285714287 
  15453.018534538842 -3275.4596202373095   0.1163265306122449  -0.04285714285714287 
   16775.52802299855  -4096.194082152562  0.12857142857142856  -0.04285714285714287 
  18099.645323275905    -4913.6252579385   0.1408163265306122  -0.04285714285714287 
  19425.777680207895  -5727.358970164495  0.15306122448979592  -0.04285714285714287 
 -19590.886293092088  16849.346871875136   359.79795918367347 -0.030612244897959162 
  -18296.48458603022   16048.03400024372   359.81020408163266 -0.030612244897959162 
 -16997.335006394635  15243.304646590197   359.82244897959185 -0.030612244897959162 
 -15694.044686252211  14435.297523514946   359.83469387755105 -0.030612244897959162 
 -14387.181009002752  13624.161350803524    359.8469387755102 -0.030612244897959162 
   -13077.2716104042  12810.054855405251    359.8591836734694 -0.030612244897959162 
 -11764.804379589046   11993.14677148832   359.87142857142857 -0.030612244897959162 
 -10450.227459930042   11173.61584044887   359.88367346938776 -0.030612244897959162 
  -9133.949249893529  10351.650810986715   359.89591836734695 -0.030612244897959162 
  -7816.338403768932    9527.45043916082   359.90816326530614 -0.030612244897959162 
  -6497.723832395587   8701.223488510643    359.9204081632653 -0.030612244897959162 
  -5178.394703730156  7873.1887301393235   359.93265306122447 -0.030612244897959162 
  -3858.600443425467  7043.5749428689505   359.94489795918366 -0.030612244897959162 
 -2538.5507352809273   6212.620913378401   359.95714285714286 -0.030612244897959162 
 -1218.4155216202682   5380.575436357444   359.96938775510205 -0.030612244897959162 
  101.67499635521129  4547.6973147230665   359.98163265306124 -0.030612244897959162 
   1421.630358319114  3714.2553597908027   359.99387755102043 -0.030612244897959162 
   2741.399844686151  2880.5283915240143 0.006122448979591855 -0.030612244897959162 
   4060.972476439717   2046.805238747544  0.01836734693877551 -0.030612244897959162 
   5380.377015176223  1213.3847394275467 0.030612244897959162 -0.030612244897959162 
   6699.681963078897   380.5757409380003  0.04285714285714287 -0.030612244897959162 
   8018.995563063902  -451.3028996415174 0.055102040816326525 -0.030612244897959162 
    9338.46579896399 -1281.9223152138572  0.06734693877551018 -0.030612244897959162 
  10658.280395788488  -2110.943628330902  0.07959183673469389 -0.030612244897959162 
  11978.666820053186 -2938.0179508460633  0.09183673469387754 -0.030612244897959162 
  13299.892280184973 -3762.7863835447406   0.1040816326530612 -0.030612244897959162 
  14622.263726949595  -4584.880015756019   0.1163265306122449 -0.030612244897959162 
    15946.1278541359  -5403.919924952721  0.12857142857142856 -0.030612244897959162 
   17271.87109900992  -6219.517176323903   0.1408163265306122 -0.030612244897959162 
  18599.919643109894  -7031.272822335994  0.15306122448979592 -0.030612244897959162 
  19930.739413011263  -7838.777902270089  0.16530612244897958 -0.030612244897959162 
  -20425.35538885856  15530.614235920006   359.79795918367347  -0.01836734693877551 
 -19129.818295168414  14728.975947993631   359.81020408163266  -0.01836734693877551 
 -17829.761572992822  13923.934731323108   359.82244897959185  -0.01836734693877551 
  -16525.77341758783  13115.634067426721   359.83469387755105  -0.01836734693877551 
 -15218.402275853034  12304.227444952781    359.8469387755102  -0.01836734693877551 
 -13908.156847367707   11489.87835969765    359.8591836734694  -0.01836734693877551 
 -12595.506085350515   10672.76031463897   359.87142857142857  -0.01836734693877551 
 -11280.879197519955   9853.056819970825   359.88367346938776  -0.01836734693877551 
   -9964.66564691447    9030.96139317841   359.89591836734695  -0.01836734693877551 
   -8647.21515259668    8206.67755910173   359.90816326530614  -0.01836734693877551 
  -7328.837690351215   7380.418850059913    359.9204081632653  -0.01836734693877551 
  -6009.803493233556   6552.408805948405   359.93265306122447  -0.01836734693877551 
  -4690.343052111012    5722.88097438835   359.94489795918366  -0.01836734693877551 
  -3370.647116102051   4892.078910886653   359.95714285714286  -0.01836734693877551 
  -2050.866692917747   4060.256178987769   359.96938775510205  -0.01836734693877551 
  -731.1130491941875   3227.676350488736   359.98163265306124  -0.01836734693877551 
   588.5422893032079    2394.61300563962   359.99387755102043  -0.01836734693877551 
  1908.0675375272613  1561.3497333737575 0.006122448979591855  -0.01836734693877551 
  3227.4706510707083   728.1801315438217  0.01836734693877551  -0.01836734693877551 
   4546.799326160641   -104.592192795553 0.030612244897959162  -0.01836734693877551 
   5866.140999708967  -936.6536231142368  0.04285714285714287  -0.01836734693877551 
   7185.622849487049 -1767.6805331056778 0.055102040816326525  -0.01836734693877551 
   8505.411794305357  -2597.339286364294  0.06734693877551018  -0.01836734693877551 
   9825.714494307953 -3425.2862360468944  0.07959183673469389  -0.01836734693877551 
  11146.777351353665  -4251.167724520563  0.09183673469387754  -0.01836734693877551 
   12468.88650937021  -5074.620082982514   0.1040816326530612  -0.01836734693877551 
  13792.367854975402  -5895.269631071973   0.1163265306122449  -0.01836734693877551 
  15117.587017943157  -6712.732676454761  0.12857142857142856  -0.01836734693877551 
    16444.9493719195 -7526.6155143945725   0.1408163265306122  -0.01836734693877551 
  17774.900035097893  -8336.514427308517  0.15306122448979592  -0.01836734693877551 
  19107.923871056737  -9142.015684297565  0.16530612244897958  -0.01836734693877551 
  20444.545489574648   -9942.69554066312  0.17755102040816323  -0.01836734693877551 
  -19964.55760022716  13411.387625850843   359.81020408163266 -0.006122448979591855 
 -18663.431454509362    12605.9576273721   359.82244897959185 -0.006122448979591855 
  -17358.59041635296  11797.284682626158   359.83469387755105 -0.006122448979591855 
 -16050.563996061028  10985.527049123211    359.8469387755102 -0.006122448979591855 
 -14739.841956913362  10170.852991479005    359.8591836734694 -0.006122448979591855 
  -13426.87431612448    9353.44078147117   359.87142857142857 -0.006122448979591855 
  -12112.07134566249   8533.478698070343   359.88367346938776 -0.006122448979591855 
 -10795.803573050169  7711.1650275253005   359.89591836734695 -0.006122448979591855 
  -9478.401782043493   6886.708063434329   359.90816326530614 -0.006122448979591855 
   -8160.15701329647   6060.326106871018    359.9204081632653 -0.006122448979591855 
  -6841.320564899156   5232.247466497607   359.93265306122447 -0.006122448979591855 
  -5522.103992871899   4402.710458708679   359.94489795918366 -0.006122448979591855 
  -4202.679111596684  3571.9634078067616   359.95714285714286 -0.006122448979591855 
  -2883.177994125207   2740.264646158535   359.96938775510205 -0.006122448979591855 
 -1563.6929724835989   1907.882514414419   359.98163265306124 -0.006122448979591855 
 -244.27663785431452   1075.095361717695   359.99387755102043 -0.006122448979591855 
  1075.0581593041165   242.1915459375903 0.006122448979591855 -0.006122448979591855 
  2394.3383091649284  -590.5305660798945  0.01836734693877551 -0.006122448979591855 
   3713.630442659785 -1422.7625982326867 0.030612244897959162 -0.006122448979591855 
   5033.040931418676 -2254.1861648778117  0.04285714285714287 -0.006122448979591855 
   6352.715888055291 -3084.4728705202497 0.055102040816326525 -0.006122448979591855 
   7672.841166352056 -3913.2843094953696  0.06734693877551018 -0.006122448979591855 
   8993.642361590491  -4740.272065608914  0.07959183673469389 -0.006122448979591855 
  10315.384810924106  -5565.077711787764  0.09183673469387754 -0.006122448979591855 
  11638.373593823631   -6387.33280969382   0.1040816326530612 -0.006122448979591855 
  12962.953532648473   -7206.65890932295   0.1163265306122449 -0.006122448979591855 
   14289.50919317091  -8022.667548588002  0.12857142857142856 -0.006122448979591855 
   15618.46488535407  -8834.960252886041   0.1408163265306122 -0.006122448979591855 
  16950.284663983955  -9643.128534639005  0.15306122448979592 -0.006122448979591855 
   18285.47232958736  -10446.75389282111  0.16530612244897958 -0.006122448979591855 
  19624.571429270778 -11245.407812475183  0.17755102040816323 -0.006122448979591855 
 -19498.227858722374  11289.467354366563   359.82244897959185  0.006122448979591855 
  -18192.39782555817  10480.338619565295   359.83469387755105  0.006122448979591855 
 -16883.587247770276   9668.144644618855    359.8469387755102  0.006122448979591855 
 -15572.266952245778     8853.0584629489    359.8591836734694  0.006122448979591855 
 -14258.868020098786  8035.2631151101905   359.87142857142857  0.006122448979591855 
 -12943.781787462487   7214.951648829561   359.88367346938776  0.006122448979591855 
 -11627.359846264973  6392.3271190965415   359.89591836734695  0.006122448979591855 
 -10309.914044881582  5567.6025882416325   359.90816326530614  0.006122448979591855 
  -8991.716488773072   4741.001126069734    359.9204081632653  0.006122448979591855 
  -7672.999540999702    3912.75580997687   359.93265306122447  0.006122448979591855 
  -6353.955822686274  3083.1097251055885   359.94489795918366  0.006122448979591855 
  -5034.738213430927   2252.315964521661   359.95714285714286  0.006122448979591855 
 -3715.4598515854914  1420.6376293796966   359.96938775510205  0.006122448979591855 
  -2396.194134533812    588.347829149917   359.98163265306124  0.006122448979591855 
 -1076.9747188497627 -244.27031816941974   359.99387755102043  0.006122448979591855 
  242.20447960196523  -1076.923685807494 0.006122448979591855  0.006122448979591855 
  1561.3892856540995 -1909.3091379687246  0.01836734693877551  0.006122448979591855 
   2880.665264856902 -2741.1135295433232 0.030612244897959162  0.006122448979591855 
   4200.157723604326 -3572.0137058162954  0.04285714285714287  0.006122448979591855 
   5520.031709340365  -4401.676502155961 0.055102040816326525  0.006122448979591855 
   6840.492010817681  -5229.758743676025  0.06734693877551018  0.006122448979591855 
   8161.783158412845  -6055.907244883607  0.07959183673469389  0.006122448979591855 
   9484.189424577156  -6879.758809316638  0.09183673469387754  0.006122448979591855 
   10808.03482427078  -7700.940229149504   0.1040816326530612  0.006122448979591855 
  12133.683115533357  -8519.068284789633   0.1163265306122449  0.006122448979591855 
  13461.537800145274  -9333.749744454084  0.12857142857142856  0.006122448979591855 
   14792.04212428398 -10144.581363724119   0.1408163265306122  0.006122448979591855 
  16125.679079305095 -10951.149885086095  0.15306122448979592  0.006122448979591855 
  17462.971402594987 -11753.032037453037  0.16530612244897958  0.006122448979591855 
  18804.481578516145 -12549.794535663425  0.17755102040816323  0.006122448979591855 
  20150.811839328348 -13340.994079972694  0.18979591836734694  0.006122448979591855 
  -20333.99425239834   9974.567941762412   359.82244897959185   0.01836734693877551 
  -19027.05804724348   9164.895138462836   359.83469387755105   0.01836734693877551 
   -17717.3533682003   8352.174722460893    359.8469387755102   0.01836734693877551 
  -16405.33210567864   7536.584495967287    359.8591836734694   0.01836734693877551 
 -15091.406404603034   6718.312268290124   359.87142857142857   0.01836734693877551 
 -13775.948665195252   5897.555855889771   359.88367346938776   0.01836734693877551 
 -12459.291543717565   5074.523082471574   359.89591836734695   0.01836734693877551 
 -11141.727953098032   4249.431779070859   359.90816326530614   0.01836734693877551 
  -9823.511063551878   3422.509784197657    359.9204081632653   0.01836734693877551 
  -8504.854303046748   2593.994943947828   359.93265306122447   0.01836734693877551 
 -7185.9313577771245  1764.1351121837085   359.94489795918366   0.01836734693877551 
   -5866.87617251598   933.1881506998485   359.95714285714286   0.01836734693877551 
 -4547.7829508819805  101.42192940348164   359.96938775510205   0.01836734693877551 
 -3228.7061555928735  -730.8856734518542   359.98163265306124   0.01836734693877551 
 -1909.6605085962724 -1563.4467710525998   359.99387755102043   0.01836734693877551 
  -590.6209911361431  -2395.963467763123 0.006122448979591855   0.01836734693877551 
   728.4771562351785 -3228.1278588810087  0.01836734693877551   0.01836734693877551 
   2047.738433760721 -4059.6220303371856 0.030612244897959162   0.01836734693877551 
   3367.307082534153  -4890.118058384832  0.04285714285714287   0.01836734693877551 
   4687.367084845924  -5719.278009298849 0.055102040816326525   0.01836734693877551 
   6008.142164374834 -6546.7539390245865  0.06734693877551018   0.01836734693877551 
   7329.895786589307  -7372.187892821813  0.07959183673469389   0.01836734693877551 
    8652.93115917412  -8195.211904887108  0.09183673469387754   0.01836734693877551 
   9977.591232528526  -9015.447997963156   0.1040816326530612   0.01836734693877551 
    11304.2587003923  -9832.508182925729   0.1163265306122449   0.01836734693877551 
   12633.35600044114  -10645.99445834815  0.12857142857142856   0.01836734693877551 
  13965.345315029674 -11455.498810056439   0.1408163265306122   0.01836734693877551 
  15300.728571983935 -12260.603210662422  0.15306122448979592   0.01836734693877551 
  16640.047445547803 -13060.879619074765  0.16530612244897958   0.01836734693877551 
  17983.883357166633 -13855.889979999794  0.17755102040816323   0.01836734693877551 
  19332.857476693378 -14645.186223411916  0.18979591836734694   0.01836734693877551 
 -19862.393742352207   7851.063509395543   359.83469387755105  0.030612244897959162 
 -18551.703953539007   7037.721783472725    359.8469387755102  0.030612244897959162 
 -17238.897948542948   6221.530822137412    359.8591836734694  0.030612244897959162 
 -15924.368936034052   5402.683203432629   359.87142857142857  0.030612244897959162 
 -14608.470380249517   4581.381512525545   359.88367346938776  0.030612244897959162 
 -13291.516001721191  3757.8383418099143   359.89591836734695  0.030612244897959162 
  -11973.77977787307  2932.2762909977228   359.90816326530614  0.030612244897959162 
 -10655.495943619717  2104.9279672712046    359.9204081632653  0.030612244897959162 
  -9336.858991803327  1276.0359853996097   359.93265306122447  0.030612244897959162 
  -8018.023673643228    445.852967926559   359.94489795918366  0.030612244897959162 
 -6699.1049990563215  -385.3584546590485   359.95714285714286  0.030612244897959162 
  -5380.178236903152  -1217.325643733132   359.96938775510205  0.030612244897959162 
 -4061.2789152239343  -2049.765952299532   359.98163265306124  0.030612244897959162 
 -2742.4028213176452  -2882.386724763081   359.99387755102043  0.030612244897959162 
 -1423.5060018199558 -3714.8852966751106 0.006122448979591855  0.030612244897959162 
  -104.5047626463237   -4546.94899446927  0.01836734693877551  0.030612244897959162 
  1214.7243310849012   -5378.25513514894 0.030612244897959162  0.030612244897959162 
   2534.344455203653  -6208.471025997006  0.04285714285714287  0.030612244897959162 
  3854.5585267916604  -7037.253964241457 0.055102040816326525  0.030612244897959162 
   5175.609204442478 -7864.2512367059435  0.06734693877551018  0.030612244897959162 
   6497.778888658631  -8689.100119454135  0.07959183673469389  0.030612244897959162 
   7821.389722344885  -9511.427877396134  0.09183673469387754  0.030612244897959162 
   9146.803591306722 -10330.851763901843   0.1040816326530612  0.030612244897959162 
   10474.42212486831 -11146.979020364022   0.1163265306122449  0.030612244897959162 
  11804.686696553754 -11959.406875779101  0.12857142857142856  0.030612244897959162 
   13138.07842486166 -12767.722546273595   0.1408163265306122  0.030612244897959162 
  14475.118174023033 -13571.503234649976  0.15306122448979592  0.030612244897959162 
  15816.366554962515 -14370.316129873716  0.16530612244897958  0.030612244897959162 
  17162.423926246865 -15163.718406580361  0.17755102040816323  0.030612244897959162 
   18513.93039512523 -15951.257224538558  0.18979591836734694  0.030612244897959162 
   19871.56581863683 -16732.469728097753  0.20204081632653065  0.030612244897959162 
  -19386.44085874754   5724.900338379138    359.8469387755102   0.04285714285714287 
 -18072.785271030047   4908.007182908921    359.8591836734694   0.04285714285714287 
 -16757.595339717576  4088.4808927460554   359.87142857142857   0.04285714285714287 
 -15441.205593005305  3266.5288217388324   359.88367346938776   0.04285714285714287 
 -14123.910815638304  2442.3683309404464   359.89591836734695   0.04285714285714287 
  -12805.96604948595  1616.2267887090968   359.90816326530614   0.04285714285714287 
 -11487.586594122997   788.3415708672235    359.9204081632653   0.04285714285714287 
 -10168.948007227145 -41.039939174739686   359.93265306122447   0.04285714285714287 
  -8850.186105010705   -871.660350234527   359.94489795918366   0.04285714285714287 
  -7531.396962517193 -1703.2522631584668   359.95714285714286   0.04285714285714287 
  -6212.636913834732  -2535.538270647467   359.96938775510205   0.04285714285714287 
  -4893.922552305588  -3368.230957001476   359.98163265306124   0.04285714285714287 
   -3575.23073059376  -4201.032897893605   359.99387755102043   0.04285714285714287 
  -2256.498560712415 -5033.6366600967185 0.006122448979591855   0.04285714285714287 
   -937.623413964543  -5865.724801226094  0.01836734693877551   0.04285714285714287 
   381.5370791729774  -6696.969869411644 0.030612244897959162   0.04285714285714287 
  1701.1650292282097 -7527.0344030119595  0.04285714285714287   0.04285714285714287 
   3021.482288031742  -8355.570930256677 0.055102040816326525   0.04285714285714287 
   4342.750449069562  -9182.221968901478  0.06734693877551018   0.04285714285714287 
   5665.270847854208 -10006.620025868531  0.07959183673469389   0.04285714285714287 
   6989.384562430732 -10828.387596839992  0.09183673469387754   0.04285714285714287 
   8315.472413947597 -11647.137165862036   0.1040816326530612   0.04285714285714287 
   9643.954967283895 -12462.471204911106   0.1163265306122449   0.04285714285714287 
  10975.292531741181 -13273.982173459479  0.12857142857142856   0.04285714285714287 
  12309.985161844941  -14081.25251800889   0.1408163265306122   0.04285714285714287 
  13648.572658172803 -14883.854671600728  0.15306122448979592   0.04285714285714287 
  14991.634568262507  -15681.35105333794  0.16530612244897958   0.04285714285714287 
  16339.790187674167 -16473.294067846455  0.17755102040816323   0.04285714285714287 
   17693.69856097706  -17259.22610475299  0.18979591836734694   0.04285714285714287 
  19054.058482941196  -18038.67953812227  0.20204081632653065   0.04285714285714287 
  20421.608499730384 -18811.176725897767  0.21428571428571425   0.04285714285714287 
 -20221.326197332426   4413.834907939066    359.8469387755102  0.055102040816326525 
 -18906.775121945117    3596.13332969266    359.8591836734694  0.055102040816326525 
  -17590.88559968073   2775.820318335803   359.87142857142857  0.055102040816326525 
 -16273.973222620682  1953.1079963650216   359.88367346938776  0.055102040816326525 
  -14956.31383968018   1128.218493463339   359.89591836734695  0.055102040816326525 
 -13638.143557142143   301.3839466036375   359.90816326530614  0.055102040816326525 
 -12319.658739195758  -527.1534997873985    359.9204081632653  0.055102040816326525 
 -11001.016008328987 -1357.1416936980345   359.93265306122447  0.055102040816326525 
   -9682.33224572577 -2188.3184753311107   359.94489795918366  0.055102040816326525 
   -8363.68459153918  -3020.411676921393   359.95714285714286  0.055102040816326525 
  -7045.110445077967 -3853.1391225313464   359.96938775510205  0.055102040816326525 
  -5726.607464988177  -4686.208627801188   359.98163265306124  0.055102040816326525 
 -4408.1335692910425  -5519.317999707341   359.99387755102043  0.055102040816326525 
 -3089.6069354040887 -6352.1550363017805 0.006122448979591855  0.055102040816326525 
 -1770.9060000296486   -7184.39752642611  0.01836734693877551  0.055102040816326525 
   -451.869459034116  -8015.713249387081 0.030612244897959162  0.055102040816326525 
   867.7037327863046  -8845.759974662824  0.04285714285714287  0.055102040816326525 
  2188.0543619828886  -9674.185461539415 0.055102040816326525  0.055102040816326525 
  3509.4629568866862 -10500.627458767909  0.06734693877551018  0.055102040816326525 
    4832.24978793299  -11324.71370417289  0.07959183673469389  0.055102040816326525 
   6156.774868294915 -12146.061924269337  0.09183673469387754  0.055102040816326525 
   7483.437954376771 -12964.279833842804   0.1040816326530612  0.055102040816326525 
   8812.678546554529 -13778.965135513954   0.1163265306122449  0.055102040816326525 
  10144.975889797626 -14589.705519292947  0.12857142857142856  0.055102040816326525 
  11480.848974632374 -15396.078662113465   0.1408163265306122  0.055102040816326525 
  12820.856537822494   -16197.6522273386  0.15306122448979592  0.055102040816326525 
  14165.597063509664  -16993.98386425705  0.16530612244897958  0.055102040816326525 
  15515.708784045379 -17784.621207563305  0.17755102040816323  0.055102040816326525 
   16871.86968126185 -18569.101876812398  0.18979591836734694  0.055102040816326525 
   18234.79748755251 -19346.953475859846  0.20204081632653065  0.055102040816326525 
  19605.249687064184  -20117.69359229114  0.21428571428571425  0.055102040816326525 
 -19740.608808414087  2286.0390240015545    359.8591836734694   0.06734693877551018 
 -18423.999958357403   1464.826472338003   359.87142857142857   0.06734693877551018 
 -17106.552446767644   641.2392592043319   359.88367346938776   0.06734693877551018 
 -15788.523186679882  -184.4957171214516   359.89591836734695   0.06734693877551018 
 -14470.129348745155 -1012.1415510872499   359.90816326530614   0.06734693877551018 
 -13151.548361751733 -1841.4513296970806    359.9204081632653   0.06734693877551018 
 -11832.917912975357 -2672.1681323735884   359.93265306122447   0.06734693877551018 
 -10514.335948559656  -3504.025030751678   359.94489795918366   0.06734693877551018 
  -9195.860673757381  -4336.745088488518   359.95714285714286   0.06734693877551018 
   -7877.51055309633  -5170.041361052947   359.96938775510205   0.06734693877551018 
  -6559.264310530517  -6003.616895467289   359.98163265306124   0.06734693877551018 
  -5241.060929463702  -6837.164730069202   359.99387755102043   0.06734693877551018 
 -3922.7996527209757  -7670.367894224003 0.006122448979591855   0.06734693877551018 
 -2604.3399824357252   -8502.89940805271  0.01836734693877551   0.06734693877551018 
 -1285.5016798901556  -9334.422282091047 0.030612244897959162   0.06734693877551018 
  33.935234739807335 -10164.589516990021  0.04285714285714287   0.06734693877551018 
  1354.2304827076066 -10993.044103153505 0.055102040816326525   0.06734693877551018 
  2675.6835270921574 -11819.419020367908  0.06734693877551018   0.06734693877551018 
   3998.633573242614 -12643.337237434087  0.07959183673469389   0.06734693877551018 
  5323.4595693477595 -13464.411711753792  0.09183673469387754   0.06734693877551018 
   6650.580207044655 -14282.245388905987   0.1040816326530612   0.06734693877551018 
   7980.453922084694 -15096.431202226644   0.1163265306122449   0.06734693877551018 
   9313.578895093202 -15906.552072328168  0.12857142857142856   0.06734693877551018 
  10650.493052379365 -16712.180906640093   0.1408163265306122   0.06734693877551018 
   11991.77406692705 -17512.880598908414  0.15306122448979592   0.06734693877551018 
   13338.03935924023  -18308.20402868833  0.16530612244897958   0.06734693877551018 
  14689.946098492477 -19097.694060809008  0.17755102040816323   0.06734693877551018 
  16048.191203590504 -19880.883544829747  0.18979591836734694   0.06734693877551018 
  -19256.65891624497  155.63435707253296   359.87142857142857   0.07959183673469389 
  -17938.68270128191  -668.9471568332185   359.88367346938776   0.07959183673469389 
 -16620.297227724997  -1495.648837276673   359.89591836734695   0.07959183673469389 
 -15301.700730572356 -2324.2290101630765   359.90816326530614   0.07959183673469389 
 -13983.051703183513  -3154.435993965461    359.9204081632653   0.07959183673469389 
  -12664.46889761167  -3986.008099580717   359.93265306122447   0.07959183673469389 
 -11346.031324953834  -4818.673630117548   359.94489795918366   0.07959183673469389 
 -10027.778255562112  -5652.150880697852   359.95714285714286   0.07959183673469389 
   -8709.70921919198  -6486.148138242318   359.96938775510205   0.07959183673469389 
  -7391.784005121044 -7320.3636812036875   359.98163265306124   0.07959183673469389 
  -6073.922662148731  -8154.485779322938   359.99387755102043   0.07959183673469389 
  -4756.005498542231  -8988.192693335057 0.006122448979591855   0.07959183673469389 
  -3437.873081896811  -9821.152674690073  0.01836734693877551   0.07959183673469389 
 -2119.3262389504516 -10653.023965205562 0.030612244897959162   0.07959183673469389 
  -800.1260553044447 -11483.454796762875  0.04285714285714287   0.07959183673469389 
   520.0061249360272 -12312.083390927111 0.055102040816326525   0.07959183673469389 
  1841.3886995364915 -13138.537958596384  0.06734693877551018   0.07959183673469389 
  3164.3798087137175 -13962.436699599564  0.07959183673469389   0.07959183673469389 
   4489.377335617096 -14783.387802281222  0.09183673469387754   0.07959183673469389 
   5816.818906957573 -15600.989443091465   0.1040816326530612   0.07959183673469389 
   7147.181893853901 -16414.829786131544   0.1163265306122449   0.07959183673469389 
   8480.983412417312  -17224.48698268719  0.12857142857142856   0.07959183673469389 
   9818.780324753785 -18029.529170754235   0.1408163265306122   0.07959183673469389 
  11161.169239842991  -18829.51447453203  0.15306122448979592   0.07959183673469389 
   12508.78651453687 -19623.991003912524  0.16530612244897958   0.07959183673469389 
  13862.308254624852  -20412.49685393186  0.17755102040816323   0.07959183673469389 
 -20088.543231433523 -1151.6110147911018   359.87142857142857   0.09183673469387754 
 -18770.063679739935 -1977.3110085628903   359.88367346938776   0.09183673469387754 
  -17451.35459178228  -2805.105393264271   359.89591836734695   0.09183673469387754 
 -16132.595266894763 -3634.7477262971624   359.90816326530614   0.09183673469387754 
 -14813.925262989873  -4465.981557641713    359.9204081632653   0.09183673469387754 
 -13495.444396905456  -5298.540429714654   359.93265306122447   0.09183673469387754 
  -12177.21274467964  -6132.147877137523   359.94489795918366   0.09183673469387754 
 -10859.250641780101  -6966.517426544508   359.95714285714286   0.09183673469387754 
  -9541.538683203331  -7801.352596354709   359.96938775510205   0.09183673469387754 
  -8224.017723573408   -8636.34689650128   359.98163265306124   0.09183673469387754 
  -6906.588877109162   -9471.18382817424   359.99387755102043   0.09183673469387754 
  -5589.113517558251 -10305.536883533614 0.006122448979591855   0.09183673469387754 
  -4271.413278017586 -11139.069545409135  0.01836734693877551   0.09183673469387754 
  -2953.270050730674 -11971.435286959577 0.030612244897959162   0.09183673469387754 
 -1634.4259867763506 -12802.277571346895  0.04285714285714287   0.09183673469387754 
  -314.5834956963582 -13631.229851370292 0.055102040816326525   0.09183673469387754 
  1006.5947549593137 -14457.915569085526  0.06734693877551018   0.09183673469387754 
  2329.4858401019233 -15281.948155406142  0.07959183673469389   0.09183673469387754 
   3654.506577797575 -16102.931029699177  0.09183673469387754   0.09183673469387754 
   4982.113529812582 -16920.457599340396   0.1040816326530612   0.09183673469387754 
   6312.803002436906 -17734.111259269113   0.1163265306122449   0.09183673469387754 
   7647.111047218298 -18543.465391510115  0.12857142857142856   0.09183673469387754 
    8985.61346195749  -19348.08336469337   0.1408163265306122   0.09183673469387754 
  10328.925791499505 -20147.518533549617  0.15306122448979592   0.09183673469387754 
 -19600.355332974697  -3283.702042342538   359.88367346938776    0.1040816326530612 
 -18281.374165222045  -4112.719900969698   359.89591836734695    0.1040816326530612 
 -16962.510779521093  -4943.556984862859   359.90816326530614    0.1040816326530612 
  -15643.88579835565  -5775.952075556055    359.9204081632653    0.1040816326530612 
 -14325.580103326416 -6609.6339470232815   359.93265306122447    0.1040816326530612 
 -13007.634835441248 -7444.3213654498295   359.94489795918366    0.1040816326530612 
 -11690.051395294086  -8279.723089028636   359.95714285714286    0.1040816326530612 
 -10372.791443139615  -9115.537867722129   359.96938775510205    0.1040816326530612 
   -9055.77689897851  -9951.454442993221   359.98163265306124    0.1040816326530612 
  -7738.889942495567 -10787.151547544501   359.99387755102043    0.1040816326530612 
  -6421.973012950182  -11622.29790500303 0.006122448979591855    0.1040816326530612 
  -5104.828808993958 -12456.552229638668  0.01836734693877551    0.1040816326530612 
 -3787.2202884305434 -13289.563226005483 0.030612244897959162    0.1040816326530612 
  -2468.870667879573   -14120.9695886084  0.04285714285714287    0.1040816326530612 
  -1149.463422379783  -14950.40000153423 0.055102040816326525    0.1040816326530612 
  171.35771507668215 -15777.473138064752  0.06734693877551018    0.1040816326530612 
   1493.988754124142 -16601.797660265074  0.07959183673469389    0.1040816326530612 
  2818.8654475629405  -17422.97221858574  0.09183673469387754    0.1040816326530612 
   4146.463292119177  -18240.58545139357   0.1040816326530612    0.1040816326530612 
   5477.297529184002 -19054.215984533777   0.1163265306122449    0.1040816326530612 
   6811.923145666502   -19863.4324308427  0.12857142857142856    0.1040816326530612 
 -20429.177868497256  -4587.959993869832   359.88367346938776    0.1163265306122449 
   -19109.9950912463  -5418.336865700271   359.89591836734695    0.1163265306122449 
 -17791.105347268414 -6250.5060607418045   359.90816326530614    0.1163265306122449 
  -16472.61032360868  -7084.201592123281    359.9204081632653    0.1163265306122449 
 -15154.571966653244  -7919.147465424446   359.93265306122447    0.1163265306122449 
 -13837.012482392482  -8755.057678440979   359.94489795918366    0.1163265306122449 
 -12519.914336568241  -9591.636220971712   359.95714285714286    0.1163265306122449 
 -11203.220254728207 -10428.577074575325   359.96938775510205    0.1163265306122449 
   -9886.83322229282  -11265.56421230488   359.98163265306124    0.1163265306122449 
  -8570.616484435865 -12102.271598407176   359.99387755102043    0.1163265306122449 
  -7254.393545997145  -12938.36318805197 0.006122448979591855    0.1163265306122449 
 -5937.9481712350025 -13773.492927002171  0.01836734693877551    0.1163265306122449 
  -4621.024383573888 -14607.304751258918 0.030612244897959162    0.1163265306122449 
  -3303.326465248651 -15439.432586742727  0.04285714285714287    0.1163265306122449 
 -1984.5189568688352 -16269.500348882535 0.055102040816326525    0.1163265306122449 
  -664.2266569301745 -17097.121942246078  0.06734693877551018    0.1163265306122449 
   657.9653787598662 -17921.901260131683  0.07959183673469389    0.1163265306122449 
  1982.5118377084073  -18743.43218412165  0.09183673469387754    0.1163265306122449 
  3309.9071515078845 -19561.298583654818   0.1040816326530612    0.1163265306122449 
   4640.685496534878 -20375.074315551294   0.1163265306122449    0.1163265306122449 
 -19936.816769299476 -6721.7907819752445   359.89591836734695   0.12857142857142856 
   -18617.9973053534    -7555.4342181112   359.90816326530614   0.12857142857142856 
 -17299.736109658443  -8390.574141142946    359.9204081632653   0.12857142857142856 
 -15982.076193403718  -9226.929788303465   359.93265306122447   0.12857142857142856 
 -14665.020827587909 -10064.210389048949   359.94489795918366   0.12857142857142856 
 -13348.533543126785  -10902.11516483071   359.95714285714286   0.12857142857142856 
 -12032.538130912653 -11740.333328867104   359.96938775510205   0.12857142857142856 
  -10716.91864181013 -12578.544085837126   359.98163265306124   0.12857142857142856 
  -9401.519386556132  -13416.41663161088   359.99387755102043   0.12857142857142856 
  -8086.144935613915 -14253.610152942158 0.006122448979591855   0.12857142857142856 
  -6770.560118916147 -15089.773827148156  0.01836734693877551   0.12857142857142856 
   -5454.49002558402 -15924.546821749715 0.030612244897959162   0.12857142857142856 
   -4137.62000353871 -16757.558294127208  0.04285714285714287   0.12857142857142856 
  -2819.595659049619 -17588.427391130095 0.055102040816326525   0.12857142857142856 
  -1500.022856212195 -18416.763248677304  0.06734693877551018   0.12857142857142856 
 -178.46771635372392  -19242.16499135361  0.07959183673469389   0.12857142857142856 
   1145.543382646117 -20064.221731958165  0.09183673469387754   0.12857142857142856 
 -19442.765244722068  -8858.170710215998   359.90816326530614    0.1408163265306122 
 -18124.860683327774  -9694.903745571628    359.9204081632653    0.1408163265306122 
  -16807.70924619264 -10532.819708291923   359.93265306122447    0.1408163265306122 
  -15491.29526935164 -11371.623059541806   359.94489795918366    0.1408163265306122 
 -14175.563348949358 -12211.008252488906   359.95714285714286    0.1408163265306122 
 -12860.418341244751 -13050.659732047676   359.96938775510205    0.1408163265306122 
 -11545.725362620513 -13890.251934597201   359.98163265306124    0.1408163265306122 
 -10231.309789424644 -14729.449287678484   359.99387755102043    0.1408163265306122 
  -8916.957257812546  -15567.90620969163 0.006122448979591855    0.1408163265306122 
  -7602.413663463653 -16405.267109569435  0.01836734693877551    0.1408163265306122 
  -6287.385161273711 -17241.166386411667 0.030612244897959162    0.1408163265306122 
  -4971.538164939847  -18075.22842913473  0.04285714285714287    0.1408163265306122 
  -3654.499346478424 -18907.067616057302 0.055102040816326525    0.1408163265306122 
  -2335.855635687684 -19736.288314534435  0.06734693877551018    0.1408163265306122 
 -20264.948011296612 -10158.534779119296   359.90816326530614   0.15306122448979592 
 -18947.541826623496 -10997.014417280061    359.9204081632653   0.15306122448979592 
 -17631.047843016197 -11836.646007027177   359.93265306122447   0.15306122448979592 
 -16315.431461598522  -12677.12924129517   359.94489795918366   0.15306122448979592 
 -15000.618343774233 -13518.153805010988   359.95714285714286   0.15306122448979592 
 -13686.494411242955 -14359.399374857856   359.96938775510205   0.15306122448979592 
  -12372.90584594817 -15200.535618957447   359.98163265306124   0.15306122448979592 
 -11059.659089922243 -16041.222196586205   359.99387755102043   0.15306122448979592 
  -9746.520845090397  -16881.10875785796 0.006122448979591855   0.15306122448979592 
  -8433.218072958032 -17719.834943385038  0.01836734693877551   0.15306122448979592 
    -7119.4379942788 -18557.030383904872 0.030612244897959162   0.15306122448979592 
   -5804.82808861758 -19392.314699928756  0.04285714285714287   0.15306122448979592 
  -4488.996093844658 -20225.297501335695 0.055102040816326525   0.15306122448979592 
 -19767.297575933262  -12296.72015679178    359.9204081632653   0.16530612244897958 
  -18451.62895647757 -13138.227454902975   359.93265306122447   0.16530612244897958 
 -17136.985313046334 -13980.552474526387   359.94489795918366   0.16530612244897958 
 -15823.273372369262 -14823.380132413035   359.95714285714286   0.16530612244897958 
 -14510.360121638558 -15666.385337065527   359.96938775510205   0.16530612244897958 
 -13198.072808435092  -16509.23298841572   359.98163265306124   0.16530612244897958 
 -11886.198940550325  -17351.57797753923   359.99387755102043   0.16530612244897958 
 -10574.486285754385  -18193.06518631891 0.006122448979591855   0.16530612244897958 
   -9262.64287146768 -19033.329487111147  0.01836734693877551   0.16530612244897958 
  -7950.336984401121  -19871.99574236721 0.030612244897959162   0.16530612244897958 
 -19268.949812912193 -14437.372810783741   359.93265306122447   0.17755102040816323 
 -17955.472986383375 -15281.706288029427   359.94489795918366   0.17755102040816323 
 -16643.063533693097 -16126.505533383764   359.95714285714286   0.17755102040816323 
 -15331.569507585698 -16971.440687220453   359.96938775510205   0.17755102040816323 
  -14020.79922136195  -17816.17188135015   359.98163265306124   0.17755102040816323 
 -12710.521248652238  -18660.34923870892   359.99387755102043   0.17755102040816323 
 -11400.464423161415  -19503.61287301476 0.006122448979591855   0.17755102040816323 
 -10090.317838319766  -20345.59288843398  0.01836734693877551   0.17755102040816323 
 -20082.467891459877 -15733.880821712231   359.93265306122447   0.18979591836734694 
   -18770.3708973588  -16580.39419888967   359.94489795918366   0.18979591836734694 
  -17459.48418000145 -17427.338295001642   359.95714285714286   0.18979591836734694 
 -16149.636857774769  -18274.37848236651   359.96938775510205   0.18979591836734694 
 -14840.618309778538 -19121.170124734115   359.98163265306124   0.18979591836734694 
 -13532.178175568919 -19967.358576961466   359.99387755102043   0.18979591836734694 
 -19581.115713785686  -17876.40971216765   359.94489795918366   0.20204081632653065 
 -18271.990915878414 -18725.676692432105   359.95714285714286   0.20204081632653065 
  -16964.03671347811  -19575.00176774005   359.96938775510205   0.20204081632653065 
  -15657.02355156494 -20424.035533836082   359.98163265306124   0.20204081632653065 
  -20387.10435448928 -19169.536320579402   359.94489795918366   0.21428571428571425 
  -19079.99959720758 -20021.308988619832   359.95714285714286   0.21428571428571425 
