\ This script generates Case-4 astrometry challenges. The telescope used in this
\ challenge is affected by distortion. Astronomical sources are retrived from
\ the Gaia EDR3 catalog. A list of source positions on the focal plane and
\ original ICRS coordinates is provided. Solve the position angle and distortion
\ parameters.
\pointing_ra=359.7490802376947
\pointing_dec=0.45071430640991617
\position_angle=263.51781905210584
\distortion_K=(15.945109234469168,)
\distortion_S=(0.837123876600413, 3.031545854419579)
\distortion_T=(-29.043906701175747,)
\distortion_scale=0.9888811988195308
|                  x|                  y|                ra|                dec|
|             double|             double|            double|             double|
|                 um|                 um|               deg|                deg|
|               null|               null|              null|               null|
 -20221.835755387187   19733.16273949615  266.0622919502873 -28.893991239939947 
  -17610.55860109196   20238.53754024577 266.04699448076775 -28.878179435657927 
 -13627.385214696602  19978.176512209866 266.01837419026805 -28.860214973923018 
 -13137.248102002783  20413.164289600776  266.0171930874956 -28.855288882886683 
 -19925.030630105106 -20196.468040358664 265.84369277103974  -29.14602403113157 
  -19977.16889241969  -19961.96293445886 265.84542663482716 -29.144725057304985 
 -19156.322947135504 -19886.599417402795  265.8399732248671 -29.140039196502773 
 -19343.965109667457 -20119.085930200148  265.8399715164992 -29.142546770309277 
  -18777.62923765817 -19125.890435101548  265.8416647326406 -29.133035676614647 
  -17063.57779215867  -18748.64868344383  265.8315354323395  -29.12177781880116 
  -17673.25812807675 -17550.929529663135 265.84285060453243 -29.116915151183292 
  -15574.33275294185  -17880.82831511688  265.8258522863563  -29.10839942345554 
 -15267.017112430794 -17333.828266125376  265.8268097808631  -29.10319353112942 
  -20035.47851278972 -16894.163564476716  265.8635665825946 -29.124591840576112 
 -20287.024732813436 -15216.613456927675 265.87499645366404  -29.11473740464314 
 -19341.160532897233  -14818.50175769148  265.8705219035343 -29.107280005848448 
  -18744.28477668666 -14014.794623990778 265.87085760764563  -29.09891851314066 
  -19258.19166618718 -11896.119579490243 265.88660242916296 -29.087551853777384 
  -18101.75968679569 -15209.123298846858 265.85941602906945 -29.103550882406747 
 -18214.730785686566 -15469.880208385832  265.8587269666143 -29.105855401124387 
 -17670.831456411477 -15301.834842634024  265.8557968359054  -29.10196823173426 
 -17535.581048815406 -14588.456381014561  265.8589246110788  -29.09655354546138 
 -14993.809930312182  -17025.71351783727 265.82662755739057 -29.099751950696405 
  -16504.63413965258 -14818.767265744706  265.8502136572317  -29.09282201235838 
 -15873.401573672692 -14762.204447681908  265.8460103238625 -29.089229184168964 
   -15440.7661885052 -12187.750066917168  265.8576666772225 -29.070032182881622 
  -16498.31060254868 -13068.862863073247 265.86020284954503 -29.081224834431406 
 -14409.698860278799 -18581.594566578333  265.8133949850779   -29.1071183860631 
  -14320.71075260534 -17724.449054334127  265.8177310252897 -29.100960942837855 
   -12217.4229731243  -18661.09544551447  265.7971134149497  -29.09645676144426 
 -11748.861813655774 -17954.187894960007 265.79784521188424 -29.089364632374433 
  -7650.645125552598 -19767.947808066532  265.7576239747729 -29.080532231134704 
  -9729.067732652995 -18675.485479682564  265.7790478445791  -29.08385877760184 
 -11809.158967919504 -14872.991295158132 265.81614673760146  -29.06924945868786 
 -14671.438136408675 -12911.612119472244  265.8480102427966   -29.0708819351347 
 -14419.760059295031 -10199.442525658429  265.8616905892972   -29.0517852377316 
  -13668.45971339685 -10751.649596524325 265.85316604888703  -29.05158340338827 
  -11685.54797251741 -12936.001567026415  265.8264220375753 -29.055846636820874 
 -13057.692527408364 -10458.636210698793  265.8504594480942 -29.046560707848844 
   -12060.4578713779 -10618.826904472826  265.8423939499903 -29.042544791302294 
 -12977.604493243904 -10626.622849526846  265.8489273611156  -29.04725369060569 
 -10178.081552810409  -16297.12758735423 265.79613713283146 -29.070364852299793 
 -11371.298331102042 -14752.025060156224  265.8136915052901 -29.066220885672895 
  -8866.346260957298  -13570.88368748308 265.80246489339095  -29.04570055048943 
 -10144.369924501829  -12639.55614287681  265.8170391139069 -29.046066226818436 
  -9944.546381117578 -12491.750127818894  265.8164515190198 -29.044081029607778 
  -9958.767906088378  -11975.10676067582 265.81952452630725  -29.04076303683419 
  -9422.198436754186 -11391.806833971861 265.81901489807626 -29.034220492894917 
   -9898.80134274436  -9310.518235458268  265.8343480349147  -29.02304637597838 
  -5851.735838663999  -20440.54226811159  265.7406572006605  -29.07584783042831 
  -6039.650638434893  -19882.87293204676 265.74528887949054 -29.073094781398908 
   -4696.54483616592 -20197.441303829808 265.73372087308707 -29.068356454575866 
  -4484.428803771561  -19070.63996006049 265.73879524592195 -29.059797023865315 
  -4829.068693330895 -19875.507795675658 265.73656939263606 -29.066890545825615 
  -6033.077370450269  -18811.49223404571 265.75151753748383 -29.065944251785844 
  -7251.963283170857 -18677.360335815567 265.76112062700867  -29.07125331264734 
  -7567.308358332347 -17069.440878953446 265.77278720854844 -29.062194815978504 
   -7384.45088349868 -16005.550649513774  265.7776601116096 -29.054228386822384 
  -6717.699984126752 -15975.311644693411 265.77302017380447 -29.050643653369832 
  -5849.660817392001 -17756.941882831343 265.75635782192455  -29.05802039319893 
  -5624.380125736304 -16338.808726635458  265.7630050028293 -29.047498110745167 
  -4888.851772927227  -17032.13347393274  265.7536452753407 -29.048349902012244 
 -1503.3892253085191 -20059.063735050942 265.71143312745625 -29.051243120039185 
 -3011.4657859712192 -15685.102667061503  265.7479432949776 -29.029967783049944 
 -1087.6652589940322 -18296.366650170177 265.71877815374046 -29.037474928135307 
 -1104.8816341989802  -18042.75497579424  265.7203894308287 -29.035886703429714 
   -970.413145233676 -16787.182279516244 265.72677135124593 -29.026928856660717 
 -2051.3363239634373  -16808.08110606151 265.73445315915484  -29.03251741172386 
 -1468.3229360114458 -15849.734466159762   265.735843857026 -29.023268857823886 
  -6357.341624173281 -13373.788466732003 265.78551651611576 -29.031689498729396 
  -6026.471878371322 -15644.330779345322  265.7699534960372  -29.04495320241247 
   -5931.97271289765 -14492.097090860818  265.7759669001629 -29.036884493833384 
  -4643.999199626693  -13808.82572586607  265.7706386962605 -29.025882526868763 
  -7754.397067125996  -9355.924813505784 265.81868946310846 -29.012503524065234 
  -5603.495713521118 -11003.540634542356 265.79376629128126 -29.012378003160563 
  -5368.456474296496 -10899.027386574136 265.79267600174495  -29.01051223100736 
 -6402.1332902293025  -9440.044325753332 265.80848966246657 -29.006230575367315 
  -6094.326330971271  -8884.470618180756  265.8094576428779 -29.001076094126475 
  -4985.426317303033  -9279.406924902714 265.79922551861176 -28.998058887454008 
 -3065.7490784600955 -12869.271577126887  265.7647065190042 -29.011772891911004 
 -1437.2969626227266  -13665.07106681826  265.7483488369738  -29.00878779487854 
 -1981.6893195925206 -13919.269892862794   265.750795584158  -29.01318736522942 
 -4881.8240845486425   -8742.50458425365 265.80155712379707 -28.994060970074216 
   -4340.99005520117  -9163.840836635674  265.7952552757382 -28.994073021888926 
  -3544.831174568514   -8830.89725921593 265.79144191517423 -28.987925770249788 
 -1447.2449992730153 -10710.443462215108  265.7655405573501  -28.98959335501451 
 -2755.3338708815113   -9018.05263076802  265.7846933642101 -28.985181831206333 
 -2065.8899823984957  -8733.747780797928 265.78137099548326  -28.97989850896975 
  -2230.351350998967   -9291.29226626796 265.77934962710384  -28.98432135005826 
 -19814.310019577253  -7047.892787225477 265.91786921300013  -29.05862285461675 
 -19332.015159283565  -6915.148720500765 265.91519497559835 -29.055309001956537 
 -19722.779858079615  -5480.480208419282  265.9259532088851 -29.047974180843134 
 -17255.006607200216  -8290.134299349684 265.89273264342893 -29.053716378120967 
 -18551.558060604526  -6276.119138590527  265.9132329620767 -29.047191981980806 
  -19000.22364398431   -5389.88776632563 265.92134694160853 -29.043720751673874 
 -18368.925722725726  -6568.431903424362  265.9103055611292 -29.048163608787203 
  -18740.54693221377  -4976.969576570162 265.92180407223276 -29.039730126935574 
  -17147.68068313325  -6582.350236221457 265.90155854444885 -29.042054621150008 
 -17353.475666682185 -3656.4807298008686 265.91931160959683 -29.024177831508048 
  -20175.93626107791 -1186.7284621605727 265.95279748915664 -29.022607615545542 
 -20039.083818675823  -866.8253459410823  265.9535821392269 -29.019869106979584 
  -20307.87685439708   435.0195411469978 265.96254841307217   -29.0129215067161 
  -19084.81012481883 -2267.2380574646436  265.9392027126897 -29.024012155173835 
 -19530.461868449995  -503.2596068709086  265.9519919216546 -29.014975306308198 
 -18721.032376617786 -1587.5682616683207  265.9403695405348 -29.017814933507424 
 -18268.311343176676   842.5278603798528  265.9504473717632 -29.000035471095757 
 -18655.394224053438  1431.3077675166671   265.956359876252 -28.998253209993937 
  -19373.63543670185  3539.3622289685477  265.9727513722726 -28.988558234121488 
  -16981.78822888106  1316.7880778884423  265.9439771839045  -28.99054420808231 
 -17514.271452813322    3276.07137320799  265.9583188138918 -28.980861306542742 
  -20313.79873897477  3837.9603989543566  265.9809141428835 -28.991411415109734 
 -18696.233244256804   4857.497392764498  265.9750711351891 -28.976879167102194 
 -17656.950213377208   6626.800705672626 265.97723418635996 -28.960635081568487 
  -18200.44453768048   6112.582924967501 265.97829545447235 -28.966555923910082 
 -17327.246653376464   6063.973029060273  265.9719397409791  -28.96248246473372 
  -19876.15559820393   7463.610053352358   265.997107143765 -28.966557881187082 
 -19938.925759438018   8343.628654657647  266.0021676826272 -28.961421209589997 
   -20342.5727439078  10244.811220613734 266.01488643769665 -28.951724422207562 
  -19725.56499668646   9791.897255553544  266.0082624281033 -28.951424675231628 
 -19568.947242024475  11237.939508498512 266.01469393463293  -28.94178022553053 
 -20292.618609252248   16272.52631566831 266.04543074734096  -28.91491568444854 
 -18994.815066653606  15262.677525755504  266.0314070177943  -28.91454380795356 
 -17746.139734675628  15809.797649904216  266.0256049546729  -28.90508583455027 
  -19794.26540691736  18408.607220413276  266.0527679370144 -28.899719749701717 
 -15345.041294762517 -6751.1640147200815 265.88778792269295 -29.034004639871675 
 -12544.471098144546  -9549.084732099436  265.8519615407657 -29.038009215343433 
 -13732.674603779491  -9223.290571495947 265.86231961013465  -29.04191338959203 
 -12359.371809401926  -9444.907489047631  265.8512279876236  -29.03639015864048 
 -13068.288442488074  -7729.228552738872   265.866030528769  -29.02881279661203 
  -14454.97173853432  -5505.610857428217 265.88843467002005  -29.02142851822929 
 -14348.786712184934  -3533.442548451876  265.8986854022074 -29.008187699912153 
 -16002.489331171706  -3138.052985237086  265.9126145769117 -29.014007937488078 
 -14029.574835255464  -5903.605579798963  265.8831734854044 -29.021847544080746 
 -12592.571158779132   -4639.41934424461 265.88001681155396  -29.00642550566436 
 -13892.816604023865  -3413.341358968315  265.8961132183957 -29.005113652054515 
 -13584.840592595214  -3100.477713461086  265.8956640987329 -29.001552840549106 
 -11898.866662432416  -9344.700105306316 265.84849812316145  -29.03340087640588 
  -11709.23717039454  -6147.646873584063 265.86524338417127  -29.01168727395639 
  -8930.036616902675  -8936.237977522997 265.82952919239597 -29.015712864749133 
 -10819.281819045895  -5280.584213151647 265.86376603954017  -29.00160229852694 
 -10116.432976711158  -5612.684475765998  265.8568734916681 -29.000196544918303 
 -14636.578723796838 -1374.3504196392282  265.9126840204326 -28.995824056949463 
 -16189.411722330562  -943.3779006054328 265.92604178125214  -29.00090884351984 
 -13585.408426523069 -1643.5873064962668 265.90374519190124 -28.992242805917552 
 -13107.800685496784 -1220.7459938003271  265.9026934996977 -28.987143967765952 
 -14104.359306279388 -1642.8968084747794  265.9074298228569  -28.99485371897932 
  -13091.35939208343   38.38818959874707 265.90951628184774 -28.979065356404394 
  -13520.12613232416   554.8738350955064  265.9153878200804   -28.9779497456711 
 -13919.862436156684   2089.623191656405  265.9266001063932 -28.970271490242883 
  -14087.60931310015   2069.097638184356  265.9276723263644  -28.97124241811375 
 -14630.022990952575    4162.21280418929  265.9428378132855 -28.960831633985762 
  -11927.07978938209 -1202.7501355602083  265.8944107661036 -28.981090817249513 
 -11301.160707065594   670.2995642678413   265.900302438608 -28.966086835803033 
 -11380.039892864712 -355.30875047276095 265.89521023757203 -28.972966324441447 
 -10025.620743977226  -713.4353557835507  265.8836056040852  -28.96844411357404 
  -9802.867603980372 -1599.0434824041172 265.87710549115326  -28.97294481131372 
   -9830.25678786474  1446.7563254738247  265.8941390663286 -28.953841164583654 
 -12023.114444461577    2350.92687004392  265.9146235805262   -28.9591255249054 
 -13079.691007445139   4377.976789706147 265.93308990998577 -28.951729476005216 
 -10623.403693586682   3159.757368897307 265.90913642883226 -28.947069094253152 
 -10207.016567586203   5093.874178780633  265.9167040951797 -28.932963503853014 
  -8451.036452498329  -8339.884644245572 265.82949042458444 -29.009422481674495 
  -7077.049868186086  -8389.763160838454 265.81934310506296  -29.00281837826301 
   -7430.36891361808  -6446.906403367426  265.8329293696821 -28.992045873867458 
  -6858.325342688807  -5911.292033054543  265.8318659795374 -28.985725874372523 
 -7002.0169293527515  -4684.063175475512 265.83983229659344 -28.978575154330912 
  -5852.247898734578 -2031.5867397608508  265.8465230448353  -28.95593594577944 
  -3752.597289032115  -7699.507800972792  265.7994119936732 -28.981664746186226 
 -3919.0355867013086  -7277.255823726972 265.80301858556993 -28.979778742702944 
 -3413.2653002917336  -5514.189094203743  265.8094302003795 -28.965942309598788 
  -2052.987736498565  -7867.957746664139  265.7862435811718 -28.974255591345468 
 -1802.4064443704106 -7189.6848050037115 265.78832679596985 -28.968647322140896 
   -1684.37291587533  -7864.365926424466 265.78361731409024 -28.972393886103628 
 -3088.5646864336536  -4852.120820897394 265.81086163507575 -28.960096602837634 
  -8493.669306093787   946.9773155780713 265.88189711863265  -28.95031175608576 
  -7482.854278664261   672.3471012398056  265.8731940376967  -28.94700072126787 
  -8569.499074945217  1707.2911340473077  265.8866253196522  -28.94591858509665 
 -6487.2912630844685  1935.0143070805234  265.8730917998301  -28.93414313069461 
  -6099.750602863786  1973.9314947669063 265.87055267767676 -28.931978529150985 
  -8436.968018495358   2705.575421835996  265.8911679348866  -28.93901589463073 
  -7680.151984981749  2049.8185877151923  265.8821965730754  -28.93934925897566 
   -6111.18534919093    2889.91223015536  265.8756791109442 -28.926328566960613 
 -6173.3837433899525  2826.6873749269716 265.87577298084483  -28.92702969827088 
  -4300.953849080416  -731.6378096382373  265.8427237713216 -28.940015680515216 
   -5225.21276124206   816.2912198131596 265.85792739465865  -28.93488117374296 
 -2322.6907722107653   2183.847944445927  265.8448578923393 -28.912028605134147 
   -4348.91002547178   2587.872457739149  265.8614984826417 -28.919497383466016 
  -5302.276342420459   5000.861843295448 265.88151060163585 -28.909269715509488 
 -2548.9551295795063   4309.520718686667 265.85820184935517 -28.900002267248006 
 -3383.1303177653404  4450.1486239527685 265.86489214040495 -28.903226861664763 
 -15278.229524737071   4353.957227180659 265.94842745576983 -28.962880184984414 
 -15778.722949081632  6275.6454810398445 265.96223629249357 -28.953416564918566 
 -15670.641930567344   6872.461875916425 265.96465995352366 -28.949176666776424 
 -16221.764723682028   9412.389304746057  265.9819441545755 -28.936274591923635 
  -16802.71174898361    9344.86068838176 265.98563435656666 -28.939583712731057 
 -16700.595704402713    9737.45846261393  265.9869846962819  -28.93666700455308 
 -15038.306165159076   8903.533866737642  265.9710087755523 -28.933503561684905 
 -14390.935961517973  11024.749256482954  265.9776519191405 -28.917332200186554 
 -12487.324903775574   6544.275147872446  265.9405813874568  -28.93533205172745 
 -13075.709124433886   5652.182961237074  265.9399292385737 -28.943785671471158 
 -13155.131437551185   5469.987301664778 265.93950816030065 -28.945312520246702 
 -12695.414160988174   6492.552250256519  265.9417665906725 -28.936687462775144 
 -12686.490859526828   7788.142304387245  265.9486294173455 -28.928657690584394 
  -10198.43502848116   5250.131574768964  265.9174893610318 -28.931953017461552 
 -10572.757669997878   5183.185718387153  265.9197685511307 -28.934228239216147 
  -10544.58102395585   8758.524107195633 265.93876892439107 -28.912094673688294 
 -13051.412960840784  11437.589469094344  265.9704774765738  -28.90819563075366 
 -11816.910308072533  11940.633207089313 265.96450127808714 -28.899059467880583 
 -17316.434480722935  12460.101861505773 266.00544437554197 -28.923132579406126 
  -16316.69835514146  14053.352277952907 266.00675058804933  -28.90855443209893 
 -14414.245620212383  13789.041521882853 265.99220723129883 -28.900742476088137 
 -14831.552788641087  13574.247576848467 265.99399075854933  -28.90409456741981 
  -17662.31229683503  15566.676620462804 266.02378932394106  -28.90612649861396 
 -16922.479003423698  15708.300928703127  266.0194152111647 -28.901623703198492 
  -16838.35640262126   17704.31659625015  266.0289750124577 -28.889328277167884 
 -16893.953734047685   18250.38272586578  266.0321142855884 -28.886369428591177 
 -16661.681749254447  17580.564239163385 266.02713470295396 -28.889192259928592 
 -15603.914445850383   16676.20961586122  266.0152598386054 -28.889354252482118 
 -14346.759109755187  16367.123915182832 266.00500318836714  -28.88500819940442 
 -15911.280434877612  18692.350398306808 266.02759451948515 -28.878933345392813 
 -12363.140636285318  13702.203435993106 265.97750547392025 -28.891155504493412 
   -11465.2420180941   14159.69142512405  265.9736348229712 -28.884005350845744 
 -11385.940860846076  13195.468445532055  265.9680604850944 -28.889387968427265 
 -12203.222266413066  15799.268464349758 265.98724569587074  -28.87786017775569 
 -12646.022333228155  17263.404743421197 265.99782637071036   -28.8713606469158 
 -12888.903354935897  17156.442662336576  265.9989595687191  -28.87318104392113 
 -13867.531370573022   16787.46061808074 266.00383994867235 -28.880160959736926 
 -13405.256039649199   18391.40018542646 266.00881819368465 -28.868428827720958 
 -11513.693196119213  17914.025983782616  265.9933171695559 -28.861997251596026 
 -11363.596077381786   17759.12905978833 265.99148648360585 -28.862175627814043 
 -11627.691045199648   19641.38085978075 266.00289466134063 -28.852440471824153 
 -12124.287249884532   18505.40952932079 266.00055447530093  -28.86150330607374 
 -12100.157591729765  19597.436882816695 266.00593140973035  -28.85499568706851 
  -9307.587336842791   7054.043745380804 265.92094064119783 -28.916413411383175 
  -6730.965533556812   7138.277636777055  265.9032227575847   -28.9031829096003 
 -6500.6829313563485   8636.381604668375  265.9096685957506 -28.892917872485278 
  -9054.710594415785     9996.6083181224  265.9348997501106 -28.897212458970692 
  -9905.866388743942   12101.58713162381  265.9519948306936  -28.88868581520187 
  -9753.556359011256  11428.260757632755  265.9473817080354 -28.891992802296414 
  -8158.765685623414  13052.979427933546  265.9447788522758  -28.87442307499632 
  -2766.833502875762   6928.261528349762 265.87407122461894 -28.885036776191402 
 -3261.5707265521532   6589.328136812487  265.8757259175943 -28.889518800096933 
 -3355.1912623198427   8095.700946849101  265.8845649274351 -28.880813054003504 
 -3910.5759579857468   9086.941522093308 265.89383519661783 -28.877520605960644 
  -3613.735443213329   8947.271963639876  265.8909893155821 -28.876918159556862 
  -3436.050361789488   9849.887646954792 265.89459481985796 -28.870609790260833 
  -6137.987032154527  10679.838110897232 265.91804964004814 -28.878782771469336 
  -6202.403095771877   11181.88760730943  265.9211748470277  -28.87607816529913 
  -5016.370329628388  11281.951506370899  265.9133757775069 -28.869696097450607 
  -5853.621209783939  13313.770641545781 265.93001799904494  -28.86163536985593 
   -3031.40227756724  11066.882491391707 265.89827124548344  -28.86134308262922 
 -3065.8485565107426  11282.173904530206  265.8996648637861  -28.86022255707508 
  -3047.299516420699  12127.389338273384 265.90404458178324 -28.855090236424076 
  -8754.764032091634  13812.287804520323  265.9529261216784 -28.872803870849623 
  -6902.565717752191  13868.758063926523 265.94027891834935  -28.86343638919943 
  -7675.260157234868  14113.618159395995   265.946963637053 -28.865743528205517 
  -9087.251561244422   17852.76063787418   265.976189141993 -28.850550083536607 
  -9974.516204468784    19381.4718496461 265.99015372212045 -28.845926671799045 
  -9329.475361568393  18932.232858438845  265.9833982192215 -28.845417162513883 
   -9968.42198998219  19238.572123370803  265.9893837057059   -28.8467296466495 
 -10218.697709241304  20399.755987300665  265.9970125652116  -28.84119195393485 
  -9505.408803682212   19930.30520466052    265.98970246375 -28.840462618186063 
  -7556.245350466554  17391.032901378592 265.96317696907784 -28.845831511269935 
  -8372.908663918273  18087.069764172968 265.97243560849705 -28.845715235613124 
  -8142.415002821703  19538.874970312565  265.9782754950157 -28.836145268430034 
  -5156.483649582595   14225.52368268269  265.9299393904043  -28.85284391231223 
 -6189.4800264507485  14770.830428198324  265.9400244669778 -28.854624978972826 
  -5531.478862132142   14495.40135852209  265.9339807077802 -28.853063890633727 
 -6529.0122497812345   16206.68584943229 265.94988780774474 -28.847805856383697 
  -6071.324167478417  16857.424607469286 265.95007945039015 -28.841774853136403 
  -4981.994871167295  15743.525092257669 265.93667918396307  -28.84304870222512 
 -3458.0212549776625  15072.050520443285   265.922507670291 -28.839647726968984 
 -3530.3147556225217  15338.644423087226 265.92441400035864 -28.838429067411347 
  -3977.579284131515  16112.538734972495 265.93159452443206 -28.836042645600607 
  -3259.147238900246  15885.456811476057  265.9253871013637 -28.833917757600467 
 -5900.8721321782505  18842.219091685412  265.9591535064009 -28.829383916286492 
  -6091.490447201014   20147.41203401979   265.967174201011  -28.82274889026423 
 -4049.6360519841423  17793.047781702648 265.94085211410294 -28.826583204979677 
  -3995.957160508652   17836.21363246338 265.94070224489997 -28.826074809370137 
   9774.429307295926 -20327.229481059552  265.6287593476799  -28.99652517007543 
   498.5480291489553 -19766.068649859437 265.69869323608987  -29.03918896931661 
  2320.4100245419872 -19962.932038192386  265.6843929693899  -29.03131695848616 
  2071.3688995622997 -19175.940037818295   265.690816891091 -29.027371645835764 
   2071.406864484986  -18001.27232535967  265.6977167452336 -29.019628401584576 
  2238.3075311214234 -18365.970887462136 265.69437290304893  -29.02119268487336 
   1180.399727344091 -16948.094119896283 265.71031430825934 -29.017171082074093 
  3098.3654604307308 -20251.178198437006  265.6770908542383 -29.029312426448254 
   3212.849747738624  -17207.75270205059 265.69415249961816 -29.008693753847858 
   5647.123730435338 -15657.243881085209 265.68574637793216  -28.98642006029321 
   632.7754326024736 -14489.676346152111  265.7286301229254  -29.00379652530165 
  1586.8955022836135 -11006.113801981595  265.7420115170131 -28.976370923585527 
  1512.7753777091045 -12264.358412574285 265.73524657757065 -28.984896453138663 
  -584.6148292855808 -10044.487706995667 265.76317995764265 -28.980969354226477 
  -599.0292707871262 -10233.956342921088  265.7621903232905  -28.98226704484182 
  -634.7721773783327 -10931.331588429442   265.758419090685 -28.986963236660664 
 -154.47315958331828  -9692.712680974462  265.7621168692572 -28.976550958903665 
  287.64912618747434 -10575.597460335119 265.75384171737187  -28.98005478731519 
  -939.8014565290297 -8016.0502751273525  265.7774015169203 -28.969659334525392 
    80.6484154683848  -8715.730716465112   265.766054525912 -28.969081954610974 
  1775.3435416877371  -9945.667264322254 265.74679266515346  -28.96858483810159 
  1152.7988611691928 -10310.643469201215 265.74915512675443 -28.974033735024875 
  3707.4501899935985   -11602.5549844467 265.72332130552894  -28.96970188419572 
   5220.065551469229 -12342.845211364462  265.7081647256307 -28.967004979257716 
   4352.000792994349  -11857.98445498711  265.7172116288996 -28.968162071313316 
   4277.389143715946 -10720.053667010141 265.72435358857746  -28.96118596642877 
   2583.638519731649 -10083.795766344805  265.7401908668636  -28.96546630722165 
  2765.2468179712023 -10240.496987874307 265.73798074644077  -28.96557643118463 
  3652.1905446397095   -9079.71379786923  265.7383285238587 -28.953725484423632 
   3156.309585694877  -8622.921661737235  265.7445191572589 -28.953243677500495 
   4370.532791087281 -10126.663320736687  265.7271244985262 -28.956906057814685 
    7561.57868320902 -19621.541060124327  265.6487367401003  -29.00286483797799 
   7839.800872479283 -18400.324182176464 265.65393020908675  -28.99347503181683 
   6563.804831261617 -14070.021640239565  265.6884591465593  -28.97155606155751 
   9597.532551380638 -15213.468506382824 265.66007291189453 -28.964036785855924 
   9740.083888925188 -14650.292897352027 265.66235390569227 -28.959689405787255 
  10835.288917786454 -19913.444486436103  265.6236320081472   -28.9885741942721 
  10414.190814624597 -17593.374586707905  265.6402818165269 -28.975494385107933 
  11736.574255191219 -17542.056723771835  265.6311662226199 -28.968670736762032 
   13506.92589412689 -19033.394428968983 265.60982582321856  -28.96971485586264 
  12404.379279130337  -16848.47693982585  265.6304931100252 -28.960899854935356 
  10140.959046685539 -15531.766530690385  265.6543306450947 -28.963434862638955 
   10496.09675066773 -16060.688778821795  265.6486970389668 -28.965124961518644 
   11187.50595388189 -15254.007859106363 265.64850168972185 -28.956513258732436 
  10660.108915452025 -14315.890216069902 265.65775184259604 -28.953025422097646 
  11222.000024984258 -14647.581356299248 265.65180869088124  -28.95242423020652 
   9880.045264272576 -13822.861267818775 265.66619650350725  -28.95365519575939 
  10935.772433273349 -13795.044682015572 265.65883554950574 -28.948319076814933 
  12702.424318070007  -15884.48115184355 265.63403388691637 -28.953202236503262 
  12970.453667920969 -15531.188122578336  265.6342031067051  -28.94961430392373 
  12938.696731696537 -14495.143400745474 265.64049934713256 -28.943085510516855 
  12987.271878291967   -13861.5229815075 265.64386335936985 -28.938772247477722 
   8842.995982818034 -10076.573131105668 265.69542502952123  -28.93464869794607 
  7543.3687293204885  -9166.104715397369 265.70998168184985 -28.935172916236947 
   9914.313132669065 -11556.105014089722  265.6791812677246 -28.938901530528216 
   9778.201173398522 -11748.974039724542 265.67902800941346  -28.94080221007531 
  11132.414724089756 -11173.599707325999   265.672734597719  -28.93053069848522 
  12083.260659380376  -11675.92246930786  265.6630477107661 -28.929135542691597 
   9476.801261922563  -7632.604483208937 265.70506075807015 -28.916015912655013 
  12104.157319080556  -8474.762107430137  265.6815068532589  -28.90866612746963 
  11248.052305423495   -7958.05495804775 265.69057884855926 -28.909518949212046 
  13812.523065648951    -20135.419273697 265.60117531643687 -28.975403550113356 
  16918.053599595703 -20112.338038042395  265.5793888083522 -28.960133033655353 
  16312.413547384713  -20088.52939256818  265.5837922249554  -28.96291577771703 
  18133.056545461513  -20174.42717441287   265.570489220309 -28.954659316802086 
   18369.24720682849 -19210.273091085957  265.5744992274615   -28.9472754019369 
  18929.222260460272  -19884.35076796367  265.5666149782141  -28.94894203357258 
   19910.84784652969 -18607.413034198114  265.5672494618742  -28.93598326018903 
  15082.186983415855  -19016.85644217608  265.5987748551157  -28.96192839463237 
  15215.390974339356 -17654.710201281112  265.6058405726062 -28.952446940965704 
  15278.987258948157 -16156.946573109131 265.61418489056445 -28.942460493754748 
  15545.412460648762   -17360.9017869059  265.6052356212855 -28.948946893401384 
    16723.5444616503 -16217.408853698264  265.6036395777867 -28.935882917052147 
  14824.135695432944 -15158.597805806528  265.6232544635217  -28.93822664386523 
  13937.583349774963 -13961.553345154129  265.6365402220758 -28.934814898917544 
  13558.281515968454   -14117.6191561613  265.6383147582943 -28.937652619694692 
  13984.267396348954  -12460.80513666667 265.64498271212204  -28.92497254230976 
   14350.99605354285 -13004.556899740304 265.63920960174363 -28.926683739747844 
  16265.078907725288  -14251.42258378288 265.61839259442377 -28.925461917687425 
  16078.530049811152  -12230.04906422858  265.6315268547195 -28.913443968687652 
  16243.701315533035  -13579.80495690693  265.6224736204035 -28.921266278142255 
   16775.54620102155 -13368.896514489688 265.61995862851677   -28.9173717212461 
  16655.412644186963 -12075.160822736552  265.6283640560657 -28.909701458989876 
   17649.90678826991   -17541.2602982463  265.5893523625824 -28.939956058699188 
  20395.327269897694 -14948.601466474023  265.5853183844645 -28.910214751834538 
   17752.46571889168 -14085.975322353434 265.60888901731875 -28.917282182340532 
  18535.840998069645 -14134.267819123792  265.6031045817355  -28.91385468924481 
  18954.676483671163   -11737.6450280746  265.6141723342803  -28.89663206836144 
   19819.72033314569 -11932.001349241895 265.60697864816086 -28.893774190986292 
  13531.892749689778 -11347.819625583721 265.65468094797126  -28.92004576749678 
  14399.995609196247   -8038.56665586656  265.6677688023817 -28.894913152966517 
   15381.67247678211  -8480.128455350776  265.6582726289899  -28.89301660965044 
  17164.783926553886 -11852.059846995076 265.62607910904944 -28.905854844453174 
  17590.843883055295 -11803.719366148298  265.6233636943357 -28.903520354856273 
   18034.03671559326  -9125.853082314921 265.63584363544766  -28.88450676136643 
  17333.666887615163  -8849.729696977782 265.64237104053655 -28.886080769079456 
   17649.39677658762  -8218.546085337217 265.64381467993894  -28.88062635866387 
   17704.42007098164  -6511.360890362644 265.65331631160075 -28.869696299934315 
  17650.404316533324  -6086.407121113982  265.6561521065412 -28.867304120932705 
  18043.039566416075  -5166.129553065609 265.65870687171645 -28.859748481228007 
  20110.851912951468  -7562.984396945437  265.6303582524278 -28.864973817978875 
  18446.764761064085   -5575.82553332009  265.6535099723254 -28.860398948374744 
  20415.903654531547  -7689.888635559951  265.6274899651128  -28.86434052224411 
   -1498.70098138303  -6315.049614270667  265.7911443495704 -28.961530940601136 
  -83.60852564832831  -7082.497018148428 265.77660785414145 -28.959412963063194 
  1483.3702726730703  -7399.683553341008  265.7635512962747 -28.953678197051147 
    991.348552391471   -6710.84902094471 265.77102797126247  -28.95170925231705 
 -1262.2237185627096 -2812.7020913406263  265.8093336384384  -28.93809080138931 
  -903.5980824242806 -2273.4108740676056 265.80981385950736 -28.932916945178555 
   -962.330723983841 -1355.2667610414574 265.81540323674267  -28.92743028272626 
  368.92910177706847 -3435.2420553682396  265.7941487189388 -28.933972595393104 
   753.4602782164006 -1226.2576303371884  265.8038826793955 -28.918184661281398 
   3198.340946313234  -6448.667584833072 265.75672017108246 -28.939149396825066 
  3355.9327699112223 -1732.3828313832619   265.782458863671 -28.908621966263603 
  2691.4529209763323 -2822.4322624457086 265.78102646825954  -28.91870215660067 
   4039.840212326495 -2151.4629566560097  265.7752081384216 -28.907910048174543 
  -626.3847099302553  1211.3604338408072  265.8273789215092 -28.909742108786514 
 -154.00492852792283  2678.0821499210147  265.8321777200171  -28.89834392317306 
 -149.63409157625387  2702.2974360229787  265.8322810507087 -28.898173057780813 
  -983.7220969048644   4535.084933467998  265.8483375040339  -28.89096414378943 
  -1254.724947322191  6522.4433554643665 265.86115915876405 -28.880140373616804 
  -2300.920369448197    6168.91118742475 265.86663415175025 -28.887392668800324 
  -2243.202341885682   6256.059429651133  265.8667014743447 -28.886579166214336 
  1202.6536105026096    3896.43548246296 265.82929401070936 -28.884239659840816 
  131.41048100526064   6174.867129336263 265.84944295956984  -28.87552258954167 
  3781.2973939582453  1086.0111776575895  265.7953053341146 -28.889032206573802 
  4596.9759395758065  1820.6607890268804   265.793624088306  -28.88055580123277 
   4152.170884025297  3397.0906722503514 265.80558577578563  -28.87302781448415 
  4165.1682119393445   3045.271532634058  265.8035334576157  -28.87511928825167 
   2271.873378807459   6519.351574047408  265.8361794790863 -28.863084903025776 
   2810.412162803573   6368.371315460994  265.8315382403576 -28.861405925003865 
  3937.8110878354846   5108.813850522628 265.81660668823946 -28.863622668911866 
  3504.6022972274204  3881.8273040609442  265.8128760940014  -28.87318643544017 
  4050.3580453586233    5509.39338003758  265.8180245668033 -28.860650169393903 
   4288.658026775772   6003.114930123581  265.8190639663715 -28.856516143474455 
  4009.8201705203037   6462.384517419393  265.8235686191897  -28.85507664698698 
   6082.934629219175  -5853.840617790188  265.7395076697352 -28.921247943759074 
   7566.190967008005  -3810.760983803641  265.7406298213522 -28.901182640251704 
   5837.200722708525  -811.2150811737832 265.76999189145147  -28.89083378692908 
   9454.714615363797 -4991.9790076802865  265.7204241242061 -28.899472140068898 
   9928.236906290222 -3474.5961996654887  265.7257526928109  -28.88770302540257 
    9203.73626251977  -2665.122013091415  265.7355222343087 -28.886137865177524 
  11141.173096574037  -4507.801780912335 265.71122242268444 -28.888338515425446 
  11459.146793991014  -3637.959241787699  265.7139544576023 -28.881392884345892 
  10420.831774534558  -2283.879120182522  265.7290567834488 -28.877939214021104 
    12199.4664492385   -752.345157825557  265.7251822381039  -28.86001960091056 
   6708.903140958028  1124.5886651529765 265.77471561614175 -28.874668089739707 
    7185.55120332085  3715.6409708066467  265.7858571123797 -28.856534684525005 
   7623.388169954051   4099.992099684369  265.7849022010896 -28.852112288995855 
   5524.033411920594  4683.6719774430985  265.8030139302398 -28.858594451423897 
   5829.587987458096   7290.177554640295  265.8152627689864 -28.841399566123787 
   8468.952322956651    5462.48120096052 265.78650983336627 -28.839858002461302 
   8318.186420737833   6788.722951727371 265.79492770911395 -28.832603027196203 
   7338.184620617232   7743.875916157947  265.8071124984281 -28.831522611973423 
  11161.851037906896   3286.254114093654 265.75533532389665  -28.84027830120113 
  12298.513090575745   4531.963472421244 265.75430325356285  -28.82742046913837 
   8636.723516489204   7638.904479097134  265.7973781354366 -28.826016622937992 
  10970.196150550191    5170.63646509904 265.76723311618247  -28.82981331089429 
  10562.345849120218   6481.089110084215  265.7774007013844  -28.82387453083986 
   11443.55264489846   6723.086628124381   265.772539862776  -28.81830119551647 
  10390.494382333207   8350.869777938497 265.78895746684105 -28.813546418277337 
   -1288.13818785529    9226.00811540332 265.87608881951286 -28.863943270732403 
   953.9294247928877   8614.039268255712 265.85694512750865 -28.856796447981758 
  -660.9440585649004  10531.699158881369 265.87871133345004 -28.853084880215366 
 -2475.2940879768066  13820.021858403266 265.90901978123173 -28.842293260070033 
  -699.9160345626785  11856.999513791101  265.8861012703558 -28.845376244117343 
   7.947890567009925  11404.220101282257  265.8786937389154 -28.844664707832447 
    -913.39069863009  13232.285833971202  265.8949431869224  -28.83825564335694 
   1194.312186488132   8342.263452211204  265.8537684010853 -28.857273120490365 
   1125.184194754576  10616.228266665566 265.86658509992213 -28.843991444160647 
  1711.1220525540098  10482.615708955967  265.8617356807797 -28.841978876074087 
  2104.3644682523427   9425.703657385871 265.85323692134426  -28.84640165002106 
   4043.908664296372   10062.86707425382  265.8430244630014 -28.833337299423675 
   1932.884887294109   11433.00203879406  265.8653028421367  -28.83527130248604 
   4461.654771423295   12833.51714224099 265.85506601337556 -28.814992372424808 
  3359.5082596257275  12701.700166135997 265.86209808443596 -28.820987403606136 
  2804.7295628861316  13133.415599131982 265.86831073517567  -28.82108386400569 
   3871.484903890336  13462.367870116346  265.8625858733579  -28.81409784499677 
 -2428.5648852212353  16713.836589317754 265.92392300099135 -28.825094737771508 
 -1048.2017234487412  16166.984378763986  265.9114114071472 -28.821682077985795 
  -33.82927566363458  16361.465456729056 265.90534313959523  -28.81571450624872 
 -484.79496818326345  16006.405781250924   265.906627202724  -28.81992964488146 
  357.77017350649413  16418.742434657837   265.902907144666 -28.813519092993825 
  -496.6083120456606   15852.06387856632  265.9058968416643  -28.82088579159048 
 -1250.1263480660975   17210.57034927593  265.9182947357109  -28.81657628755849 
  -708.8716312148595  17712.236404105934  265.9171408664843 -28.811092624165706 
 -2012.1628815634947  19064.278504777703  265.9332587799506  -28.80948954167287 
  344.09039030787983  19433.834053108032 265.91877619795815 -28.796190842390054 
  -449.5405297269945  18857.878858739423 265.92130704660474 -28.803253392317302 
   1146.975089835027  14745.497258180118  265.8885374190539 -28.819517120695185 
   1653.488178242637   18519.87009400173  265.9048884846447  -28.79525086836327 
   2261.504069010238  17591.023674178334 265.89577582365956 -28.797724707000867 
   2981.852390019808  16310.579486618713 265.88398912767195 -28.801719928100766 
   4075.636095861112  17791.800178517668  265.8841709960425  -28.78804117105733 
    816.839449607824  19455.684646606725 265.91559893893594  -28.79383338791048 
     870.32380529991   19201.41618310626 265.91390294817495  -28.79503705508441 
   6570.450944429409   9596.913145017163  265.8226871206847  -28.82411967154822 
   7911.658594706886  10246.331059651495 265.81679520955106 -28.813954462552722 
   4733.396610766577  12653.285776169969  265.8521876392954 -28.814765438459112 
   5512.848816472149   14493.77756050103  265.8566027716941 -28.800343300402947 
   7390.679638446127  13134.163028163435  265.8361322699951 -28.799453902435108 
  7533.2549546413065  15743.963022107611  265.8491515167421  -28.78366343282522 
   7766.996891312089  15044.832698894093  265.8437748544907 -28.786607926169317 
   10721.84607921347   9902.343439118129 265.79516458233746 -28.802833124928377 
   11819.13536913834  12625.183571325186 265.80235466371295 -28.781832679296222 
  10644.675166359413   12614.59812828334   265.810516516677   -28.7873244959908 
   8529.340970015059  13155.206691707104 265.82826422992287 -28.794011918259216 
   4801.477287150129  15512.439502302126 265.86702287293747 -28.797774545813695 
   7869.737235344638  16264.890465368975  265.8495824981223 -28.779103281236072 
   7223.462317652874    17675.5976570854 265.86159617392735 -28.774024524179374 
   6584.445554700039  15768.882825961382  265.8559176838623  -28.78794228223753 
   6550.145884856621   16842.87343056225 265.86187559694577 -28.781922707622034 
   7991.881097301291  17988.541815318593 265.85789816709064 -28.768679762656255 
  11252.785013409999  20427.048485105297  265.8481249058383  -28.73994851482245 
  10290.960493666407  19563.541253101906 265.85023949634603  -28.74918514292005 
   9754.713771632567   19281.67948793765 265.85247551534593 -28.753229857317937 
  14580.524566657443   -4987.95997184736 265.68411376762236 -28.874950031456535 
  12735.429131238927  -2327.194819344971 265.71241535034227  -28.86718800391576 
  15328.456697729614  -4401.498156043156  265.6822103567272  -28.86776742288362 
   15034.11635990024  -4906.349808429738 265.68138164727424 -28.872294859614556 
  15809.551561256247   -4729.60633137124 265.67693108889665 -28.867534523316877 
  14760.807911457561 -2273.4947056249425 265.69841881623165 -28.857285498470237 
  12794.164559386978 -1411.1065428579818 265.71722757764496 -28.861257554177946 
  13369.741200960832  1257.8644622599309 265.72832284587145   -28.8422028793597 
  13622.763281701174  1264.1908273474928 265.72657481978604 -28.840976381292595 
   13747.16471418421   432.4755166846066 265.72098401971283 -28.845460260440365 
  14729.522418139315  116.92211525064192  265.7122690611156 -28.842776303398193 
  15109.304196937455  -330.7392325588313  265.7070484959476 -28.843730320655933 
   17430.34973674376  -4451.097322001178 265.66712972292004 -28.858190677650402 
   19244.36347646055  -3720.208612764038 265.65861315062665  -28.84521883357261 
  18063.965042790413   250.8661305228745   265.689607811623 -28.826434440061988 
  16588.355845142643   749.0374179838548 265.70278968639036 -28.830255269181706 
   17499.95620966561  1344.5624445954038  265.6997767036058 -28.822421999351302 
  18154.000439435124  109.66729996508326  265.6881730211972 -28.826874477139985 
  19376.351583609096   47.60883320647252  265.6792663377438 -28.821607850868727 
  13292.545162854663  1951.3201598129922 265.73278755663875  -28.83835058440779 
  13625.319304579152  2337.3462789262603 265.73262190449253 -28.834450351864206 
   13919.17091743168   3241.732652193562 265.73565005579667 -28.827610891502513 
  13172.457556461723   2573.645921145041 265.73714513329605 -28.835141232311024 
  13496.895811935907   5162.350520938309  265.7493973889589 -28.818042007754226 
  15967.696204076668   3553.860225442554  265.7230138643974 -28.816207432616388 
  12898.724717156872    9194.22647639591  265.7759947127642 -28.796892329116414 
   15281.10297861437   6230.634978730945  265.7428426512927 -28.803399434301227 
  14898.258927196426   9434.020437414585 265.76331554261793 -28.786265590451478 
  14626.672783738848  7833.4169193625885 265.75635295095367 -28.796928590837794 
  15795.438791349441   7942.796623754435 265.74877825832385 -28.790905257757387 
  16561.595992873597   3410.400253059117 265.71804034739125 -28.814320699633793 
   17183.49855346447   4302.567289217485 265.71870894812156  -28.80611225037148 
   16747.84302844635   5075.974222800582 265.72610433247513  -28.80350545031243 
  16699.385055757124   6043.636360217226  265.7318652767266 -28.797977665715695 
  18364.496201493206   5872.632415923712  265.7192711937808 -28.791364473650304 
  15927.363358746234   6428.560680068346    265.73942039198  -28.79924570646982 
  17418.998018699564   7400.791883617575 265.73441461455997 -28.786661613680828 
  17387.287341437815  10106.128344516166 265.74965151334857 -28.770973748482415 
  18987.463110033317  7481.0839244448625  265.7239235684941 -28.779047204965362 
  18378.130036698218   9824.470469671769  265.7411929878116  -28.76811830677951 
  20347.151791831035  -2134.987283100757  265.6600060253872  -28.83040338695024 
   20241.09892029174  1453.0650144858305 265.68122794674326 -28.809154920174073 
   20451.05145437296  2134.0500533522404  265.6836306777287 -28.804106625331645 
  20473.370494812014   6655.453934811339 265.70896630738184 -28.777165590980825 
  12370.239050314307   10838.77828874995 265.78874070548306 -28.789691901067474 
  13397.405675022355   9959.721350121028  265.7767184324778 -28.790093484107903 
  12339.551661668236  12116.663192182343 265.79594336174995 -28.782385568111856 
  13472.684811108877  12252.644237553126  265.7887635185724   -28.7763840569704 
   14424.68473517518  10773.868100182734  265.7740091183853 -28.780610644248366 
  13956.723395124442  12847.930339342229  265.7886316960911   -28.7707211110985 
  14175.562074864398  11990.735473631967 265.78242207738026 -28.774679761846166 
  13054.282566150114  16348.605336543333  265.8138776100994 -28.754769642247137 
   14002.56162889904  14674.176674065155  265.7982376054413  -28.76000750412081 
   16485.84071709247  11096.370811088384 265.76139473010375 -28.769320165935568 
   17109.76628483288  11362.285906185774  265.7585107043399 -28.764946012875583 
  15685.112535030725  13584.583806684559 265.78059943545304 -28.758602280194133 
  16125.547831855665  12240.662747386476  265.7701883707521 -28.764337894616965 
  17210.154596527107  12077.108173584578  265.7617397267225 -28.760362371048934 
  17725.016592866177  12232.220111799352  265.7590098631553 -28.757140838057712 
  15706.329790249238  15001.902840035262    265.78815698411 -28.750397141813984 
  17321.525632942143  16583.083914618306 265.78550603472604 -28.734151785611758 
  16177.377212801786   17601.54566897504  265.7989226009226 -28.733544953309195 
  15563.440090338136  16478.429519792735 265.79713434212533 -28.742651302024502 
   16444.53323840506  17531.450512702002  265.7966945598682 -28.732739803175825 
   16604.72332813701  16794.929200238766 265.79161740898064 -28.736172328461137 
  17964.425722292213   17198.22745456647 265.78437618049486 -28.727810075377803 
   18589.30943144322  16746.184302047193  265.7776114827767 -28.727565231842267 
  17479.051635564363  17661.495145850466 265.79023125470974  -28.72737524497358 
   18803.85160433487  16852.112726755484  265.7767007345466 -28.726013271928412 
  11838.691887675806   19856.94539790152 265.84104634272194 -28.740479220746195 
   13779.23976351244   17732.12818273765 265.81626064382476 -28.743630604331962 
   15691.46456997202   20080.96877229887 265.81554728294816  -28.72184424551749 
  18147.057082190546   19770.32374231733  265.7969289865705  -28.71262442028023 
    18436.7548071359  19387.438751883874   265.792881353612 -28.713466606428927 
  17724.007239184884  20387.982128169744  265.8031449287084 -28.711076164725473 
  17887.341870765078   20302.58862124187  265.8015629468634  -28.71082434566182 
  19708.222414830856  11762.348278413867 265.74265322530897 -28.750918606874677 
  19900.318182288025  17497.106782351428  265.7726137671381  -28.71752552540236 
   20073.03937895402  17439.274090663275 265.77110958897407  -28.71708464118615 
  19975.681828758323   19947.93691546514  265.7852781147678 -28.703555576458832 
