\ This script generates Case-4 astrometry challenges. The telescope used in this
\ challenge is affected by distortion. Astronomical sources are retrived from
\ the Gaia EDR3 catalog. Observation fields are set up around the Galactic
\ center region. A list of source positions on the focal plane and original ICRS
\ coordinates is provided. Solve the position angle and distortion parameters.
\pointing_ra=266.437145582242
\pointing_dec=-29.725229885313645
\position_angle=282.9818774733962
\distortion_K=(-30.03193449594025,)
\distortion_S=(-0.8750812493798303, -1.8051198366881906)
\distortion_T=(92.61390922544689,)
\distortion_scale=0.9948456433790754
|                  x|                  y|                ra|                dec|
|             double|             double|            double|             double|
|                 um|                 um|               deg|                deg|
|               null|               null|              null|               null|
  20259.371154908735   4252.126957137635  266.3542604689967 -29.877556200058784 
  20321.317274937584  3813.5760740832584 266.35815367259005 -29.878784305038145 
  19942.444057912264   6571.674294631288 266.33353961884626 -29.871172893992288 
   19612.72419264483   7107.857152501215 266.32936153816945 -29.867598340847923 
  20476.744082285746   10795.68452320028  266.2923945324737 -29.868821538464207 
   19826.47739880223  12136.443652439504 266.28127549071826 -29.861324737784777 
  18814.389423843604  11461.777090764563 266.29035718048124  -29.85404920776596 
  19201.835114666897  10393.450703768716 266.29951395765664  -29.85893869547394 
  17449.008589616733    7690.08777671001 266.32926031126067 -29.849002736064495 
   17859.62771335176   8587.046074487957 266.31988801194075 -29.850874878114187 
  18505.336680668857  10617.571220117885 266.29916503485936  -29.85286447417878 
  18887.427244297098  10592.209586899924 266.29843302076614 -29.856038256180867 
  16349.610542808872   9541.984873916717  266.3146600768251 -29.837061641998844 
  16555.395291881876  10545.163142077201 266.30473413366695 -29.837088935562786 
  20346.125295327245  16603.850437300483  266.2362873027503 -29.858726916856252 
  20355.772446251292  18218.334346844087  266.2201146118393 -29.856361017599667 
  19212.227240815937  18034.977861490526 266.22519783942823 -29.847054212373457 
  19132.049285450295  19349.067536350627  266.2121939928824 -29.844374034041685 
   19336.32219406866   18993.20766855129 266.21521160886687  -29.84662744080066 
  19686.168292022932   19721.37214884452  266.2068199748875  -29.84846127295821 
   18859.35980125412  18227.347484722606 266.22425925246887  -29.84381419297632 
  19485.955302280643   14442.81650063885   266.259892688254 -29.854889452488305 
  18609.522111262122  14034.414788815044  266.2661916470262 -29.848281840710705 
   19526.40987847003  15197.205481712821  266.2524179842151  -29.85405119080863 
  19531.763756053944  14943.423647867252 266.25488604013145 -29.854490005008394 
  18760.759023661885  14377.625213763717 266.26246418798013 -29.848989233375477 
  16546.010008095614   12675.69212365071 266.28456948412963 -29.833551868427676 
  17721.000652031635   12692.99446504782  266.2814126545209 -29.843114522545854 
  15928.581911189902  11755.571631385832 266.29485792796754 -29.830033537580917 
     14443.031938741  13455.663133532466  266.2823926222296  -29.81523547871271 
  14808.453260596405  12861.343813427613  266.2871446108495 -29.819162657816456 
  15212.305375699581  13362.746101615316  266.2813654778743  -29.82160766291772 
   18830.57400020849  16183.162056246798  266.2446294108869 -29.846740969416075 
   17471.75158310114  17292.070398129454  266.2373707650689  -29.83376183459052 
   17634.18591127716   17477.63901506051 266.23509550526927 -29.834811435632684 
  17031.207880056238  17615.275743705835 266.23536019734195 -29.829618520905296 
   16391.37795905677   17861.92186351073  266.2346332500355  -29.82396166152712 
  15440.384686202166   17377.68592106075 266.24192082120044 -29.816944767470623 
  13357.549180424332  14762.106201324901  266.2725912506442 -29.804326399623093 
  12735.737471682878  15892.107949497373  266.2632645365498 -29.797442694818514 
  12328.571548779431   16291.95380843895 266.26041243995826 -29.793498539060217 
  19252.808942092055   20175.42191071202  266.2034421915781 -29.844131694351994 
  16048.934823604644  19741.175461472096 266.21681806365933 -29.818153043552282 
  15914.755589732635  20112.507728154083 266.21344620522433  -29.81645634942934 
   14446.99285550732   20111.57001383338  266.2174060864819   -29.8043992798192 
  14060.836147049531   19740.85536904437  266.2221370660498 -29.801844781590077 
   12598.25592958411  19910.936492120505 266.22425140427964 -29.789655620575655 
  13288.851059585371  19815.134758718654 266.22341658803066 -29.795428831356244 
  12510.499536584754  19874.847964306933 266.22483664409606 -29.789003098248212 
  12975.318442684305   18454.87279153577 266.23769613110477 -29.795127177893892 
  11850.036237879087  18239.598502230416  266.2426558147871 -29.786387273944857 
  11269.697174531533   17579.68860692978 266.25054303265637 -29.782822780955783 
  12737.709078215981  19415.171417577123  266.2288179730803 -29.791609942652045 
  10182.083773790113  17911.726813465008  266.2499836616307 -29.773530061956865 
  11957.817961601035  20463.840271244528 266.22038725223564  -29.78353699831815 
   8505.772031203865   19906.19942710605 266.23454415198984 -29.756669177560294 
   19185.34506084353 -18761.210109455355  266.5633986904515  -29.90927251554802 
  19063.720934342742  -18214.59919631127  266.5587842601684 -29.907250831149206 
  20266.821827268806  -17227.94972677953 266.54753996474557  -29.91521652049589 
   19387.21875048726 -17807.742671107604 266.55450578757313 -29.909120396904502 
  20257.124782808485 -14603.619333129569  266.5241925416601  -29.91025789889427 
  19675.818029650873  -14053.12682656413 266.52051316767444  -29.90450427494894 
  19771.144356731413   -15533.0359418574 266.53347995061955  -29.90800712979535 
  18693.573650013444 -14929.788162901383 266.53035678169255  -29.89813371363063 
  18709.250147217797 -14377.704299682358 266.52542040909316 -29.897247264311996 
   17829.28275427003 -15673.357231193053 266.53874333074026  -29.89251163997116 
   17163.79010960769   -16282.1516931095 266.54550623402446 -29.888270327379995 
   17170.52572275634 -15955.146112708775  266.5425943129078  -29.88772096002916 
  17891.238132661623 -14858.049132453285  266.5313829986814  -29.89151223511798 
   17247.30144555249 -13292.561384216046  266.5188368899425   -29.8834680474803 
  17049.105095719347 -14750.893799875026 266.53217250408153 -29.884532202783834 
   20129.55718421755  -7913.358860492219  266.4647971585816 -29.897168181452823 
  20058.518793064413  -7239.839768015126 266.45892703194323 -29.895405015775555 
  19884.692798376505  -3603.128821883313  266.4266692055019 -29.887677383454744 
  20232.372658215034 -3606.3376345666074   266.425907802482  -29.89051726415903 
   19783.01109292633  -9582.322123689048  266.4804630382596 -29.897302222275037 
  18623.990641547884 -11695.473984964205 266.50176634295525 -29.891683704049726 
  19306.230674838163   -8209.03541319008 266.46924345424594 -29.890994039331577 
   18392.99584497702  -8816.717950767155  266.4766448549333  -29.88467527047595 
    17547.2428298935  -9017.815488631213  266.4802543930808 -29.878214630230946 
  17265.979835109385  -9871.730075122812  266.4884451943299 -29.877470232984706 
   17267.12492855626 -12135.368600234086  266.5085341874662 -29.881534287077503 
  16465.463628367692 -12141.988703589264  266.5102711766457 -29.875114184652247 
  17257.403979081944 -11355.508912716768 266.50163618951905  -29.88005337393532 
  17679.065552755932  -10969.99852729726  266.4973227936016 -29.882753806372047 
  15549.551724043473 -13729.740828663871  266.5262246219292  -29.87066144132183 
  16802.590327700782 -12705.764289298342  266.5145627214461 -29.878833509975472 
  16301.398756077917  -9510.649247481302 266.48728901942434 -29.869096500230466 
  13778.242126308372 -11172.238173317171  266.5072859969852  -29.85198076990181 
   19274.23709162728  -7124.221059132875  266.4596216003385  -29.88882597274971 
   17528.00338868043  -7758.079371894561  266.4690841536512 -29.875835213163896 
   16504.77128724674  -8067.487202696662  266.4740393968551 -29.868170657496258 
  15180.903962807995  -9552.159493337724  266.4900258077709 -29.860230268915494 
  13857.559604025168  -9560.150154870897  266.4928751685042  -29.84973945623794 
  13932.453941438276  -9615.500897685832 266.49320789748873  -29.85043069958331 
  13305.416888373351   -9277.54009678359  266.4915314268654 -29.844871662309814 
  15262.544412974697 -7934.3026302545995  266.4755096179181 -29.858019816651353 
  14590.136477099943  -7146.195804910576 266.46994818430653   -29.8512882533165 
  14193.976013646768  -7226.103588145936 266.47149966390214  -29.84828565198295 
  13014.921089056957  -8351.527777032132 266.48395335883896 -29.840941077674245 
  12481.215929518356    -8102.8995950126 266.48287381512677 -29.836294739631306 
  19019.680902582197 -19197.171796200488 266.56761276973293  -29.90874833794832 
   17946.10962493479 -20399.403193675258  266.5804628987071 -29.902309088512784 
  16275.270853780952 -20391.430815714033  266.5837246076192 -29.888803596395448 
   17214.76860668766  -17879.78080697559  266.5595654174982  -29.89164799894357 
  17496.028937304858 -17372.911034284458  266.5544994735631 -29.892971286622114 
   15990.30654196228  -18371.76253023696  266.5663957331369 -29.882722279943888 
  16291.068247392612 -18691.077281843696   266.568619650744 -29.885732236565154 
  16423.120862688374 -18523.474616613657 266.56686911632494 -29.886479547636664 
  15858.840352423598 -18730.529511784593 266.56983676035367  -29.88233813668465 
  14698.418890381217 -18559.158989541327  266.5706448561083 -29.872741488954613 
  14791.745218116486 -19148.216854450668 266.57566805092745 -29.874583564364432 
  12341.519490798408 -20022.568675305487 266.58825671199315 -29.856747725263542 
  15373.579038943411   -16300.7479811174 266.54931715597127   -29.8739521596359 
  14686.605377024765   -18214.8131861505  266.5676240978994 -29.872007561999034 
  15638.120937496322 -17632.427352776576 266.56056049889617  -29.87852621964317 
  15084.657902369001 -17167.932004252314  266.5575687850473 -29.873244109993564 
  16080.254048372171  -15249.12509769055   266.538574890588  -29.87767218760242 
  14881.609544543056 -14977.633444359242 266.53862445974306 -29.867606237051604 
   15844.82904938884 -15333.659126745826 266.53980446775176 -29.875943270921965 
  14838.436355861415 -14510.978310884875 266.53458988012613  -29.86641264099245 
  14194.881401400846 -15975.607972445823  266.5488339515396 -29.863967547206766 
  12728.133513828318 -15728.815028320452 266.54962146968796 -29.851897826817815 
   13118.36579642429 -19162.413264836203  266.5791243994937 -29.861300248548606 
  12077.181284493849  -19398.53784607695 266.58327283704443  -29.85349951686683 
  12305.555392464135  -19744.70498181885 266.58587525824123 -29.855946631684493 
  11346.262595215778  -20437.73543747972  266.5938824187437 -29.849660460002134 
  12707.285585486952 -16816.072738639745 266.55924651397817 -29.853719496979206 
  11916.711736572335  -16194.89489081563 266.55536068035684 -29.846346286434276 
  11304.675348766454 -17649.360247366523 266.56939191185944 -29.844186357088528 
  11468.495587879192   -17966.0745319558 266.57185490342033  -29.84605687649845 
  11535.510208778222 -17690.845248045804  266.5692973345359 -29.846079397850318 
   10563.08184057004 -17198.196343417392  266.5668986818499 -29.837534048758446 
    9829.31948254357 -19770.746175108306  266.5909903553909 -29.836498563703067 
   9797.299604566762  -19481.33118209751 266.58850562337375 -29.835714234822987 
   8592.157773000223 -18594.638792780264  266.5830848195044  -29.82466005251856 
   7108.295591586477  -19853.71069511868  266.5970680012773 -29.815397480125224 
   8043.436256951151 -20122.552887287795 266.59759594358763 -29.823177415816833 
   7896.339696384971 -19072.848549127222 266.58865869694176 -29.820106490745367 
   6967.479641058084 -18834.220226442845  266.5883920794447  -29.81244040528385 
  15018.033786478569 -13380.165424629084   266.524229175443 -29.865791363980776 
  12395.149168415379 -15058.499281536531 266.54438782922375 -29.848050556017235 
  12490.245017516807 -14853.444882553933 266.54238899162544  -29.84842865780115 
  12991.796357088651 -12876.390650831183  266.5239439020779  -29.84881682329849 
  12996.074998141077 -12595.999863743456  266.5214628103868 -29.848346641268385 
   11297.45844402414 -16148.876830097382  266.5561982707308 -29.841389094496858 
  10863.894413012882 -15740.362998992166 266.55347385517547 -29.837240980460308 
  10638.824010036747 -15958.330032374892  266.5558421570343 -29.835870752383872 
  11033.466087941117 -15570.594204186033  266.5516400326067 -29.838264124665816 
   9982.090185641091 -13767.345216545353 266.53790379405996   -29.8267692742595 
   10171.09079755662 -14689.438634398994   266.545626100119  -29.82990879089536 
  12942.558903766825   -10406.1034272186   266.502254606708 -29.844009721380907 
  11365.325777103686 -10433.391669384502 266.50575454885563  -29.83164607906436 
  11746.762218491414 -10389.593068798533  266.5045823596686   -29.8345638367522 
   9923.304678510676 -10928.016897988842  266.5130660328823 -29.821233184117965 
  11434.407571343821  -8659.629456219609  266.4899737439263 -29.829046005456313 
  11673.539749354339  -8397.764139112045  266.4871652383076  -29.83046150860879 
   8551.374488834836 -12486.967505477363  266.5295493519562 -29.813311458487462 
   8265.714050488195 -10222.365944322048  266.5102461050485 -29.807058811267837 
    8605.53602460397 -11061.236260805264  266.5169222402699 -29.811192479816835 
   8355.580527481532  -10536.29252427984 266.51282035546734 -29.808314745234192 
   7299.120084384335 -11831.581528940882  266.5263287319417  -29.80240923730657 
   6260.520708734639 -11695.910785306049 266.52723353165163 -29.794118170223776 
  6187.2196357129715   -11628.1542717325  266.5267874575878 -29.793430292879545 
   5742.653097010419 -11584.341621094833 266.52729852854594 -29.789913201491803 
   7158.378100739459  -18519.07558973673  266.5852497820448  -29.81335074843056 
   6641.416008033256  -17862.36214533012  266.5805077226836  -29.80814021524057 
   6625.371537726238  -17078.76073913498  266.5736681806773   -29.8065961936948 
   6158.725454124789 -17334.023869189143 266.57682887675605 -29.803438125792347 
   5405.963428092943 -17626.090754436053 266.58087496129707 -29.798134372843958 
   6633.297926302208 -15955.550290950323  266.5638071677409 -29.804629843509353 
   6384.374727721571 -15191.417181178538 266.55760683607775 -29.801324851900045 
   5800.361992824855 -15335.548845435058  266.5600311542917 -29.797060334729927 
   5480.006209570752   -15938.7338248154 266.56594918526025   -29.7956651628316 
   4236.317201742271  -19129.81527001634 266.59635299538604 -29.791808892080223 
   5427.516756168211 -19184.367010885406  266.5944923578384 -29.801125834105857 
   4293.133833038358 -18694.280825175265  266.5924250573677 -29.791459288062487 
  2856.8588383237384 -20116.478350861762  266.6077035048916 -29.782945915993906 
   3781.989978503487  -20462.65503793715 266.60892834773676 -29.790716868562264 
  2366.6589856789797   -19149.6764324745 266.60019570582637  -29.77741923186866 
  2208.4351142200794  -17958.41003683786 266.59008198850546  -29.77405514808703 
   3526.359194967032 -15539.604850780985 266.56632854284885  -29.77986436437076 
   4570.894483113148 -12414.471075405474  266.5369168835949  -29.78233936595974 
   3012.995789186445 -14108.526766745888  266.5548362444437 -29.773353148641686 
   2851.531943396586 -16920.112818226695  266.5797343462616 -29.777140929185553 
   3146.529995862853 -15661.705375771444 266.56814811352575   -29.7771567516616 
   2659.768010874763  -15089.83842018275 266.56411313120697  -29.77238682875176 
  20257.645109169807 -322.84658031247335  266.3961412368889 -29.885142978577093 
  18604.967765805686 -2236.3945936144496 266.41726052433563  -29.87494744599327 
  17913.910449893974 -3334.7625852513293  266.4286954648644 -29.871247389275332 
  18059.309811914885 -4048.7288633431012  266.4347768811916  -29.87364985950523 
   18259.04025398854 -2913.3858084619546  266.4241355659419 -29.873309018977128 
  17397.549441713105 -1195.5074877272612  266.4106146992897  -29.86342649558216 
  17185.470795330675  -881.9024389863852  266.4082673484552 -29.861186050698787 
   18968.42679447468  1933.0209790776275  266.3786282147629 -29.870853850089585 
   18480.26754759032   573.2071531286505  266.3921413516518 -29.869173054862944 
  18996.905059159075  1567.2698226856278 266.38189644910057 -29.871696619143936 
    17510.3864630968 -467.25750606763313   266.403788025383 -29.863096912424492 
  16508.215678597753   909.3596533188473 266.39362556659495 -29.852705467670642 
    16161.2982688168  -785.1834074749031 266.40970412093435 -29.852802966898153 
  15648.214928929865    652.523853473788  266.3978981185592 -29.846251823354958 
  16472.055292298875   -4366.59605417639 266.44113159674964  -29.86144403326504 
   15789.59500361695 -4082.0502658449295 266.44008510060945 -29.855495505492527 
   15213.16737875682  -5636.602143469255  266.4551975265812  -29.85360065870043 
  14788.779356118634  -5097.864998360291  266.4513182287911 -29.849286633982498 
  14903.174930022935 -3446.5845930100922 266.43634744848066 -29.847332924958682 
  14307.213723866353  -6056.593708110159  266.4608787829673 -29.847134934904638 
  12135.262338218081    -7601.9944388752 266.47917097967223 -29.832689344817645 
  12461.318468695208  -6768.493846484413 266.47111238094084 -29.833792092775862 
  12715.718493154916  -4640.254551442019  266.4517017106337 -29.832079068480628 
  11824.672672812982  -4584.811708210491 266.45310869823675 -29.824966108531843 
  12540.368732283614  -4760.000264003493 266.45313950205923 -29.830905083146597 
  13694.448106517257 -1682.6855179871673 266.42322447227866  -29.83469671717388 
  13654.449755395495 -1303.2587844553868  266.4199162087595 -29.833727424285506 
  12140.775336965085 -2478.6290434335024 266.43370516391104  -29.82379776553268 
   10824.35624410783  -786.3126283487662  266.4214493735985 -29.810524143004514 
  11320.776937872417  -3837.105514257071  266.4475441949862  -29.81970595017393 
  10870.128555228226 -3930.5981928038655 266.44933159629767  -29.81633307460133 
   9501.633109572593   -4260.56937255437  266.4551459312694 -29.806201981817708 
  11033.207767034815 -1889.4536442670155 266.43083814201646 -29.814070204774044 
  10646.445961457839 -1205.9785884805747 266.42557709150526  -29.80985349502278 
   8916.418862700006  -1455.971256394216 266.43149961024983  -29.79675407901211 
   7828.861050119226  -2327.676477001181  266.4415384471319 -29.789797867730236 
   16985.94325822306   4754.591750824854  266.3574868242004 -29.850100902217434 
   17220.18772131819   4386.664324177839  266.3603089014748  -29.85260349360028 
  16275.668622949916   6818.363863926244  266.3401684265514  -29.84095004850799 
  17732.145062422238   6811.303112341072  266.3367336523672 -29.852741499194398 
  15641.036098362543   5572.276178911986  266.3531449717554  -29.83791612283825 
  15781.456290585023   3436.274861340999 266.37235095947887 -29.842617506377167 
   15320.04600208292  3729.1496054457466  266.3707463116569 -29.838430083729733 
  14241.666550039177  3282.1348891581083 266.37727870414824 -29.830575464845115 
  14498.588824846884   2497.449314440244   266.383812671287  -29.83394955147352 
  14424.084833164072   2705.386415178185  266.3820970304356 -29.833004010466347 
   13941.22515730426   3088.692416535802 266.37971535634233  -29.82851174228534 
  13710.912934567788   5191.904072017124   266.361101025549 -29.823126209235475 
   13181.47300885706   4970.358788310398 266.36433240742855 -29.819289957131943 
  13288.122651763279   5204.536872051297 266.36195315743333   -29.8197417731474 
  12336.935710718713   3967.340979173039  266.3753629877566  -29.81429509998886 
   16722.31646844224   8060.983144746555 266.32757457661864  -29.84250701233167 
  16318.245825882488   6978.387493619919  266.3385875014598 -29.841028528976317 
  16809.506115094522   7558.423353556257  266.3320339008555  -29.84403867473626 
  14866.979416366594   6164.715751274039  266.3495149632353 -29.830722111430237 
  15420.747881895259   9653.889879677557 266.31587189806515  -29.82937743167414 
  15438.815481136837   9983.117063622667 266.31274782290205  -29.82898064171171 
  13948.965420225293   9540.483153967722  266.3204595709737 -29.817742528861302 
  13012.260211291916   7084.733846002759 266.34536858975883 -29.814378445549515 
  11334.088875226758   5141.287437961315  266.3669519169928 -29.804371839882563 
  11553.162453825444   5404.437146071695  266.3640649425375 -29.805654169201382 
   10641.67081197279   7076.285742436427  266.3508586671865 -29.795610239347997 
   10341.67934740828    7630.19064325665 266.34646233859763 -29.792298618606296 
  11485.350370904831   689.9652058021985  266.4068041429005  -29.81317662222577 
   10006.47624053182   801.5072183821385  266.4090202194225 -29.801370706132982 
   10569.49378160653  3455.8592524877054 266.38392528499736 -29.801227283636923 
  11951.128850346784   2716.576156901931 266.38754279331386 -29.813377125779937 
  11337.850954661724    2468.74652786935 266.39113560164174  -29.80896492596703 
   10588.64867809834  1960.3136682952484   266.397357692196 -29.803943620679696 
   8904.039732522788   375.3967887830872 266.41520469470214 -29.793482767358647 
   9469.466427241257  -808.8352883659234  266.4245597242258 -29.799951076128124 
    9306.21565912555   873.7044528356301 266.40988594905076 -29.795764195848854 
   7840.555691198265 -1651.7363609854028  266.4355161101907 -29.788711685519537 
   7430.699535328481  -828.6466337018127  266.4290678283617  -29.78409122427674 
   7077.482921437261  -795.9988976797431  266.4295228468166  -29.78128881998999 
   7397.417467695664   1423.634342827526 266.40906003830355  -29.77991789667521 
   6118.461161486321   285.2899528897977 266.42192570785096   -29.7719588001513 
   6792.781868004148   981.0585519034954  266.4142992773744  -29.77598340410894 
   8101.629435779607   4461.118803349416  266.3802563019296 -29.780151011509705 
   7025.751029080484  5668.5122343513785  266.3716789462406 -29.769657048230638 
   6549.367379440511   5480.814752886023  266.3744106888332  -29.76626661850174 
   6154.736019994667   3529.854065409515 266.39284196788594 -29.766587778854092 
    5482.57913044963   3651.066178431363  266.3931874274518  -29.76115266750414 
   5647.785706829832   4464.098335422501   266.385524858137  -29.76101782865141 
   4414.366013863761  3158.5487208472723 266.39986814655083 -29.753726997414926 
   4472.386031707074   4305.650544414898  266.3894541590933  -29.75216703060924 
   3784.583138852243   3221.657628689794   266.400629821842 -29.748738662241824 
   4329.254329118617   2511.574640173383  266.4058358303262 -29.754201191158575 
   10611.02325117439   -7849.83101189205 266.48454044686014  -29.82116372914029 
  10592.984427150828  -7080.296290376162 266.47778667897006  -29.81966898070478 
  10071.219835493204  -7524.061929313372  266.4827881898284   -29.8163678152768 
   9792.197940182221  -8624.946823203343  266.4930679246356  -29.81612812657861 
  10037.239960286694  -7618.161414956353  266.4836885586058 -29.816267828690602 
   8781.623485496104  -7786.363814265766 266.48776767870635  -29.80676875494677 
   9400.436095389492  -8721.565767867753 266.49472607626285 -29.813241012572256 
   8387.555516303782   -8789.76075593536  266.4974069393374 -29.805471318688966 
   7390.398982502069  -8233.391621974975   266.494558250233  -29.79674210232914 
   8441.257237989217  -7343.987166585952  266.4845742755174 -29.803340573054466 
   8214.603316588727  -7427.818898808791  266.4857796554306 -29.801725082976287 
   7187.136930214856  -7658.784033050729 266.48992313352824  -29.79415235196559 
   7930.772510253773   -9484.36063548092  266.5044462579752  -29.80314787459463 
   7062.212343899106  -9121.315812186034  266.5030288770638 -29.795764220507497 
  7235.9390804565965  -9916.529883590683   266.509656313788 -29.798518515680477 
   7734.593583081508  -9229.330576174163 266.50260623003084  -29.80117282214784 
    4888.95890326489 -10505.693155985544  266.5195700773915 -29.781403960528976 
    4591.74454375283  -9839.019661853674  266.5143302267881  -29.77792992719622 
  3761.4456590238906  -8871.142435763002 266.50752764010724  -29.76981851474619 
   5479.442562237928  -8938.788769296896 266.50464465253907  -29.78319104604686 
   3812.287438883517  -8806.924923887755 266.50686245290626 -29.770096653556443 
   8043.911236628661  -5665.505314883729   266.470603705014 -29.797302640475564 
    7826.53203660392   -5754.62469277767  266.4718402016708  -29.79576932535246 
    7056.99180347647  -4852.761369736146  266.4654800951831 -29.788214089834295 
   6226.901990023117 -4693.0941585605515 266.46578895755266 -29.781500640726577 
   5584.632340379933  -6398.412768709715  266.4821241147143 -29.779525974110527 
  4578.3663260641015    -6368.8916530604  266.4839206964508  -29.77170276647366 
  3872.0031706961154  -6288.441685319813 266.48465309735326 -29.766114518986804 
   4994.044269857396   -6348.95847920413 266.48289705979806 -29.774876114775374 
   4400.256257911891  -6157.914909819236  266.4824302671339 -29.769957415024184 
  3980.6116165171534  -7007.812358405914 266.49074749826565  -29.76821879396413 
  3102.3547621524845  -4849.570192094529  266.4735767424484 -29.757653193089926 
  1802.1967438571803  -5535.606858702145 266.48224547148936 -29.748861976421857 
  3881.8981766071784 -11243.052601428899 266.52804818769414  -29.77494607643634 
   2184.416861478527  -13091.59803247308  266.5475973996192 -29.765169466801417 
   2083.020510810507 -12071.382937230866  266.5388861905054 -29.762577277485224 
  1379.0006223152845  -11738.67688888281  266.5373829432634  -29.75658061146725 
 -178.32960561056123 -11384.244610241121  266.5373887007186 -29.744010516507473 
 -1426.9994860605373 -12831.810183076808 266.55249777929055  -29.73701683648316 
 -1899.5148157613867  -11321.97068672362  266.5402651509544 -29.730724017818005 
   735.3036337923409  -8115.982261338943  266.5070064241849 -29.745228246078682 
   1920.275457815813  -9109.613220984567   266.513320960735 -29.756079662231727 
   1975.114904775213  -8493.688864550899 266.50782131378367 -29.755412027494604 
 -1.6278365554226504  -8402.231258409229  266.5109869056919   -29.7400845514693 
   6.204913329567107  -6949.148261083733 266.49825784944534  -29.73757512588958 
  -1455.576112201661   -9373.63484940471  266.5223782748875   -29.7306692570856 
 -3768.4999413728856  -8924.753285560542 266.52306004278745 -29.712185168841703 
 -3839.8353517996293  -8694.807420035893  266.5211945284021  -29.71123217121375 
   6041.204481361985 -1121.0537883195827 266.43458612886104   -29.7738136594621 
   4415.519705346205  -3415.501159695157  266.4582570428913  -29.76525604324242 
   3624.097779078007 -2342.8988340606206  266.4504189214266 -29.757266479239153 
   4792.797926571146  -511.0385457269075 266.43178089190803 -29.763080949022584 
   4868.898210978733   724.8235995999532  266.4206385551954 -29.761507251199525 
   4333.069247131611 -1071.5365648860977 266.43770699061406  -29.76050869999959 
  2666.6639770196216 -1040.9029376826418  266.4408803816202 -29.747596714275907 
  2620.6776478844913 -4449.9351759772035 266.47104381082266  -29.75324214531872 
   2774.798853134372  -2659.843058673217   266.454961391274 -29.751277969680874 
   3229.049109484865 -3193.8426176477046 266.45873970446803 -29.755716390440906 
   2988.231940652942 -2734.8528169979904 266.45518552750553 -29.753053933680963 
   937.8368693607977 -3952.4164734470683 266.47008910122344 -29.739429170724847 
   1029.453857247931  -4242.982893562087  266.4724576887571 -29.740645633269114 
   872.0991056732062  -3873.407738201127 266.46952768579814 -29.738784857741123 
  1888.7664765293482 -2300.2247145535366   266.453602522638   -29.7438244418791 
   1142.758309145487  -1556.622378920431 266.44856378992273  -29.73677489014383 
   2131.628100908718 -2693.8022724531843 266.45657731467537 -29.746386500645915 
  2319.1993596861644 -1436.0004556216322  266.4450890638523   -29.7456153117356 
  114.31210675441977 -2597.3734393695495  266.4598351372752 -29.730711764935226 
  2695.1174386165135   816.2156500429967  266.4243549438638  -29.74454819719415 
  1700.8490639218453  158.77858389641787  266.4322429542227 -29.738042366193493 
   2314.205723633773 -437.59824846773256  266.4362651090077  -29.74381872526022 
   2165.522464389571   895.3133692000113    266.42474815888 -29.740324256863094 
  1519.3742904879714  503.80622114448994  266.4295564920186 -29.736035649502806 
  1814.9982505186094    929.530137987274 266.42516814262643 -29.737561853035594 
    2654.05658648727  2013.4641277936832 266.41378566838307  -29.74212334982644 
  2702.0364904259745  2227.9151573323334 266.41177385826404  -29.74211614095771 
  2764.9445275006215   3067.047369131579  266.4041500434928 -29.741123937454965 
   1591.971507047982  2441.9755106917187  266.4121702647401 -29.733170949526706 
 -1850.6340632871788 -1022.4282715013826 266.44992924846133 -29.712838700461557 
 -1328.5957681421933 -2037.4400780245678  266.4578240759329  -29.71864698331291 
 -1703.2017470815183 -1465.4393884944632 266.45353934652184 -29.714757508443636 
  -831.8139920865941  -4770.637372838132 266.48085002461266 -29.727299011496008 
  -2643.714708145576  -5640.953728571621 266.49211298946153  -29.71496438624602 
  -1521.116777563841 -3147.8656641265034  266.4679854065121  -29.71914067651394 
  -1960.817292195959 -3165.7724413172477 266.46902803846444 -29.715802281477867 
  -3808.445495188323  -5041.711272408251 266.48919054922516 -29.704987364383037 
  -5191.300003957943    -7935.3318126793  266.5172466175853 -29.699554924580767 
  -3775.782844205525  -5999.744829191627 266.49751376471306 -29.706939585934048 
  -4033.317030572137  -5141.835109734423  266.4905162011926  -29.70344482907359 
  -5485.811407076013  -5994.624412281439  266.5008710816584  -29.69385240036905 
 -3603.3846970553113  -276.5310840899122 266.44687713526076  -29.69806187067117 
  -5232.439243920816 -2000.9764133449296  266.4653394604515 -29.688661126814747 
  -5092.869725273993  -4545.756220104062 266.48740469979873  -29.69427673562978 
  -7121.390674264782  -5477.592629899337  266.4995915944463  -29.68042040738302 
   -6030.61713549274  -2440.915830183092 266.47079846159716 -29.683334936254184 
  -9650.978213752222 -3254.5739628231136 266.48511270626335 -29.657055029112122 
  500.44961636876485 -18839.937049771805   266.601147399624 -29.762506970381985 
   885.1986111539542 -20070.787301693257  266.6111632362752 -29.767678960343236 
  -732.2477954591214  -20458.01623467744  266.6177201553663 -29.755949592313513 
 -200.39166826306956 -18337.297895138658 266.59812930311386  -29.75622476740579 
  -565.5044881762652 -18142.894393524384 266.59714789533473 -29.753075712648744 
  -685.5827256791645  -18191.47318879322   266.597808333894 -29.752241759137533 
 -2070.7451728105366 -16392.893228214416 266.58483071717325 -29.738419473062454 
 -2455.3313024264316 -16272.716417368623  266.5845400334862 -29.735262221755445 
 -4043.5354418624934 -17608.856463617656 266.59932517235075  -29.72549047466938 
  -2745.183139542683 -20006.856700001037  266.6177189264207 -29.739705065089595 
  -4567.165083756131  -19237.22994727984  266.6145717629897  -29.72438375160337 
  -5985.723278213278  -20027.63580890161  266.6242684504391  -29.71493885925537 
  -5598.009856403384  -18495.67725422912  266.6101250347407 -29.715180612876534 
  -7746.247634975308 -19657.965317651724 266.62450797274266 -29.700816928886226 
 -3406.7027101656836 -15933.556454301575 266.58345689463744 -29.727381708963442 
   -3526.11537128438 -14083.152292178427  266.5675600544273  -29.72318307561793 
 -3720.1909185126256 -13703.279247573071  266.5646323074777  -29.72102575320497 
  -5764.184375851378   -14107.4284120792   266.572190588135 -29.706125220376094 
  -5584.238423199561  -13997.13741176306  266.5708743657985  -29.70730433102742 
  -6058.773846176209 -17125.538580464166  266.5990783932911 -29.709225936718898 
  -6813.191787097191 -15480.510234677027 266.58622535646276  -29.70054499952681 
  -7399.004610462283 -14899.939730596063 266.58232244356884  -29.69504089425761 
  -5550.643643001828 -12260.029601947219 266.55567234876025 -29.704481758713627 
   -6960.11354669792 -13047.628698699802  266.5653186740504  -29.69511165636807 
  -7010.179423807564 -12432.037633240667   266.560054656423  -29.69363804536908 
  -5625.579698171718 -11097.513616364738 266.54568961583357  -29.70184827114946 
   -7034.22855160928 -13547.826266619628 266.56982254569647 -29.695431959878633 
  -8114.435718212886 -13100.859924022338    266.56806173589  -29.68638754486703 
  -9344.585582149715 -14695.049451779958   266.584378872242 -29.679810295644394 
  -9521.795856833334 -11509.782317774121 266.55697944496035   -29.6728088953293 
  -8294.076177230723 -12124.784673860413 266.55991348743754 -29.683284412700385 
  -9643.396607683793 -11818.411473401362  266.5599085187268  -29.67242702071783 
 -10855.565676642866 -13721.343990573492   266.578880917789  -29.66653022443872 
 -10203.934944630415  -18160.50419961479 266.61629076102605 -29.679367874094783 
  -8724.115125611343  -17614.13428879984  266.6085983785387  -29.68971963814098 
 -11391.313613789227   -19649.1675603702   266.631642108703 -29.672906967709867 
 -10482.037788703112 -16093.442439982218 266.59881337378863  -29.67358633610796 
  -11890.35603830875 -18592.963213888233  266.6234071180122 -29.667220494047243 
 -11875.892469137681 -16890.106860090364 266.60851902228984  -29.66432530337182 
 -12765.528993852076 -20416.354034590964  266.6410793176967  -29.66372654504539 
 -12569.526231185935   -20078.3419712248 266.63773363324884 -29.664634182416542 
 -12569.738483892297 -19460.338138912826 266.63233243664246 -29.663543422522046 
  -13928.77004634602 -19243.204544262484 266.63313964725813 -29.652734656095685 
 -10675.863655134604 -15953.172068436339 266.59797401723347  -29.67185539446073 
 -12148.570603200265 -15719.501495295055  266.5988518738558 -29.660168227166952 
 -15602.949519453317 -17941.661464042416 266.62510606171315 -29.637577824168552 
 -16135.382502622917  -17079.48547112501  266.6186379622214  -29.63196110753747 
  -7279.425120769888  -9755.275337951769  266.5372593692638  -29.68683140645674 
  -6229.228048565772  -8688.522766604825   266.525877689532 -29.692960988769677 
  -9083.989579461337  -9844.313254638386 266.54160017609104 -29.673196485611875 
  -9423.197281879458  -9435.090896966005 266.53870168394656  -29.66987406781708 
  -7905.680599158598 -6462.7700869698165  266.5097590903956 -29.676180449112042 
  -8122.389326989884  -8209.183086780411  266.5254392827994  -29.67763807499263 
  -8986.741886516293  -8001.457410109481   266.525333434353   -29.6706574187416 
  -9526.088713745603  -7519.788864408872 266.52219297210365  -29.66567066048753 
  -10623.76148973417   -11441.0589359745 266.55855591073276  -29.66425798662956 
  -9054.920975996312 -10637.588060226257  266.5484574446666  -29.67482916000028 
 -12284.736619477473 -11465.664309172951  266.5620488982564 -29.651583166724496 
  -10911.14657170471  -9139.309957867259 266.53905729215523 -29.657959856326187 
 -12690.870940624787 -10894.874927688907 266.55787498646254 -29.647453824894495 
 -12437.113195001972   -9026.50386431636 266.54108067234273 -29.646064667397702 
  -8738.602834858688  -5114.725226181062 266.49961442865765  -29.66739348525794 
 -10441.482751340634  -6928.346462915788 266.51883232502894 -29.657603548219583 
   -10737.8081524893  -4745.508715707223  266.5003236445837 -29.651409594779317 
 -11322.097790005944 -4069.0790232649288 266.49554624916595  -29.64570459491159 
 -10549.665063148954 -5252.1289312106865  266.5043886247761 -29.653764812894504 
 -11097.266450786106  -5054.953610295458 266.50374059177517 -29.649210161673814 
 -11451.761455436563   -5001.05898904181 266.50396603326516   -29.6463930047171 
 -13198.254578455568  -7697.270010947922 266.53097568964716  -29.63784066414381 
 -14009.341875010563  -8793.342094579402  266.5421420875313  -29.63357735052798 
  -13033.83243475221  -8573.781174887275  266.5383051644336 -29.640675871536775 
 -13941.167596498792  -6669.241158936964  266.5234520044168 -29.630279810126357 
  -14219.22844054235 -12093.975428060912 266.57134653396133 -29.637861145821553 
 -13726.132678683061 -11753.773851029331  266.5674063472703  -29.64104151118907 
 -15272.861202292977 -12884.480647686956 266.58032336094226 -29.631170007582483 
 -14952.421528222903 -13815.205243641949  266.5878048866987 -29.635286401934334 
 -13658.274074940853 -10738.386233518238 266.55841927391896 -29.639752926342787 
 -13886.772170968075  -10055.06802918736 266.55291033603186 -29.636778180602978 
  -14538.40397297656 -10267.972471998313 266.55605240789845  -29.63215191820425 
  -16957.63991453547  -14987.76425266511  266.6020154449853 -29.621930683303525 
 -17561.812398336646 -14109.390413305187   266.595550266613 -29.615712704943327 
 -18014.304580318072  -15327.57250287181 266.60708678400107  -29.61437891133189 
 -18107.899858280034 -14266.305864506483  266.5980062868853 -29.611774294401016 
 -17808.286476693043 -14052.665555855321  266.5955451326996 -29.613709147704952 
 -17835.970314556973 -13381.095017102765 266.58973764655434  -29.61230147032465 
  -19392.17870763517 -12890.554624498993  266.5885452117615  -29.59938859712413 
  -14815.16774514374  -9726.910053006372  266.5518771423217 -29.629055572305695 
  -15752.43554790084  -9279.885403436148  266.5498214905382 -29.621039107772017 
  -16388.95813222907  -10626.07291443329 266.56282787755373  -29.61854823982312 
 -17616.213543856386 -10144.134437357236 266.56104189074466 -29.608212062648285 
 -18266.522498535658  -8292.888117344124 266.54614330080966 -29.599842481125098 
 -19410.612559593454 -11328.706872433508  266.5749361317319 -29.596450555323965 
  -17698.22628142492 -11710.718563650036 266.57488310053225 -29.610386136592265 
 -19498.693617778365 -11357.542821857383  266.5753625034347 -29.595819329115102 
  -17796.60319761214 -20154.210421327134  266.6488513775897 -29.624561556499614 
 -18405.030024185453 -17640.126482594773  266.6280744729861  -29.61544381961156 
 -19456.769608934166 -16592.296177054734 266.62102105461213 -29.605459005912305 
   14756.93163765406  10247.020798358844  266.3119272167381 -29.823054242650283 
  14761.957645717232  10126.920828825963  266.3130391991629  -29.82329324664822 
  13440.850129384293  10785.280014188098  266.3100477063211 -29.811600558799395 
  11862.563538386841  12317.598070563388  266.2994255998086 -29.796422443439916 
  10641.604023962791  11442.152640525064 266.31050541764284 -29.788186293398613 
  11311.529834473165   8902.645366543857  266.3325415435239 -29.797804814521232 
    9769.50673512795  10614.082607432663   266.320234222993 -29.782688320817684 
  10781.408454952465  10612.012719839631 266.31792039812234  -29.79070415328346 
  10155.908471608842  11529.301356490207 266.31081979393224 -29.784186194936822 
   7865.457003602725  10326.892730532845  266.3272186436583 -29.768170230514805 
   11624.34560383838  13902.616254274177   266.285012645873    -29.791854503816 
  11292.439348787586  12746.357810339252  266.2967407641727  -29.79115417384605 
   7020.733562040188  11582.181280351313   266.317481870298  -29.75935366074112 
   6813.381270771588  12026.795336958365  266.3138121488296 -29.756949883732318 
   7235.998572865184  12168.435826822455 266.31153938968083  -29.76002822118701 
   6257.007475976138   6405.532355085336 266.36666813720893 -29.762378590214716 
   6649.128677108746   7389.065754867161   266.356872742046  -29.76372886941488 
   6561.872889727105   9110.221084348266  266.3413275523506 -29.760053735745768 
  4894.5000568534815   6261.937541159612  266.3709088722834  -29.75201865707449 
   4879.336833352442  6097.2942445390845 266.37243139323647 -29.752189059013265 
  4513.6344161213165   4942.980163237601 266.38363221139275 -29.751370225943646 
  3031.0579004673855   5633.562352530823  266.3805528350443 -29.738658257728446 
   4588.025819224198   7396.360564489613  266.3612777351089 -29.747645570012658 
  1872.2446380773808   7224.332277472427  266.3686246029074 -29.726861096917634 
   6152.205678462928  11261.272123997958  266.3224018256967 -29.753093625552133 
   5202.470691788837  10960.498344452935 266.32728716850056  -29.74618085546019 
   4798.610803054632  10803.858052889673  266.3296211141137  -29.74329776930574 
  3976.9163859926452    9050.42217181179 266.34751579774985  -29.73997709768141 
   3357.742906863344    9607.42017565517 266.34375261701166 -29.734170034298195 
   4669.315634222535   11484.94092959699 266.32360958707466  -29.74108610060588 
   2914.453773262178  10182.045609251187 266.33943689610453 -29.729697771592637 
   2834.815187505287   9150.926507274457 266.34905237967814 -29.730910415658553 
   2336.872172161082   9431.027980686995 266.34755647102025 -29.726540356111858 
  2842.3509330148327   8487.604218222616 266.35508925557696  -29.73214610436519 
   1873.678492965446   7774.895211343762  266.3636290481671  -29.72589283356529 
  1252.5938722662677   8203.967420155126  266.3610428804546 -29.720311701026905 
   558.8845766491223   8573.471531156816 266.35914297038454 -29.714272021516543 
  1298.1669376238815    9160.04602438039  266.3522399232099 -29.718955132274715 
   961.4497530229123   9655.123965880275  266.3484304669449  -29.71545313543693 
  286.95183514144253    9026.82314178366  266.3555865585884 -29.711349002017602 
 -329.13513451913434   9224.466739482488 266.35507668490527  -29.70621604916945 
   9300.230181358713   16301.00922982716 266.26767725990123  -29.76923625308852 
  10310.287233490239  16003.910228252369 266.26811112525263 -29.777802325555076 
     8787.7777605988  16299.477459624528  266.2689090677138   -29.7651582366884 
   8942.934182761626  15389.426199250944  266.2772440770533  -29.76795868319313 
   8703.675847070961  17124.830412498337 266.26117169468046  -29.76306507931665 
   8712.692455996219  18545.073525221298  266.2473806605058 -29.760683380754294 
    6959.89900670128  14638.279949250402   266.288980604889 -29.753551323290818 
   6124.820805962321  14752.199740938859 266.28980940322924 -29.746762247541206 
    6255.00604955053  15535.676165290675  266.2820908274938 -29.746412529888023 
   4954.908827453244  13303.250445894815  266.3060598789861 -29.740113130660795 
   5438.867020224427  14989.644305519556    266.28911997699 -29.740937973880644 
   6221.071221437558  16926.067038892088 266.26890298016093 -29.743695990450142 
    4392.19974901355   15958.87577532894  266.2822968765802 -29.730972420014258 
   6359.453811891555   17940.36593634072  266.2588226665983 -29.743002839487794 
   6385.584126199792  19085.048571131178 266.24765758555026 -29.741186422022672 
    5771.52669992142  19146.306068786886  266.2484992852459 -29.736195867360173 
   4099.892351437813  19354.853770323793 266.25033524689184 -29.722557556239288 
   3584.753585191838   19353.01434997471 266.25152963069826 -29.718480294815993 
  1893.5427042968713   17918.55669141536  266.2691736890124 -29.707747085343808 
  1222.7690195764235   18241.23184848022  266.2675580318816 -29.701868830487204 
  3682.9892840270477    14022.5212297857  266.3021452096189  -29.72885819315049 
   3336.631855879462  12830.314660833072 266.31404299904904 -29.728274481711022 
   4082.399421284668  14084.952605160155  266.3006758906419 -29.731879586950296 
  1988.5444855756607  12746.455886658743 266.31775311581686  -29.71789051357426 
   2817.499830316761  14550.074291547668 266.29910034911256 -29.721127652856257 
   900.6298148201371    13840.6273646645  266.3099084253578 -29.707414083263036 
  -821.0436319362973  12573.648719161607 266.32535105607485 -29.696302281633663 
 -1155.9588633558196   12255.07430597398  266.3290022314281 -29.694279648064978 
  -2784.778517747652  12623.953908648395  266.3289940065482 -29.680926076126816 
  1798.9250728943914  15700.084822918405 266.29049848274883 -29.711059672240292 
   722.0738979973994  18493.970502886456   266.266229402773 -29.697456151680274 
   -579.757800917819  16749.844501511096 266.28571415812337  -29.69047171919893 
  -537.1464415285299  16757.861969370417  266.2855465616726 -29.690790976522692 
  -2794.752451900883  14175.178309836025 266.31461147418344  -29.67795754813614 
 -2247.6642159303756  15601.866485840714  266.3001044067546 -29.679557177617838 
 -3338.9811221343984  15408.366931162958 266.30420781817116 -29.671389241325027 
  1744.8438252045755    4775.14071454451  266.3909782149389  -29.73022190315973 
 -393.32375560437106   3143.622666045842 266.41000750681815  -29.71662378352236 
 -1832.9628637307585   5017.985749939407 266.39619939860154  -29.70217530015984 
   -547.133350452458   4804.412984843517  266.3954718584116  -29.71247343909814 
  -670.0849002147903   4976.066813912594 266.39418601555883 -29.711217879684227 
 -1454.1797598296143  1689.1585938137482  266.4251224486071 -29.711053377757846 
  -580.0620983624851  2338.2506515274745 266.41756690621526 -29.716620586441206 
 -1016.8708686718638    2127.69025444085  266.4203334678978 -29.713634537605888 
 -1963.4639662433412  1270.2278501830447 266.42987578722256 -29.707886674402864 
   -3301.08031028771   2233.585952124921  266.4240330270295 -29.695882092999966 
   -2573.76979984107  2855.4530258692935 266.41702829261277 -29.700357121257582 
 -3528.1410327901135  3779.3086126840603 266.41072920832727 -29.691351650282922 
 -3143.3576416227293   2920.771394587733 266.41760190520955 -29.695859086709508 
 -306.52792363527266    7479.53709312114  266.3708785462768 -29.709535557767527 
 -55.850743767743985   7516.875704518219 266.37001841226447 -29.711407990994157 
 -1126.9809699610466   7219.878496350252  266.3749292146771 -29.703658634971838 
 -1320.4764723703313   6781.140740220379  266.3792906069082 -29.702954620602362 
 -2853.7074206740576   6589.272700385638   266.384168919991 -29.691462685849057 
  -2001.475144092259   8312.206502663012 266.36684599065563  -29.69491875025538 
  -915.0212234741198   8124.889441287464  266.3662960874321  -29.70366446379322 
   -3740.22851836535   7567.240194982445  266.3771551782206 -29.682835024459294 
 -2974.4774185492224   8309.636209266502  266.3688706358216  -29.68739728481783 
 -3590.5224837080254   5974.936208454858  266.3911975902086 -29.686893723613085 
  -2988.072256451762   4805.758963064976  266.4004586364353  -29.69365616473242 
  -4508.360428983157   5104.973515599238 266.40086134876975 -29.681400918164176 
  -5250.647944689794  3853.6561966172258 266.41354017392104 -29.677961514787214 
 -4614.3413228364425   4205.067930431328  266.4091232569131  -29.68222059666686 
  -5202.651387406635   6861.530602900165  266.3864872498361 -29.672834512927572 
 -5956.1402500152635   7097.583297010771 266.38587817729757  -29.66658138632921 
  -6020.332761121966  -709.2126052187269  266.4555326146598  -29.68030276497821 
  -5867.387249463073   1922.026064733183  266.4319574053527 -29.676725238943106 
  -6863.448657897067  2095.8664634200236  266.4324025468667  -29.66875489101712 
  -8048.107624317994 -1491.0790130713801  266.4664480332873  -29.66616248976418 
  -7334.138394415858 -1210.8723957021848  266.4625658439002  -29.67113215535691 
  -8213.918945027828 -1975.4040866822468  266.4710374727932 -29.665765584357633 
  -7115.307929898302 -1438.8293041352206  266.4641389273511 -29.673221224858978 
  -6854.964965553303  -975.7784833302263 266.45954326514567  -29.67438270531421 
   -7477.91735303255 -1378.5403437148996 266.46432753893583  -29.67033213301191 
    -10462.725345442 -1561.7534667266955 266.47183528770665 -29.647756321809617 
 -10398.783443012742 -413.69899714360344  266.4615945559014 -29.646155315727945 
 -10049.924040240026 -1204.1555272570379   266.467874529292  -29.65027720763145 
 -10579.029386742706  -958.8061952355815 266.46675457203827  -29.64576428650774 
  -6473.249341903885   4108.095890211287  266.4137200262758 -29.668086162277714 
  -7582.823951220019   4227.869385574453 266.41486334929834 -29.659320178881895 
   -9541.24135925433   1193.408427345746  266.4457059524114  -29.64981177158282 
 -10158.800147190701  1997.6964418176892 266.43979651963497 -29.643580564808712 
 -11573.810636539234  3864.3055565816335  266.4259774695104  -29.62920052278174 
 -11509.530274915982   3197.952941465472  266.4317861678926 -29.630939820804034 
  -3329.646074758797   8749.495201099788  266.3656076334658  -29.68384494884818 
  -4144.840441541173   8563.448859169797 266.36896090433993 -29.677879875208486 
 -3957.2654708494747   9564.532315512739  266.3594794286069 -29.677487398092723 
 -3468.9964779307616  11505.942858121387 266.34071553947234 -29.677682333286754 
  -3537.875947993793  11937.142189882617 266.33688989461604 -29.676346197888066 
  -4188.496995018693   11069.52154175145  266.3461991730413 -29.672906694061833 
 -5866.8160312356395   10230.01279649576 266.35729179797113 -29.661452249473967 
  -5506.391452073648    8143.61900560726  266.3755251113738 -29.668124304007204 
  -6144.872335013944    7875.49321184024 266.37923637330726 -29.663683969623595 
  -4920.298150701452   8673.598832506868  266.3695376092203 -29.671677740219057 
   -6994.18805159033   7412.126164624062 266.38512351839364  -29.65797802969224 
  -7510.394448012899   8158.846798791254   266.379409476383 -29.652593506230353 
  -6257.925689112534   9874.168361345666  266.3613262121389 -29.659085671665704 
  -6501.243628250624    9516.79695764347  266.3650698090057  -29.65786865442542 
  -6645.082153806695   9978.094007333257 266.36115802795393 -29.655888914337492 
  -8447.202027626592   7834.649561811982 266.38420451684016 -29.645949201256858 
  -8369.988087889385   9506.427993485388 266.36889976243276 -29.643398431110718 
  -7228.253230551471    8867.51310345857  266.3724262162511  -29.65345183428784 
  -5722.909764248522  11263.423357917627  266.3475454322923 -29.660631271170697 
  -5492.512862724741  14038.100934568012 266.32145075190857 -29.657175191994625 
  -8352.859969512212  13745.516900772081  266.3299364839771 -29.635413277683657 
  -7313.421259107424   12559.37837751522 266.33883237316445   -29.6458052413677 
  -8100.947488383219   13338.05265985949  266.3332114920623 -29.638168985612666 
  -7550.271710656691  11334.256805652709 266.35057489615275  -29.64629824361446 
 -7069.7879414438285   10566.62125687476   266.356639268246  -29.65148557729582 
  -7826.557901971947  10342.168314467808 266.36020323786045   -29.6460343894764 
  -6845.790749142708  11135.994186004784  266.3509793976938  -29.65214937835385 
  -7483.006371066942  11794.287421087001  266.3462171426236  -29.64594566775753 
  -8294.040334411984   9869.735936444245  266.3654422427135 -29.643300040501046 
  -9538.291752341092  12015.042020003448 266.34827567513724   -29.6295147608862 
  -8368.048273068867   6003.160385624064  266.4005364184569 -29.649981272572397 
  -8548.329513212424   5974.085288933392 266.40115482642113 -29.648642810813577 
 -10668.923872421648   5023.792301429077 266.41385056565366  -29.63402843825071 
 -10283.155873301957   7161.622719116006  266.3939024485639 -29.632996822928632 
 -10367.925757221203   7089.380981726981  266.3947198596423 -29.632476361318616 
 -11486.690388045396   7225.895114145157 266.39568226152545 -29.623542292924736 
 -11395.337288119921   4268.951784012628 266.42201888052267 -29.629823960650267 
  -11369.84098991896   4819.331068286987  266.4170528532867 -29.628990464401443 
 -13114.967807033816  3764.1077965840477  266.4298775950399 -29.617463087921376 
 -13404.277533846905   6485.057193648446 266.40608248463013 -29.610059402214876 
  -13590.82871575858  4972.5132555865275 266.42001039132055  -29.61149086127865 
 -14701.830736024236   5799.679442091883  266.4147474800589 -29.601275743220988 
 -13334.060365180385   8188.296907573586  266.3905844717747 -29.607332400564335 
 -13076.429740722491   8261.483543799528 266.38942340547607   -29.6091984913803 
 -10802.697178787015  10482.769816734442  266.3648044804427  -29.62262176885504 
  -16026.98459017599   7449.204544226465 266.40244386410325 -29.587740148827987 
 -15988.498476520928   7969.822721483634 266.39766419909444  -29.58702278105159 
   524.0636945982217   19253.32614449315  266.2593411587419 -29.694479069883627 
 -2488.2512030945095  18130.846219851384 266.27663070624476 -29.672886797198434 
  -2030.882522380222  20032.104192501592 266.25734456759056  -29.67284693700749 
  -726.1379611781529  20335.775990952116 266.25157292980356 -29.682567522387856 
 -3020.1163124537916  19944.108382036033 266.26030703614987  -29.66521217541096 
  -2703.961511725281  17212.753054411052  266.2858373567852  -29.67294137258231 
  -5246.157620214149  19149.115389063656  266.2726386714929  -29.64921810599993 
  -4840.579994433398   17648.56294722315   266.286153014246 -29.655338420004146 
  -4088.387230123581   20255.76201548066 266.25953884366135 -29.656173927517326 
  -5794.197593297203   19095.09685269807  266.2742873218307 -29.645006786792237 
 -6796.8003996752295  19922.324577861815 266.26836730922105 -29.635450118902092 
  -6863.382966887569   19814.91771970591  266.2695405298893 -29.635139734870087 
  -7639.766149542118  20456.842847738004  266.2649020737435 -29.627705443422524 
 -6128.8465007828745  15143.704426255887 266.31242907812333 -29.650087730873306 
 -6907.4589697672445  15215.435325797856  266.3133353706682 -29.643860002181125 
  -8568.404570678036  13991.479146821204  266.3280816388887   -29.6332510455209 
  -7494.947381450318   14252.28086396574  266.3235096220651 -29.641132996813926 
  -7718.365747764156  14444.605039891854  266.3221666882196 -29.639014394899185 
 -10147.296603089775   16415.32038764951 266.30852616916144 -29.616082593325523 
  -8878.359087189003  16626.413615004014  266.3040243168557 -29.625637903995784 
 -10256.622827481715  14187.545386984324  266.3295987239628 -29.619656936689633 
   -8894.65543294602  13645.358181645217   266.331943840448 -29.631375197560242 
 -11659.021939495378  13547.291399252188  266.3382869997324 -29.609933283633612 
 -13077.985031381177  14079.150258955913  266.3360953941739 -29.597725741558662 
 -12563.418215849806  15326.181784907094  266.3234661707671  -29.59925760370461 
 -11602.174925826666  14920.478468454075  266.3253981377522 -29.607640531908167 
 -13039.347514862524  14092.139183342555 266.33590020312795 -29.598003566509433 
 -11049.606830752906   17518.27499124953 266.29986173451323  -29.60673944622933 
  -10061.49145901653    17123.7172995704  266.3016650194035 -29.615333094580517 
  -8578.203706279546   19443.90807943947  266.2765766670748 -29.622340839217678 
  -9162.977866611644  19302.219866261075 266.27910540858824 -29.618006323198244 
  -9030.690405991667  20172.970534054544  266.2704432412992  -29.61727156332008 
 -11603.358661758935    18840.9574154471  266.2883250929737 -29.599636254072966 
 -11705.891735910838   18858.17830774807  266.2883589757557  -29.59878755990163 
 -11226.881299440342  19782.598317733784  266.2785395479151  -29.60066286772083 
 -11718.452738035892  15935.969251524059   266.316109298409 -29.604679856086484 
 -11674.413883151741   17244.02611603139 266.30367943063453 -29.602365227437065 
 -12058.963872014514  17102.195753649223  266.3057683575391  -29.59961742813821 
 -12176.373452633834   18576.71417068288  266.2919639440847  -29.59564199088442 
 -14518.531203457484   16245.13949796585  266.3185756781899 -29.581921590108678 
 -13536.152069705802   17319.77230146858  266.3065462713545 -29.587475387106817 
 -14159.198300973743  17843.004873904898 266.30275989276214 -29.581434231153487 
   -15063.0616055108   17560.02806960049  266.3071604805796 -29.574840619671573 
 -13377.406879037131   17262.35344789325  266.3067874196683 -29.588853171403244 
 -14416.454075052492  13533.387055926538   266.343729455828 -29.588289114021933 
  -15600.46291902703  13275.499001555536  266.3483709177217 -29.579472952118586 
  -15784.34446665667  13579.570877857075  266.3458983431307  -29.57739871714584 
  -15495.70930880956   9948.199372655019 266.37875326784444  -29.58698596834309 
 -16411.457909861798  10202.328848977875  266.3781758951866  -29.57928458814704 
 -15986.759010484007  11469.398782499577 266.36576514756104  -29.58008584015114 
 -17795.533776686974   8923.761722591766  266.3924456348002 -29.570943510021795 
  -17976.27173711421   9288.006142804954 266.38947272332433  -29.56879001355252 
 -16965.290069446015  11945.205107279342 266.36323739069104   -29.5714015810089 
 -16843.874928781825  11271.068746409961  266.3692076975621 -29.573728577715784 
 -17396.345416812077  11719.856750672807  266.3661227119571  -29.56845279689478 
  -17045.30863341429  11280.378081826297 266.36950211193783 -29.572119818392544 
  -17366.66089404956   11218.05441264723  266.3706794518599  -29.56970818755153 
 -17392.569864960624  12029.096080606132  266.3632675040278 -29.567851325344034 
 -15368.912775984649   14339.83480609104 266.33804104064774 -29.579124368702082 
 -17486.360865150633  14442.525513328865 266.34105746396517 -29.562116287010603 
 -16536.037421346045  14044.429561578878 266.34299240149943 -29.570491225944554 
 -16714.467563979833   16506.79710412136 266.32023358017443 -29.563913966960623 
 -19275.673760403468  13459.873294768597 266.35352763945394  -29.54992224314589 
 -18654.168522475542   12475.43156189115  266.3615038016467   -29.5569272334809 
  -19381.76499291854  14825.004756348882  266.3409813450721 -29.546181745744928 
 -20245.528416285397  13292.894490532388  266.3568629697121  -29.54252451862476 
 -19796.558988044533  13863.305355806244  266.3507297508514  -29.54490823602417 
 -14013.912549843879  19039.490186724153  266.2910449143441 -29.580060168266378 
  -15714.68475980308   19381.24141334681  266.2909540433128 -29.565737002721868 
 -17439.731861959684   17637.27057551938 266.31085249948217  -29.55569412556458 
  -19287.68634210253  16809.471366054135 266.32210230737354  -29.54265601129709 
  -18347.27220919711   19721.12051266631 266.29250736936564  -29.54380940742291 
 -20257.234383996376  17875.001956351876 266.31370438516785 -29.532485335638185 
  -18687.75631475337   17954.59777490558 266.31010992026677 -29.544977993403762 
 -20099.117506811526   17540.50833397584 266.31661549093303 -29.534507388126794 
 -18164.701408763547  20264.672578116624  266.2869062931043   -29.5440669468068 
 -10811.486213847887 -3611.3477684788786 266.49052836139305 -29.648796178429095 
 -11153.730873641132  -2506.440588342154   266.481501296283 -29.644164789475855 
 -13274.231259565937 -3780.1326042619594   266.496843566055 -29.630175354108648 
  -11812.97055250793  -3878.571202259613  266.4948405121432 -29.641589961466646 
 -12199.342141275876  -3476.733473068038  266.4920741601443 -29.637891745060127 
 -11882.645810966218  -3834.358601991498  266.4945896318399 -29.640974546342328 
 -12954.805997455285 -4410.1355182176085 266.50174153102495 -29.633777525308375 
 -12568.901516592394  -2816.194596567936  266.4869997694728 -29.633847708673027 
 -13083.083076266379  -2425.095509773921 266.48457009857424 -29.629175692925557 
 -13779.282089198938  -2230.772402313278  266.4842230776324 -29.623454985798798 
 -12824.135027065337  -2372.275910225905  266.4835988111011 -29.631073207242032 
 -14514.063617790538  -3834.294630439054 266.49974565240933  -29.62072313213222 
 -15723.262891739927  -4424.061565097673  266.5072834135521 -29.612469397261172 
 -16219.295997554971  -5386.803640660114  266.5166931124561  -29.61039522213367 
 -16054.849204726934  -3686.812755928286  266.5014608219818  -29.60855695405737 
 -14701.340830863079 -3755.0296105107896 266.49941625605953  -29.61913409922312 
  -17041.73374646229  -2301.209434357852  266.4912001242761 -29.598360622768677 
 -17114.815584302905  -466.3988941362899  266.4751614056757 -29.594377821180448 
  -16999.54176741601   582.6125851136794  266.4656611953232 -29.593306384324244 
 -17491.987261583618  -5928.401576753488  266.5239281832875 -29.601540831849185 
  -19131.51598300546  -6536.473238902852 266.53246425374476 -29.589938676654423 
 -19764.318143213986  -7079.822335383775  266.5384644400552  -29.58601409091732 
  -18987.46709259824  -4892.189188571257 266.51776184498505 -29.588040987347814 
 -20279.684032392808   -4022.65478446182 266.51263683719094 -29.576369765337684 
 -20243.237792417447  -2653.070361768282   266.500508118418 -29.574101202835728 
 -15604.946286617907   1875.931367562682 266.45150070039654  -29.60170803758693 
 -17345.661297252685  2007.7788066233893  266.4536887819593 -29.587919435751072 
 -15537.364386538116   4561.901797102798  266.4274452497226  -29.59713942992464 
 -17329.870830690103   3638.646761147885  266.4391369669122 -29.584930729042807 
 -18005.848496019553   3323.496639298243   266.443243939008  -29.58025431408274 
 -17898.340952931958   3917.845665257841  266.4377327772972 -29.579951638315617 
 -18594.842681086837  3774.3353298431634 266.44034576180553 -29.574776773232166 
 -19366.173089567546   2788.184089713283  266.4506179069943  -29.57063522641597 
 -18586.740852440038  2511.5245227979995  266.4515916025324  -29.57726979567257 
  -19336.05660404839   7343.747373199903  266.4096764201073 -29.561950425151455 
  -20132.96133581651  4016.1737670288685  266.4411112894037 -29.562231804672447 
 -18913.258622646652   8842.796847010984 266.39528719509065 -29.562288327163937 
  -19837.83650842558   7524.166251320372 266.40898779963794  -29.55762769754916 
