\ This script generates Case-4 astrometry challenges. The telescope used in this
\ challenge is affected by distortion. Astronomical sources are retrived from
\ the Gaia EDR3 catalog. Observation fields are set up around the Galactic
\ center region. A list of source positions on the focal plane and original ICRS
\ coordinates is provided. Solve the position angle and distortion parameters.
\pointing_ra=266.28734757251027
\pointing_dec=-29.360581148487103
\position_angle=105.64334739453521
\distortion_K=(29.886023345630413,)
\distortion_S=(7.678464093113378, 1.1826990656388032)
\distortion_T=(6.110958261133978,)
\distortion_scale=0.9937052503907575
|                  x|                  y|                ra|                dec|
|             double|             double|            double|             double|
|                 um|                 um|               deg|                deg|
|               null|               null|              null|               null|
  15946.169436050532   18737.52418501921  266.4741006323484  -29.28956999588458 
  17136.448216915724  17141.840349170616 266.46351176759424 -29.277898083709736 
  16425.500497232362  16125.393368808727 266.45439598795826 -29.280211754455177 
   19642.67253985521  19144.412664031464 266.48291244132804 -29.266260876023612 
   20387.78026500572   9838.527187141675   266.411250688139  -29.24005418159247 
 -20417.316846994185   17873.95112145998  266.3924456348002 -29.570943510021795 
  -20276.48649191884  17488.578441576774 266.38947272332433  -29.56879001355252 
 -19300.671813144956  13092.153069208513 266.35352763945394  -29.54992224314589 
  -19811.64066350336  14151.430620286323  266.3615038016467   -29.5569272334809 
  -19248.52242901369  11662.616257206915  266.3409813450721 -29.546181745744928 
  -18440.13833746566  13207.806461008118  266.3568629697121  -29.54252451862476 
 -18854.967181519918  12640.033262242963  266.3507297508514  -29.54490823602417 
  -17531.30401304166  12584.360085045626 266.35378057345923  -29.53304564282231 
  -18103.91331093197  11873.665094242082 266.34596240521444  -29.53647563213199 
 -19381.058140962796     9592.3684501147 266.32210230737354  -29.54265601129709 
 -20258.718285931423   6595.199369128852 266.29250736936564  -29.54380940742291 
 -18545.103525778413   8399.170383486204 266.31370438516785 -29.532485335638185 
 -19931.278498487714    8432.85599342576 266.31010992026677 -29.544977993403762 
  -18271.33757680397  10192.169415035356 266.33054107964375 -29.534117275634397 
 -17214.347802580258  11349.333370981865  266.3436984185758 -29.527412419042204 
  -16360.02490227007  11078.268028531864 266.34356948930036 -29.519289111775414 
 -18679.329928565377   8764.271555035877 266.31661549093303 -29.534507388126794 
  -18159.05827715736    9518.94942963847  266.3248275321834   -29.5315882558049 
 -17790.520746248632   9115.948885128148   266.322230140761  -29.52740441333748 
 -17325.603660174587    9369.42844795528 266.32577017179574 -29.523869878946332 
  -16540.40890795063  10069.754131082087  266.3341371556683 -29.518559153419087 
  -20425.67630098154   6033.691693708801  266.2869062931043   -29.5440669468068 
   -17767.9078000588   7561.311103236744  266.3083228699133 -29.523687562247076 
 -16825.683766476384   6968.928978185216  266.3055998894976  -29.51403199820086 
 -15823.898990961057    8501.12798343761 266.32207836109177  -29.50871690402509 
 -16572.976256122947   5343.478899924988 266.29162716749056  -29.50816722513289 
 -15490.474103806413   5881.291186854585 266.29948483030086  -29.49989829856676 
 -15208.636658098158   7178.860054104965 266.31191016365807 -29.500364948206165 
 -13978.351954626201   6732.063706862195 266.31122262206407 -29.488719810206604 
  -18998.75105598003  19445.104497422486  266.4096764201073 -29.561950425151455 
 -19440.101981686155  17906.271078523856 266.39528719509065 -29.562288327163937 
 -18565.476365927236  19235.999651216516 266.40898779963794  -29.55762769754916 
 -17135.003595172533  17857.835171618015  266.4007728669917  -29.54181622766093 
 -16872.812656329017  18268.516758566624 266.40495886583506 -29.540484763288326 
 -15836.185220250745  19567.281890365102 266.41860692303567 -29.534520832776852 
 -16716.441017086683   18905.42726547109 266.41080210861287 -29.540615106077922 
 -15017.580464314186  18528.549765023196 266.41175549467613  -29.52499320932615 
  -14575.96794323021  19281.094136185962  266.4192212472407 -29.522974043448887 
 -16890.312378813705  15379.753328924597 266.37995463041614 -29.533884397742224 
 -16845.504740511988   15949.42092203763  266.3850190657437 -29.534819624522598 
  -16749.69245042235  15529.666223510243  266.3816186416774 -29.533002161248334 
 -16262.685363985922  16570.581223500798 266.39187355490634 -29.531180401353826 
 -16434.636159249225  15887.362812384106  266.3855265918969  -29.53108272556663 
 -16153.784298216982   13236.97709558452  266.3631346509071 -29.522465765895657 
  -16803.36515775767   12839.59295163597 266.35795059578834 -29.527230379661287 
 -15413.754535253307   14796.39067914351  266.3786425591541 -29.519654509500583 
 -14911.784227736509  14595.534214562425 266.37816302974136  -29.51484188837466 
    -14571.875278171    16759.2625502939 266.39770040374003 -29.516983866402878 
  -13849.42028729307  16852.378721659723  266.4002617140027   -29.5110056028684 
 -13915.139195630381  16574.191893976207 266.39771598319146  -29.51091234432681 
 -14095.605699593118   17656.10121842345 266.40654292086515  -29.51500994310197 
 -11915.058348787376  16291.199163519837   266.400098548347  -29.49325360598086 
 -12314.109890190051  20258.916683195945  266.4327781156582  -29.50605186705696 
 -12486.388535101636  18968.425316167344 266.42151220637265 -29.504428526022224 
 -11813.823122374635   18805.89126427161 266.42170029569075 -29.498370568148133 
  -11274.58614276095  19240.457242347966 266.42660120902787  -29.49488262238398 
   -9684.22982817419    18926.3713939884  266.4275570036658 -29.480897642325512 
  -10394.00690471949   17393.65877317924  266.4130291974711 -29.483127537001064 
 -10319.981694207314   16587.68704011517 266.40636195127905 -29.480596177795267 
  -10176.84399540302  18046.078153696304 266.41904004558654 -29.482876360528152 
   -9590.89914342057  17420.142730167692  266.4150861679605  -29.47652755982785 
  -9162.564350581217   16930.98119557333 266.41192227524084 -29.471825950521236 
  -9022.246156646464  20408.601570526527  266.4413974697038  -29.47899921853683 
  -7387.320054581733  19149.493405805668  266.4344688762343 -29.462612921417822 
 -6449.1738762660825   19330.55963366325  266.4379826020168 -29.455462449625493 
  -5218.887472139166  19472.099935315615 266.44174258625486 -29.445943236142675 
 -15521.665111449054  12324.938464118462  266.3567646314689  -29.51485005146741 
 -14931.612965031252   12121.17740207241   266.356498138201  -29.50926281237372 
 -13692.245196069232   12459.20362310265  266.3626195121674 -29.499376983358157 
 -14444.674416263611   11142.76702087248  266.3491486321772 -29.502798071489334 
 -14514.831509192902  11081.538019651458 266.34842799824474  -29.50326204937858 
 -13518.626739680241  11285.574803572716  266.3527792804739  -29.49517251518697 
  -11223.39779554549  15047.551624812555 266.39108947112777   -29.4845024619228 
 -10019.027832876127  13195.881146939233  266.3780285864356  -29.47009533334151 
 -15010.792203590632   8999.152266059476 266.32869210691456 -29.502778026683085 
  -12835.54396996624   9123.790750500051  266.3354884233671 -29.484369529741283 
 -12086.617856692157  10443.205733062421  266.3490152026413  -29.48104109611187 
 -12316.124018680504   9388.017052566076 266.33915365200687 -29.480559757136515 
 -12184.499339821614   8472.523811006939   266.331409150304 -29.477350349840037 
 -11316.735056497379   8426.565627921646  266.3332252598159 -29.469918300859856 
 -12320.892560606248   7905.374163909954  266.3260361984655 -29.477215216561742 
 -10958.705297776442  10153.059885339495  266.3492989314382  -29.47087096487157 
  -8689.770222592822  11070.774138222489 266.36283485134163 -29.454148851608302 
  -9594.447639187232   11357.80884642695 266.36314736192185  -29.46228489276313 
 -11405.423427863547   9324.627023490904  266.3409095473893 -29.472719397166454 
 -10137.841970426618   8863.825694828232  266.3400461331296 -29.461048578513434 
  -10286.33512065489   8814.427927600877 266.33924111231823  -29.46217321932063 
  -8916.143546242745  10677.669686688123 266.35888072954634  -29.45510180871869 
  -8729.429302802564   16830.06894210682   266.412048124237 -29.468021518131867 
  -9057.890200846827  12875.610327255526 266.37754949121774 -29.461387081874854 
  -8256.985357628098  13487.983992889964    266.38468414401  -29.45623975338423 
  -9295.920473837943  13546.677764877964  266.3827604328138 -29.464924923527946 
  -7624.887479383742   14895.38971497167  266.3981449120038  -29.45439400093691 
  -4564.947442525877  17836.287869405394  266.4295496426061 -29.436802583079764 
  -6558.832496608214   15732.97051583104  266.4076273838501  -29.44773551839469 
  -5163.295818681592  16292.345024434719  266.4153823749652 -29.437868629287195 
  -4494.367985474936  15597.618917053778   266.410992559659  -29.43089255299294 
  -8583.213067407985  12939.761883001367 266.37921826533494 -29.457630014022126 
  -8688.606480340208  12447.820358024088  266.3747364959568 -29.457345466540954 
  -7734.323140245024  13024.912367810217 266.38192713357836  -29.45088060658968 
  -8506.376279503324  12442.750252649217  266.3751224028272  -29.45583622305472 
  -6837.947962790107  12028.920046849093 266.37545747745105 -29.441265629318075 
  -7158.522922353869  12657.360869466856 266.38010752470575 -29.445333876350407 
  -6567.592064966039    12395.2852961368 266.37922184551957  -29.43993527092067 
  -6384.308778354471  11696.613831429297  266.3736527334043  -29.43682452600582 
  -6488.808236186362  11410.690102438515 266.37095479967996 -29.437001941120876 
  -6205.110476249979  11866.011891368087  266.3755186266117  -29.43577524773031 
 -6119.3280061477135   11239.94273851165 266.37034235503813 -29.433626529985165 
  -5374.916117461717  12774.434701335016  266.3851708537748 -29.431237986128632 
  -5220.270520421547  11160.384507772342 266.37172587688985 -29.426233784701846 
  -5282.504997984024  14114.647027712752  266.3967641444827 -29.433652784361403 
 -5601.1098068547035  13973.029661220344  266.3948564395606 -29.435867164228895 
  -4535.279476871813   12901.92163323858  266.3881320858353 -29.424847528018084 
  -3213.197117483253  13554.429717030796   266.396556374063 -29.415945737899612 
  -4487.343809608797   19864.76138439077 266.44649380145785 -29.441076488473506 
  -1068.139117823903  19926.444251612804 266.45383861260245 -29.414506724364582 
   937.6797046661101   19268.60615319488  266.4523530692888 -29.397589417043356 
  3272.4305359860596   19961.91224366146 266.46232935990724   -29.3817561687184 
   2926.032119971992  19508.426054361644 266.45803469316724 -29.383233504562778 
   -1421.65377229412   16293.50305595983  266.4232500176095 -29.408489193981502 
 -497.92175308620864  16823.649163191552  266.4295094842328  -29.40264548838107 
  -610.4643576774456  16190.867127888941 266.42405042704434  -29.40199624945836 
   525.0636841923862  16555.309210514064  266.4293379785009  -29.39419325445733 
   401.6906437924378  16280.709450011203  266.4268278142781 -29.394475470197204 
  -983.1924292202985  14837.634881995082 266.41204190242036  -29.40164226393207 
 -1223.2592197462723  13417.278014903924 266.39965678639766 -29.400137244873218 
   901.7993792152007   15750.41554167109 266.42344686635425 -29.389413767475123 
   2772.294033942937  18112.245315886008 266.44643317842514  -29.38100836822232 
  1665.6195424455796   15787.94919720036 266.42527163966224 -29.383735095402496 
  2120.3584774582223    16129.4796591159 266.42897439277283  -29.38113279055246 
  4694.3453446806225   18770.25407998168  266.4553259140457 -29.368375908150238 
   7782.130100908772  20106.706905817628  266.4714832738644  -29.34924217746868 
   5894.549260936014  18189.639723057426  266.4528248629782 -29.358216989320496 
    5576.32907066062  16974.423922552844  266.4424262092289 -29.357617909774785 
   7118.499680149283  17887.356208829533  266.4525899351191 -29.348650129711764 
   6577.717499823622  17452.202424288356  266.4481161114177 -29.351502114732174 
    7975.68675265392  18642.519339365474 266.46015356861415 -29.344326096505643 
   9330.306414037559    19366.0373601745 266.46824582716016  -29.33645762191137 
  10718.829069165451   19976.95729387778  266.4754018029125  -29.32819192444087 
   9552.058057194015  20454.003950032984  266.4772272467999   -29.3375228767558 
  11226.605764704638    20223.0514139911  266.4781734434267 -29.325252374324645 
 -19738.360133996124   -8471.37190006684  266.1544127482159 -29.506963481335973 
 -19758.362721295245  -8597.027962363887 266.15316989912895 -29.506890739879633 
  -20181.17190095099 -10244.572407070584 266.13632936288485 -29.507414802423185 
 -19591.101120675623  -9010.525003774494  266.1498349446897  -29.50455403205132 
 -18741.806721008623 -11340.541752449857 266.13077259453024  -29.49232416042958 
 -19736.220549888283  2359.4917209885475  266.2552498108497  -29.52973446907089 
   -19224.2687773628  1874.1175906589244 266.25230203141103 -29.524069794276755 
 -20022.513160518156 -361.93230626319394 266.22923076851913 -29.526423490616985 
 -19807.066131523396   96.04740613481921  266.2341312323291 -29.525462909495136 
 -18322.731053565014    932.102281854794 266.24630318893924 -29.513954623859053 
  -19800.86879982703 -2537.6874115310993  266.2096881192229 -29.519785355760046 
 -20109.933928056333  -3085.732387878374 266.20362045158015  -29.52142086208563 
  -19956.71935697583  -4390.791030271039  266.1919168806916 -29.517300902135016 
 -19335.818511693782  -709.3749083192024   266.228098960616  -29.51948856779373 
  -19209.96123950866 -2239.3795173890217  266.2142846000361 -29.515097093347983 
 -17397.271123813447 -1409.9458761843264 266.22746476084166   -29.5006939365724 
 -18519.202813935717   -2856.08418042398 266.21067491525974 -29.507605400615446 
  -18648.18536231687  -3092.965017123807 266.20807860300505 -29.508259041384374 
 -17636.186509044837 -2766.8478554819003  266.2141960631043   -29.4999327345377 
 -17870.170645256796    2970.20639503437  266.2663363390691 -29.514374309977256 
 -17223.363149820878    4305.92088159315  266.2803783975631 -29.511591164333787 
 -16379.763528895535  3300.3412189416003 266.27362843961913 -29.501938837527078 
  -17328.01207155604  1743.7833718024299 266.25668293331967  -29.50688332050768 
  -17354.07487431681  1318.9026776416365 266.25271092575616 -29.506188768876072 
 -17914.120246151335   1215.558478742334 266.25011827601617  -29.51093154467272 
 -15031.696168619987   1969.530237638506 266.26534372511844 -29.487245858879387 
 -15982.591411396892   4143.107446087599  266.2824075567929 -29.500320806060582 
 -14890.087654101275  3903.1731650416045  266.2832871733885  -29.49027230217079 
 -14904.252654759493  3295.8340747019342  266.2777479790313 -29.489052611819435 
 -12895.365933584595  3614.9451309172405 266.28617478228364 -29.472475519453077 
 -12383.116217790117  3856.5985916386635 266.28973732334725 -29.468650092348508 
 -15977.107862330846  -502.3377503514794  266.2400260602333 -29.490132976839327 
 -12416.642408734318  1535.5360514076367 266.26872687887743  -29.46383171908375 
 -13225.521867878302  396.48157110156245  266.2561433542128  -29.46825580779955 
 -12434.013680017393  243.59072695076685  266.2569787996116 -29.461176606609122 
 -13513.018909899682   127.1595160971692  266.2528810202553  -29.47013688919788 
 -12371.563687879774  170.29613400033267 266.25648881246707 -29.460487888185977 
 -11976.508341388986  291.59721988180803 266.25869102929164 -29.457399943697297 
 -10981.355889252894   282.4961959218371 266.26136401890017 -29.448992418782996 
 -11175.763406531729   664.3904529639146 266.26427714050465  -29.45145087877145 
 -11209.792400207974  1608.8859550417662 266.27270075089837  -29.45378936719158 
 -11280.122018875129   668.7316428733959   266.264029271784  -29.45233801891456 
  -19190.04962170415  -5991.052444970939 266.17938193429126 -29.507081627745382 
  -18468.98098649008  -5710.886886178014  266.1842656298434  -29.50120317913487 
  -18776.89260026338  -5307.510467216798 266.18706223734364  -29.50478830324438 
  -19202.37936269228  -6812.574720808625 266.17166398466827  -29.50550807205103 
 -19613.754520344486 -6724.9971125967095  266.1711731969675  -29.50938604958299 
 -19587.215250531208  -7629.952324050982  266.1627846694259 -29.507303415971737 
 -17628.068655693067  -4097.405646005777 266.20188337511735  -29.49706755263856 
  -17223.82136290047  -4821.807013579233 266.19640147216836   -29.4919803328408 
  -16881.79113946392  -3537.468328995959  266.2093502206308 -29.491639753534002 
 -16188.750829945542 -3410.6770196521443 266.21261620465106 -29.485812614869932 
 -15646.949908472909  -5875.933950299418  266.1914658953794 -29.475956660004517 
 -18268.420680830208   -8964.97771507022 266.15452523459044 -29.492804181227836 
  -18460.62717490736  -9068.362750336692 266.15294213112657 -29.494310310998898 
 -16742.556773240856  -7796.985171471857 266.17025125450635  -29.48164464572645 
  -17382.64418419931 -10476.247934682713  266.1432605556883  -29.48194618142808 
 -15776.665654316279  -7471.286337705896 266.17628740002414 -29.473837581244094 
  -14275.38297266036  -6189.795063107183 266.19273664316995 -29.463417461367236 
 -13821.705862987563  -7140.446613558757  266.1853454598464 -29.457579922497438 
 -14676.200810075265   -8649.18600723177  266.1687874101829  -29.46190996093244 
 -13620.551002703216  -8582.765311004618  266.1726566870785 -29.452956566877866 
 -13263.556840052497  -8787.533231458572  266.1718628815072  -29.44949477128107 
 -14920.068435499958  -3463.540522285057   266.215923380604  -29.47463744992859 
 -14883.868074846025  -2489.906971360636 266.22498375411965 -29.476372467577228 
   -12681.2562674647  -2450.140145127254 266.23176330154774 -29.457528156171836 
  -13633.58117418316 -1624.1878747389542  266.2365625469574  -29.46741957213657 
 -14125.309703641662 -3880.8215351033973  266.2144433847944  -29.46689328245436 
 -14273.846667927419 -4022.5077075094596  266.2127006902137 -29.467878412903033 
  -14068.41719644669 -4653.7183642798545  266.2075063319723 -29.464795666469037 
 -12839.516406878285   -3983.47175254982 266.21728509750375  -29.45566054740183 
 -12253.499785296193  -3637.363669368781  266.2221568660077 -29.451400539443004 
 -12066.524955506893 -2155.2935896795734  266.2362132742172  -29.45293156591621 
  -11401.81005179181  -663.0748644913272 266.25164483488174 -29.450494374390644 
  -11092.70988007633  -499.1420858167823  266.2539901751289 -29.448245842815815 
 -11378.039663617545  -3614.458793790232  266.2248914655159  -29.44405244541161 
 -10026.981742690445 -2243.5499735689714 266.24117020772377  -29.43562470090442 
  -9452.748703913876  -1968.124480190195  266.2452580885346 -29.431441196673774 
  -9602.332424410015  -3097.615138543869  266.2346264312506  -29.43030334968024 
 -13689.749874163932  -5567.767812361443 266.20022803003025 -29.459654274122936 
 -11132.042647684366 -5969.5411020153115  266.2041151628093 -29.437124313772284 
 -12291.211281270247  -8372.609622419774   266.178642382293  -29.44205032644204 
 -11061.453216294096   -6705.07396042424 266.19760015301824 -29.435037103619887 
  -10761.56181953165  -4488.095114787139  266.2187048435903  -29.43706322436329 
  -9290.067361591144  -6899.576226315444  266.2010053614699  -29.41990726552932 
   -8728.78186579333  -5022.853734200288  266.2196513382294 -29.419102514366017 
  -7794.921277671992 -6123.5084743991565 266.21233500185485 -29.409216023819113 
 -20185.921625419793 -14624.139805104498  266.0951875844306  -29.49895364812959 
  -20221.66727325054  -15000.21435297661 266.09153831054255 -29.498563123637037 
 -19893.786973859744 -15197.675027077736  266.0907970523587 -29.495237245874442 
 -18049.908779860372  -11561.11447833367 266.13096987565973 -29.485731446182978 
 -18764.126704257254 -13852.086442112952 266.10719157255295 -29.487670205357954 
 -18420.918285545155 -14415.411142408391  266.1030671261525 -29.483542399235827 
  -17165.03733076774 -13897.365578125065  266.1120631173699 -29.473410148984097 
 -19597.417570762074 -18357.639704969763 266.06224517266236 -29.486722087366243 
 -19906.161180306233   -19369.2963182108 266.05173807521277 -29.487657437010483 
 -18375.238367331418  -18118.04408252344  266.0686671319767 -29.476266825036895 
 -17716.785513426556 -15360.466651323844  266.0965929061592 -29.475520599199353 
 -17512.134059363485 -15400.396167778665 266.09690332765234 -29.473638732670096 
 -18266.638368184173 -15937.503505976589  266.0893671867466 -29.479313429033155 
 -16756.208848561997 -15672.741744235105 266.09688305005534 -29.466482687176086 
 -16757.096666181984 -16131.960139693252 266.09260910837565  -29.46563920940276 
 -18505.124301867378  -20185.40216473654 266.04899051488513  -29.47370821479622 
 -19038.440378956926 -20167.826854703893  266.0473086628042 -29.478476351075614 
 -19695.832904780968  -20182.19120214447  266.0448927239332  -29.48431731398627 
 -17523.473026149426  -19498.81762955674  266.0587396191608 -29.466259388347712 
 -14791.749271401271 -20280.998797924472 266.06079325949327 -29.441122762776544 
 -14161.088909689235  -20239.50079479623 266.06330054492344  -29.43578870627562 
  -16753.50707107135 -11518.752920359555  266.1355698009332 -29.474361799190333 
 -16717.606932149723 -11847.716149089327  266.1326216436029 -29.473407526082777 
  -17012.46846663549 -12344.724508532874 266.12703467267585  -29.47503881537259 
 -16057.462083716124 -11396.553332796202 266.13894520542294 -29.468500819898306 
 -14965.420773981776 -10534.220382741512 266.15042372884545 -29.460684792484283 
 -15609.138089288459 -11457.882719110694  266.1398098538254 -29.464472072412722 
 -16269.432841160622 -13138.524990809881 266.12205954413224 -29.466995749962955 
 -14798.235317630602 -11950.502179354406  266.1378263539866 -29.456485643148728 
 -13051.765069104249  -11690.17054065866  266.1457505171017 -29.442005199227705 
 -11515.925525820954   -10657.1061526573 266.16001681100664 -29.431010673275825 
 -15498.075836270895 -15107.857517333177  266.1062830145407 -29.456559531094605 
 -14751.937518110639 -14660.356896215444  266.1128665606318  -29.45093907344753 
  -13869.82833863247 -14867.926914193542 266.11380532777065 -29.442971706604766 
 -13722.836297198424 -13425.415542841385 266.12760688711546 -29.444420270984494 
 -14707.811901362496 -16311.251162721448  266.0977288024772 -29.447501973798335 
 -11505.895179823556 -12970.507749053253  266.1388011844617  -29.42649077771575 
 -10796.662214928201  -13178.84266615834 266.13910043416774 -29.420162713728406 
 -10158.305438138583   -12989.1626848075 266.14281637791606  -29.41521034616152 
 -11515.464229760099 -15486.174027330413  266.1156692434518 -29.421883759831093 
   -9301.29388994774 -13776.078688067493  266.1382709602643 -29.406655620051747 
   -9622.29467182586 -14604.828721013271  266.1297079167038 -29.407763130925783 
  -9161.532518457256  -8746.968545838696  266.1845651249891  -29.41516048376573 
 -10781.994210460321 -10709.006758437137  266.1617829464082 -29.424761131872444 
  -9600.395732691002 -11039.407107018726 266.16234552965875 -29.414307957899126 
  -8165.622333184197  -7354.477660283933  266.2001248611687 -29.409759907815097 
  -7798.093227089839  -6943.467085515109 266.20490471085475 -29.407586658922597 
  -7081.623031775591   -9679.84364147176 266.18219018131094 -29.396359361482784 
  -7000.907246724231  -8256.184075385407  266.1953099239285  -29.39850169784912 
  -7457.190921042348 -10736.538145891844  266.1715083163139 -29.397353026142476 
  -8407.889084902423 -14525.906917113825  266.1341919120083 -29.397947207100536 
  -7083.207330012527  -12324.13033857608  266.1582193481698  -29.39130265625333 
 -6376.4385402888975  -12143.16788779436  266.1619623744416  -29.38595833167702 
  -5957.752627891179 -11239.639000264684 266.17136492026185 -29.384320825731667 
  -5329.569607935774   -9506.82355903119  266.1888157014803  -29.38264924552443 
   -3649.48612203605 -11323.770247058792 266.17729829918636 -29.365906903949448 
  -2901.219473995132 -11843.880643106986  266.1747825713254 -29.359091671718776 
 -3769.4307779556343 -10898.752247023938  266.1807673213605  -29.36765379130255 
 -3706.9355916363347 -10940.592251796343 266.18057071746114 -29.367084602704825 
 -12597.800320337368 -18454.111502357984  266.0849097919736 -29.425639421434656 
 -11999.805367089919  -16772.28564369206 266.10230558041087 -29.423608959524188 
 -12079.435835807259 -17277.889305510194  266.0974046264722 -29.423367855374384 
  -11769.87479360115 -16632.471145402098 266.10433129029116 -29.421929499498795 
  -12513.94070604496 -20048.149457460164 266.07056157047754 -29.422136823429017 
 -12443.561686728424 -20170.515290480995  266.0696740170594   -29.4213316684963 
 -10761.274872663878 -18067.613128281595   266.094437449104 -29.410934109400188 
  -9599.634752549238 -17127.924382362868  266.1067448530078 -29.402994767464655 
 -10429.041978520318 -15734.006404711872  266.1168493862937 -29.412367245116315 
 -10443.085793183824 -15891.686217837329  266.1153619719474 -29.412196625787452 
  -7766.645850970047  -16729.82879745912  266.1161452013444    -29.388737171061 
  -6561.483710278123 -14089.369350357169  266.1437918053768  -29.38381208730481 
 -6255.9274754486205 -14911.400733368982 266.13727813939215 -29.379857927078746 
  -5605.956154666959  -16450.71487064649  266.1253525774929  -29.37190383080068 
  -4157.301453323607 -16194.674999603018  266.1320598663536 -29.360929053944957 
 -3481.7756314045414 -12526.106678516342 266.16699768175744 -29.362334759583238 
 -2137.8542172835764 -15401.586046150922 266.14518219392636   -29.3466587380548 
 -2015.4251136221294 -14917.045675003375 266.14986893542164 -29.346587136830124 
  -4881.636273734501 -18001.334492465034   266.113606121324 -29.363442163846557 
 -3534.9381759266453 -16413.805080753453  266.1319668365265 -29.355675598187602 
   -4560.53615008965  -17330.35522101789 266.12062681681226 -29.362086928902308 
  -4811.489279784143  -20084.50376303547  266.0951001893811 -29.359318846337633 
  -2776.039632264431 -17495.876104936855   266.124560882649  -29.34788313339927 
  -613.9679055636386 -16248.261158937414  266.1421091752979 -29.333510932363033 
  -1355.857531908901 -15396.144242359034  266.1475236727914  -29.34067124989963 
  -636.1876078089804  -18580.54376909949 266.12132032737645 -29.329636195143873 
  -745.9596636779969 -17548.196963780938  266.1301653719885 -29.332241653672014 
   777.3103489839851 -18157.946710909015 266.12925921797574  -29.31971864295439 
  -670.1673844521998  -17476.26257121688  266.1310292902719  -29.33179129985534 
   939.3347546606628 -17896.853986288184  266.1320439356593 -29.318954629148788 
 -11152.845189174182   6376.754720514216  266.3155048511258 -29.463889677763834 
 -10947.778837551488   4555.420873096449 266.29982593643757 -29.458084884507127 
  -12367.86216463288    4593.51255324974  266.2963904699105 -29.470158155217028 
 -11958.050202925548    4653.51639225092  266.2980236323392 -29.466817455584472 
   -9224.01833244448   8345.088231945188  266.3377712317105 -29.452278996377594 
  -9756.761409905226   8001.862493013531   266.333427940377 -29.455909972001052 
   -9194.15349949496   7924.380555670829 266.33415389372095 -29.451072443125746 
  -9307.407455186336   7050.048575030779 266.32617954550636  -29.45002241220344 
  -7632.025379106267   7743.751680630166   266.336430570974  -29.43783614568549 
 -10809.036956786455  2262.4298293481334  266.2796645860571  -29.45185357816353 
 -11114.317566838492   2486.977017302106 266.28085838770164 -29.454908179689344 
  -9554.366066145569  3227.3620381904475  266.2916428061577  -29.44351639849794 
    -9973.6370453461   1280.000731100424 266.27309291905146 -29.442732355574336 
  -9549.140121814573  1975.0078822837118 266.28046269210375 -29.440722108385366 
  -9812.790962971792   1444.181484087531 266.27499958258613 -29.441752213586565 
  -8869.093040896572  1265.4665044225344  266.2759218531966 -29.433554660260903 
   -9318.64980501213    902.727806584882  266.2714690128796  -29.43647920359066 
   -8162.51778838693   4313.158070832595  266.3049056749119  -29.43445081915667 
  -7589.988527089652   4962.797362756378 266.31210314804116 -29.431220314902422 
   -6861.41136926536  2717.4771175581745  266.2940989931345 -29.420326319789602 
  -5561.278992961911   3894.187046553182 266.30777329935614 -29.412452969030316 
  -6186.446794631898   10303.36303616327  266.3621227181973 -29.431995047641436 
  -6987.836967228335   8684.605049421907  266.3462000113599  -29.43474576780951 
  -5286.878752672568   8973.252755376392  266.3527422028638 -29.421714497773134 
  -6969.924654402951    8961.23339331394 266.34864814108903 -29.435234574515757 
  -5637.380307169796  10582.358928778063 266.36580283499046 -29.428229576861714 
  -6040.201763236062   7716.734950386439  266.3400549845396 -29.424882401970102 
  -5696.028180714304   6936.329332136773 266.33408552793674 -29.420346683333474 
  -5354.264353460202   7169.345304612591  266.3369364065777  -29.41813823769809 
 -1221.9363202414206  12903.372705953145  266.3953414232964  -29.39891929921025 
  -4869.014926786663   5316.009656301175  266.3219443734258  -29.41009215465035 
  -3894.167170267114   6987.287534935762  266.3388249748448  -29.40612716137083 
  -1112.005594379585   5436.786026558278  266.3319186085785  -29.38095354114708 
 -365.56434430801124   5390.524394489617  266.3332446106985 -29.375123989322045 
    9.66021274151921   5807.348822162667 266.33768996083853 -29.373191086120116 
  1207.7235157227235   7365.678941735536  266.3537070527382   -29.3676124920041 
  -8208.938213337015  -601.2593589434804  266.2609609564301 -29.424106642558026 
  -9391.956623069367  -291.5057096990676 266.26054057896187 -29.434510167616246 
 -7994.8791365096595    465.392149408431  266.2710890489093 -29.424646258412757 
  -7386.964883714586    305.214138666555  266.2712695563227 -29.419344023258528 
  -8247.356277876772  -1824.920082455012   266.249863379142  -29.42181867005728 
  -6236.224971703549 -32.332684082516586  266.2712890158156   -29.4093089509371 
  -5220.002324282429   751.0845017257193  266.2808848378237 -29.402852258092356 
  -4681.070188692525  301.34145608065086  266.2782850278028  -29.39759564970965 
  -4332.252001706126   333.8645611549311  266.2794660323946 -29.394901241703785 
   -4294.24233872554  1256.5578097509717  266.2877133885899 -29.396590610784145 
  -7067.389712331277 -2913.2755853675303  266.2432992449139 -29.409917219455288 
  -5235.861153466794 -1606.8834326020774  266.2598946931743 -29.397943215361177 
    -5661.7094676222  -4790.637831375162 266.23028912443255  -29.39471733861648 
 -6988.3420881578495   -4287.45000259235 266.23116108796233 -29.406422536186394 
  -4436.248074051699 -2069.7758555654873 266.25787911449123   -29.3906165570538 
  -4300.595126358501 -1683.8368738918812  266.2616643107217  -29.39035604359936 
 -2252.8080767907873  -1408.859625470613  266.2693788038225  -29.37489730485175 
 -1868.4755761389285 -2040.4226174513874 266.26478951026183  -29.37059343242295 
  -1850.985122527445 -1421.7336398694981  266.2702863004541  -29.37175787729447 
 -1859.4838738930418 -1658.9812472635338 266.26817477445684  -29.37132428424221 
 -1072.0861170876628  -2443.426740359784  266.2632685683858 -29.363617962703604 
  -996.8385617865159 -2216.5760157090704  266.2654557261048  -29.36351390437771 
 -2807.7021841374967  3975.4028334201394 266.31523031100244  -29.39085465138138 
 -1490.8240870679242   4411.297274143085 266.32215982020904  -29.38159211239978 
  -65.33080745955687  3822.4587031195942 266.32040919920536  -29.36935569089739 
  -1013.675855267294  1804.2024831608564 266.30063161526544 -29.372201272750605 
   -1758.49633678009   731.4881032211176  266.2894341855239  -29.37562551018899 
 -367.73232661894303  2871.1795399925045 266.31145883145183 -29.369575682662376 
   508.6596326810854  1950.4593149137436 266.30555223610753 -29.360904257378117 
 -427.05919591540896   5324.819210608303 266.33253690963875 -29.375447722601017 
  289.29812722328074    4135.31900142308  266.3239364583725 -29.367347004777333 
   2895.729313052117    5860.09184354548 266.34460483549344  -29.35159661504127 
   3438.954284660118   4237.339803164865  266.3319763122569  -29.34397828641211 
 -1510.2589682483415    53.8477766252012  266.2841090892439 -29.372257055059784 
   -597.050329705014   158.3558302887812   266.287279220426  -29.36546701140164 
 -161.56746812948307  1251.8169043683854  266.2978778950912 -29.364487661071994 
 -330.10520840660445  -1637.527125154805 266.27221906117796 -29.359627893156194 
   2520.719615212936  1733.4564701506577  266.3084049137874 -29.345329996611685 
   4436.102521038209 -116.31527915021992 266.29693661902127 -29.327264492052066 
   2972.448167275927   527.1179828410467 266.29905618250916 -29.339392216243947 
   3634.052934307488  -61.61973223056222 266.29553125346047  -29.33325918266715 
   3343.662890336444  -806.8746397802213  266.2884099323018 -29.333826185264606 
   4762.911441468457    507.475243170352  266.3030525206964 -29.326202067607973 
   6036.183741325683   631.1761699675704  266.3070219565238 -29.317243905401956 
   918.3038852765599  11410.429514337515 266.38731233210405  -29.37907508626276 
  2320.5184509756577  12781.109232793224 266.40167650652893  -29.37172040763382 
   2101.597784929156  11358.219908119765   266.389345666375 -29.370042258147862 
   5693.726096537246  14850.940034507968  266.4253637539915  -29.35171785046962 
   4697.407902970346   13091.37883920559   266.408992475763  -29.35485011798873 
   4578.517886484787  13006.898931122822  266.4080614300661  -29.35552394817002 
   6337.017413580355  14152.021189886511   266.420867430916 -29.345408956413387 
   6138.982825744115   13527.62525782261  266.4153757878758 -29.345375173626763 
  6394.2920092206095  13510.416968295815  266.4157226887102  -29.34348946500923 
  1006.1398868889036   10031.31570232164  266.3758792350888 -29.375219470117774 
   4525.729211772135  10104.778705108707 266.38385236106126  -29.34918222850133 
   2340.940487798164   7421.327986892648  266.3566596805731  -29.35923319606975 
   4431.428594022179    8813.98417566651  266.3728542671753 -29.346922044319417 
   6134.445504299345  10968.948595390504  266.3942751191558 -29.339459739183717 
   5678.626924323279   12034.79857785621  266.4021929174416  -29.34522911598926 
   5978.599739770419  11542.722109290995 266.39871562698573 -29.341912865505158 
   7209.481987889505  11251.697383744984 266.39872259202883   -29.3323761759795 
  6357.2448240133635  15830.922422153231  266.4345906057421 -29.349229670999947 
  6943.6501245776135   16509.22316924228  266.4411651429457  -29.34661406145632 
   7784.786152840303   17047.96451357142  266.4470291934176  -29.34186913806446 
   7659.225987522781  16280.848958713545 266.44061833175243  -29.34093962116754 
   10231.89381488324   15905.61784343532 266.44218634280185  -29.32186361383884 
  10630.170329019073   15952.81551948287 266.44326342847813  -29.31919576220816 
   9376.154971310862  15791.046109473162 266.43975066313413  -29.32759668584705 
  11229.078343331097  19073.657255603775 266.46911982470704 -29.322467357756036 
  11111.460007171227  19291.833817908828 266.47064756003095  -29.32380842177538 
   9961.962978809386   18002.93576666459 266.45848765391423  -29.32874168158886 
  13579.535598725672   19422.54653316798 266.47570083240123 -29.307150147064586 
   14142.43451769444  18714.262526758375 266.47105220728923 -29.301634569671346 
    8288.90703255315  13516.480166212652  266.4193447655457 -29.329936982142655 
   8993.115076757715  12444.181208165492   266.411913655165 -29.322455985236054 
   11639.50494596245  13738.761363621607 266.42724938752065  -29.30700308205239 
  10706.920443362027  14260.074359420418 266.42978793494933 -29.314680478018026 
  11755.838629485983  13929.870272565453 266.42899540176023 -29.306646209265686 
  10502.525841493294  13044.507041532763  266.4195883236664 -29.313269213451953 
   10800.83513865152  11792.012835768612  266.4099627327974  -29.30829820217147 
  10743.635567809033  12306.909407095898 266.41404352107793 -29.309883184619306 
  12168.244235064994  12108.044203063393  266.4150293407624 -29.299589203763553 
  13078.455591640182  15838.012690838614  266.4465654834192 -29.302047059533514 
    15433.6054699007  16101.584568252752  266.4525888186409 -29.286760552723155 
   14762.80036724868  16066.507375036173  266.4512046198118 -29.291176397972848 
  14472.080180239973   14334.42397083401 266.43696054685194   -29.2890827728177 
  16640.908905633718  13919.333969624804    266.43732289575  -29.27365130883894 
   16506.77062713758  15040.908158767787 266.44597728179735 -29.277140053631445 
  15863.082835208405  14282.978673645443 266.43890490657043 -29.279651442534142 
   4719.720448844027   6484.871972006509  266.3538566437146  -29.33955577027143 
   4630.853342975856   6561.549301919392  266.3543143217612  -29.34037695405836 
  4304.7194040357535   4635.684925964645 266.33728756440263 -29.338486418370422 
    8185.06556963636   9207.316110099897  266.3837455123321 -29.320742468120855 
   9077.134164929203   8385.528147990832  266.3787076547228   -29.3125812227382 
  10262.381513887003   9107.939579486623   266.386985108365  -29.30591597988553 
   10324.44719079312    8443.75290235683 266.38163697439666 -29.303985633823014 
   9460.768236991635   7127.464908680552 266.36904512940777 -29.307066791437528 
   5860.366503191941   2631.617748866647  266.3236777550531  -29.32279537114229 
   6712.603856061147  3057.1704964978458 266.32916363749575 -29.317586799577004 
   7737.155963443848  2374.0388428690203 266.32561435681475 -29.308806800941134 
   7033.450208865643   2907.325737678206 266.32859426842816  -29.31496695394542 
   11692.74257921701  3287.3100099089324  266.3416505998462  -29.28318675204176 
    13410.4789905041   4135.489045521854 266.35216634888883 -29.273330601426903 
  12340.865516295731   4415.243175898583  266.3523369171999  -29.28119290089893 
  13398.040603456828     4636.6728889225  266.3562788204999 -29.274498962578424 
  12522.039730746534   9857.496278200251 266.39740521983384 -29.292027463629264 
  13323.442304545213    9638.12388247857  266.3971068059374 -29.286077053572793 
  14636.627545619553   9875.809369502878  266.4014407595326  -29.27775806320279 
  13939.795899281187  10022.526119347616  266.4013599379148 -29.282776470132106 
   17763.30001380804  12338.966229864669  266.4266652920219    -29.262644447432 
     17447.472715285  13821.010132795947  266.4378871218688 -29.268112479159935 
  16747.394130492583  13610.654775153323  266.4350527310544 -29.272235457413835 
   17439.32766761552  13001.167746598134  266.4313775321367  -29.26628074925709 
  16175.821443416622  13588.639155831683 266.43391572661017 -29.275967003936998 
  15552.628752423363  10426.581303900879  266.4075335540882 -29.272882977801356 
   17222.73955095433  10841.555505852686  266.4138026024674  -29.26278493142444 
  13261.966524347445   7606.034051456063  266.3804147047559 -29.281940618748965 
  14470.094002832284   6622.768693437784 266.37467342685875  -29.27162516158574 
   14487.90208708311   7623.347046792113  266.3828747515798 -29.273716174735977 
   16085.48704117693   7075.409556859124 266.38140189318955  -29.26187211306343 
  16344.973672864142   5781.418391537511  266.3713647382461 -29.257328428829858 
  16239.128588493746   5312.938750401484  266.3673457744861  -29.25700841493849 
  17522.379405738575   8428.491865938151 266.39496735918516  -29.25542040891865 
  19450.885609444853   10206.54853875718  266.4125777843984  -29.24687915018582 
  19101.927822071408  10544.175767345796  266.4146678996178 -29.249885030943236 
  19118.336906930926   10219.38959516131   266.412110204674 -29.249050640655607 
   20330.47980671693   8701.501485304454 266.40210524387015 -29.237898054424612 
  -5328.938896880363 -6204.3590546282485 266.21851923805707  -29.38918728737344 
  -4046.565945587748  -6206.843281714903  266.2220258604631 -29.379027128055643 
 -3938.9834048557163  -6983.898901640064  266.2153711537209  -29.37662316265142 
  -2368.759271380444  -7565.028855076576 266.21448589561373  -29.36321411760933 
  -2370.917429442491 -4005.4529792316225  266.2461146182456  -29.37040798286303 
   -2608.83626202027  -4462.333585679953 266.24143499452526  -29.37131922211927 
   -478.971594348735 -3570.3181634756447  266.2548623332401 -29.356747038579407 
   -87.4938618342588  -4208.746664538539 266.25024661922066 -29.352457947121692 
 -1388.9211205614786 -3275.7197166266646  266.2551221187385  -29.36432488251358 
  -500.2043936475221 -3606.8234718472936  266.2544865893431   -29.3568339013697 
 -280.05296694621154  -5422.959854179121 266.23904856710953  -29.35145728097446 
  148.62962110399732  -4921.184314403753  266.2445834520922 -29.349216764934045 
  -273.1535075126553  -4906.554870018909  266.2436209058311 -29.352449211327418 
   860.9732714154059  -6138.585670045329  266.2357140062277 -29.341388778160855 
  -4421.605969912056  -8721.861167756688  266.1984521764751  -29.37698814179453 
  -881.5436230680275  -8098.294338983319  266.2137830112942 -29.350723660888775 
 -1067.8370783036892  -8743.100694561033  266.2075548912234 -29.350889119229162 
  -2575.145905384292 -10525.477728272357  266.1874994393645 -29.359059807114768 
  -946.8909110855138  -9118.339296498847 266.20455291288033  -29.34923645100467 
  -405.5095739216791  -7220.955195601166 266.22283194812695 -29.348821067927073 
  1982.7934445494247  -7126.954321081009  266.2299433457853 -29.331033689253093 
  2044.2339766134492   -7285.11334297132 266.22871496561004  -29.33026534154604 
  1244.1578736255592  -9930.078187249217  266.2033189423034  -29.33111075914826 
  1672.7033867068674  -7853.986799186048 266.22274638525874 -29.331917941139785 
  3138.9513506980356  -8946.181768575772 266.21700821843694 -29.318938353020375 
   2117.522867820024  -3303.046079719206  266.2637505601512 -29.337725452476665 
   3492.573297889478 -1611.1207653486788  266.2818081845602 -29.331045464439732 
   3509.694130185705 -2735.8967589627723 266.27210344765234 -29.328587954957545 
   4633.293997451512  -392.7184096222084  266.2950190202841 -29.325242866960924 
   4541.854293184994  -798.1166824421332   266.291316266599   -29.3250575254736 
   4619.863054702577  -1554.927893909686  266.2849790922146 -29.322907374668834 
  6250.4452484035955    232.824135292571 266.30410600404826 -29.314859682900973 
   5883.120534583779 -229.16936159223454  266.2993155334669 -29.316528775476133 
   5442.969377485919  -2464.107909965407 266.27909459483834 -29.315052476138092 
   5206.960358597258 -3903.3714030001665 266.26611127842244 -29.313817332353512 
   5863.170645423277 -3076.9862078446845 266.27481498276524 -29.310764686333137 
   6485.043193753832 -1969.9598800294893 266.28579253971907  -29.30857544657457 
   7037.142422095875 -2741.4522408793223 266.28046841213927 -29.303046996168007 
  3819.6080124950577  -6759.555793244718  266.2378752917279  -29.31820143832511 
   5888.992990452064  -5419.263783934252  266.2546701756609  -29.30585126100075 
   4716.979123602408  -6628.128647987582 266.24128616676035  -29.31192012478129 
  3697.4710471921126  -7739.636444534599 266.22901108036046 -29.317174938198548 
   5452.043363912375  -7730.262039477178  266.2335646162499 -29.304449216919796 
    5089.95163126488  -7183.279502386187  266.2374009858035 -29.308128471358092 
   7772.986405535049  -3535.386652343148  266.2753914432698 -29.296209267943553 
   7879.631139859369  -3399.275376814058  266.2768062771771  -29.29573163012436 
   8475.651304716013 -3341.2821701494795  266.2786914223451  -29.29165078503842 
   7332.220060432628   -6538.72144089855   266.248541395463    -29.293340887099 
 -1291.6095747231334 -11545.470985394772 266.18201402323893  -29.34724137784322 
   390.4510709310597 -11805.359882257684  266.1844050435628 -29.333981358795477 
  -370.1337646660277 -13405.389219288494  266.1680767481764 -29.336770759294048 
   1187.958649476359 -12570.661409143142  266.1798482222278  -29.32657648302858 
  1591.3132245970348 -12689.560722812425  266.1799166091525 -29.323348221709637 
  1977.8231710971293 -13302.845147475708 266.17557872436316 -29.319352544861424 
  2281.0134988612936 -11008.867253799997  266.1966146864138 -29.321350729917025 
   2947.153421845115  -11109.43306866583  266.1975266039102 -29.316244359467234 
 -45.958543957828816 -14906.659614851449 266.15567298745503 -29.331597528940467 
   831.6613600835738 -15381.269036076796 266.15398527591117  -29.32415151313249 
  1947.4142121669045 -14025.348773467489  266.1691234926093 -29.318267003352673 
   3039.086883250591 -14806.903669506262  266.1652949037753 -29.308812718341386 
    4624.47027786622 -13827.156393552666 266.17825537002267 -29.299017044677687 
   5434.386795879393 -14746.939048603092  266.1724340236392 -29.291539702123554 
   7345.923659002717 -14461.063274813265  266.1800848334344 -29.278450747322967 
  6619.0382654024215  -9608.354722301247   266.220239834479    -29.292491471956 
   7732.076960096072  -8190.574782993746 266.23529337423236 -29.287308309701494 
   6811.766256808944 -10141.169201341672   266.216117250364 -29.290116259670597 
    8274.75136672774  -6862.073380952976  266.2480576321644 -29.286060110453008 
    10058.0813731581  -6282.989902757387  266.2572962527906 -29.274766450813097 
  12232.370559047238 -8054.8268747830225  266.2473757153918 -29.256477617724617 
  12357.283975619874  -8893.023332884452 266.24055860728896   -29.2540454220018 
  11428.902863487758  -9251.082276744854 266.23527671624726  -29.25966969072227 
  6817.9285634661655 -12398.163603398014  266.1965692549677 -29.285893390692866 
   7798.757225396389  -12265.89388008071  266.2002787778185 -29.279208250085148 
     9400.9169074592 -10492.595480175767 266.21965260655685 -29.271286940621827 
   8521.409796771486 -12067.024299594623   266.203866413559  -29.27450740332394 
  10740.418511014315 -12992.818781191081  266.2015995421788 -29.257497310964123 
  10140.308785255032  -11046.22868400277 266.21675782981754  -29.26515334736365 
   11680.15855719801  -10493.79465016322 266.22530052437855 -29.255643972730574 
  10444.999078590019  -10797.27944596842 266.21965208733053 -29.263517615296905 
  12637.084718697935  -9581.470235451136 266.23538600848167 -29.250866952803655 
  12288.657621280472 -12838.940723418631 266.20683016571957 -29.247259531583325 
  13194.451962709394 -12806.850640978933  266.2093659020771 -29.241234416872352 
   12190.11650667722 -11443.035325145145 266.21847141613137 -29.250446811871054 
     8859.5612990279  364.61280027032575 266.31107178024234 -29.296612807909764 
   6955.340957320779  379.34328430890656 266.30695135740365  -29.31012095783211 
   9719.461449911654   797.7228734071305  266.3166143840365  -29.29151454782923 
   9503.333051820011   983.1352428633664 266.31770821302064 -29.293412732520412 
   9828.719296142574  -990.2978626890142  266.3017509828011 -29.287016116310152 
   9119.811292420713  -680.5488387533045 266.30279580117764  -29.29260206818895 
  10049.616231492077  -693.8061834823814 266.30474750396695  -29.28609756074148 
  10591.841448337658  2289.0358787475257 266.33101814302256  -29.28862589743945 
  14248.145064620037  2880.4732833619682 266.34347657225885 -29.265006539215864 
   12499.68135323113  2938.5709278699132  266.3404068721171  -29.27692999259025 
  14401.491188052247  2001.3398197985625 266.33651649835343 -29.262115616253574 
  14309.972276007516   568.0018708345135 266.32444412634726  -29.25971963195701 
   15336.08079119389   888.4030956009968  266.3292141092485 -29.253562256452813 
  10192.688468084196 -3201.3609529636724  266.2838325123859 -29.279965408815457 
   10949.86868990153  -2741.876785371882  266.2894383657644  -29.27567666942958 
   9569.932886084223 -3263.1838527823024  266.2818834700402  -29.28415971463683 
   9970.843866637826 -2946.5889414749104 266.28548983497654 -29.282017685461252 
   12489.95829166726  -2418.365024228444 266.29559233613617 -29.265823629089244 
  12436.912081829929 -2288.4870785441335 266.29656759305846   -29.2664470358082 
   12904.05823159335 -1995.2994247232714  266.3000530455159 -29.263882119811598 
  11684.749208834064   -2831.41062962073  266.2903279181069   -29.2704627415798 
  12317.033910196478 -2657.9691345371134   266.293194933795 -29.266510653684467 
  11119.568305939147  -4204.430532112784  266.2774410630673   -29.2715676964945 
  11697.926098899005 -3797.2477699842616  266.2822013682865   -29.2684279107274 
  11743.922037958566  -4665.597900743051  266.2749624767733  -29.26638342085807 
  12870.283721982545 -1614.2496474190486  266.3031754629258 -29.264887979664138 
  12656.524667363075  -658.0677472599234 266.31072640392216 -29.268299973483277 
  12977.835622863937  -656.5329741655258 266.31142819378374  -29.26612931169831 
  13526.277476747498  -920.6658328604984  266.3103927364759  -29.26188931951427 
  14689.788023897709   -1963.53499387622  266.3041760699314  -29.25198198892968 
   15678.71624881987  -3007.623753247615  266.2975971595638  -29.24333594721806 
  15534.862308909851 -1621.4871574611952 266.30881939944265  -29.24708008113939 
  15614.147499507555  4274.6912160306465  266.3576537060406 -29.258895352413862 
  16313.064810108803    2606.51738326755  266.3453380009632 -29.250725365306103 
  17726.297519944623  3733.3282330535644 266.35730612881935 -29.243881214099055 
  18683.285129980417  3571.5093684355525  266.3578155836691 -29.237345022177834 
   18005.09343559415   5721.644577998474  266.3739877048689  -29.24634243810085 
  20398.611971266822     5815.8830227003  266.3791316977095 -29.231166655120333 
   18176.85609618921   677.3652566604645 266.33320875303673 -29.234547995578374 
     18167.128995743   775.1690947282358  266.3339908716736 -29.234813099528647 
   18223.48112058602  1790.3786908036902   266.342410654789  -29.23656025054673 
  19090.105515598363   903.8514223714446 266.33686864160865  -29.22914237002903 
  20284.951500855397   1166.233423516605  266.3413371268664 -29.222068639734946 
  14362.260120227336    -5234.6222784924  266.2760910827301 -29.247636306038878 
  14952.232873736884   -4786.56856222312 266.28116119771045  -29.24460153663105 
  14713.922262108828  -4976.091926240167  266.2790447205124  -29.24580788065498 
   14301.16220347892  -4213.171245190422 266.28452260729784 -29.250055598234653 
    13769.0825476966  -6910.510966380527 266.26064607919176  -29.24833636727771 
  13913.102952927668  -8144.679559839824  266.2505710333978  -29.24501945434572 
  16794.245463603933  -3917.470974919408 266.29242827158333 -29.234221040980852 
  18185.899774287474  -3271.249509540164  266.3007389871577 -29.226489465110248 
    18054.0967315105  -6555.010843623698 266.27326297959945 -29.220940095396692 
   18048.87812269088  -6051.313462922694  266.2774320913182 -29.221939473664694 
  18604.737340805834  -4742.664229122901  266.2894699383804 -29.220905751112845 
  19278.255093819393  -4731.864867018612  266.2909923816882  -29.21662497166176 
  14180.843791235624 -10123.547342450358  266.2344961292254 -29.239536707506343 
  14777.455219839843  -8873.104812805203  266.2464507207164 -29.237910509051563 
  13809.948068850148   -9257.52859624939  266.2409308041738 -29.243613009223633 
   16884.39227285147  -7411.111248824538  266.2635362158954 -29.226866072286146 
  18832.628575424627  -8525.572329100482 266.25863179469843  -29.21223657807166 
  20097.068727538346  -6072.216677385956  266.2816896706963 -29.208845349478015 
   18789.07853578447  -9218.879716201443  266.2527770620732 -29.211228034620024 
   19372.02799748565 -2866.9986430453405  266.3065412583033  -29.21969563793194 
  19678.144756525176 -3712.5611542104334  266.3002258995228 -29.216076601537917 
  19977.522745472867 -1938.2486706362058   266.315399323234   -29.2176994497667 
 -1254.0528183362537  -20264.79454442586  266.1044920944343 -29.331489852999045 
  -661.9966635928392 -19425.422233425605  266.1137417359056 -29.328400510562236 
  4039.7701378100214  -17896.06203027716 266.14102018690244   -29.2961339303041 
   5033.738680545277 -18004.565992052598 266.14289765850845 -29.288772232270905 
     4264.7594758174 -20305.095281168633 266.12059664568244 -29.290484046347682 
   4301.169063673513  -20324.61284802332 266.12053222251603  -29.29018893016439 
   4888.411781034145 -18828.938494695718  266.1352889282761  -29.28843009578795 
   6222.636490579278   -20128.0727060504   266.127793163152 -29.276747757373638 
   5364.138429716862  -16602.69316272701 266.15605648615895 -29.288796816426622 
    8595.10065037309 -16775.467400837024 266.16343406478006 -29.265674580287296 
   7640.642494885186 -17149.429647136618  266.1575989246225  -29.27170741648884 
   7018.344785977621  -19085.37728113609 266.13909871036003 -29.272833372332187 
   8046.755492806792 -18441.754893429574  266.1475407591569 -29.266684845007596 
   8723.301414821266  -17590.78881302715  266.1567485078351 -29.263399061389006 
  10189.994898118723 -19135.826043064913 266.14746675687246 -29.250711431485275 
  10650.944451934496  -19512.61062089047  266.1454984689956 -29.246945731911843 
   8710.724829742167 -14972.413316692086 266.17930172305756  -29.26799006504547 
   9677.354248592766  -15775.07282897265  266.1749557816095  -29.25989762910416 
   9990.039254187299  -14637.35078245075  266.1855577787206 -29.259726319465468 
  11018.092496782194 -18195.368052491987  266.1577748681015  -29.24661500843214 
  13348.906626326092  -16123.62032690612  266.1815847302703   -29.2344134614062 
  12101.889191590504  -15696.28351495573   266.181996245438 -29.243503908301015 
   12391.91725709001  -17656.55341438839 266.16604237468096  -29.23822917514802 
  15347.159484999738 -13370.109117382872  266.2099184895789 -29.225980993366967 
  13914.058473703464 -15627.081656196326 266.18724832382685 -29.231505184005314 
  13522.529114303907 -15549.308104551894 266.18690784387593  -29.23423989839433 
  13506.956898562112 -15807.307331399588 266.18467759164866  -29.23390113785562 
  15231.790275532576 -15752.342861264367 266.18953315422476 -29.222604474853647 
   16426.42348662121 -14250.255745959334 266.20515896773026 -29.217401305360927 
   15319.29067123357  -14325.13247513282  266.2017955622018  -29.22449040326414 
  11540.640306388073 -19080.861780519328  266.1516127271778 -29.241610504108568 
  13519.211952839862  -17576.20119265803 266.16969074001094 -29.230830896256958 
  13679.769326007026 -18108.779998958555 266.16559134108326 -29.228880136444428 
  14364.177556439288 -17675.831746102445 266.17104925406596  -29.22506973766389 
  13895.005002115615 -19137.007842941763  266.1574388327173  -29.22576713894538 
  14957.881041597671  -20266.99723991165  266.1506994398082  -29.21694844888854 
  15405.498031339836 -17912.444303735607  266.1717470163991 -29.217841721552603 
  16874.266804138366 -20029.147219454826 266.15774665618744  -29.20488111678843 
  16511.624207004556 -18343.484939548583  266.1709658358747  -29.20994326358258 
  18801.799996543185  -18697.75269893024  266.1738351089269 -29.194709322479472 
  17272.748964251732 -20244.899324255053  266.1569757358593 -29.201976968326086 
  20128.448146614064  -19870.21768667554  266.1674333056992 -29.184480352926467 
   20059.40938739096 -20284.255923060162 266.16382027326273 -29.184258129570352 
   16693.69614679059 -11595.900769724818  266.2280857992444 -29.220363741383785 
  17333.150675055495 -11874.897517150763  266.2272645168323 -29.215728609888256 
  18341.140063010112 -12208.732943764526 266.22685527102215 -29.208665235465226 
  19008.684772112712 -11656.193121300737  266.2330190425974  -29.20539929391374 
  19670.163781175997 -12024.471490844033 266.23149498603925 -29.200554203278344 
  18578.161185572855 -13027.753771211652 266.22058576202386 -29.205705128686226 
