\ This script generates Case-4 astrometry challenges. The telescope used in this
\ challenge is affected by distortion. Astronomical sources are retrived from
\ the Gaia EDR3 catalog. Observation fields are set up around the Galactic
\ center region. A list of source positions on the focal plane and original ICRS
\ coordinates is provided. Solve the position angle and distortion parameters.
\pointing_ra=265.95683235794155
\pointing_dec=-29.583158235474126
\position_angle=314.00022246983684
\distortion_K=(19.467445662806163,)
\distortion_S=(-3.795357341767926, 3.2759767930730135)
\distortion_T=(138.915652077622,)
\distortion_scale=0.9977054954616804
|                  x|                  y|                ra|                dec|
|             double|             double|            double|             double|
|                 um|                 um|               deg|                deg|
|               null|               null|              null|               null|
   19699.77851112212 -19830.528091059598  265.9618092945115 -29.823605428961432 
  15833.288476874819  -19944.75097645647 265.98818098940757 -29.798124280813212 
   16965.41464573161  -19920.33870897335 265.98055782766613 -29.805558755994188 
    9250.34559302427 -20450.733850709163  266.0343969376623 -29.758421867674276 
   8954.407343775081  -20051.75528250767  266.0335768206538  -29.75402613041826 
   4846.013423325532  -20035.88496370534  266.0596171951033  -29.72816633682702 
  502.05014028972045 -20215.866707567504  266.0880320945096 -29.702744657509697 
   718.7351899176925 -20090.916859683097 266.08584235074267 -29.703289343330102 
    -861.79352666279 -19989.784227362205  266.0949445767799 -29.693188803199796 
  -3642.962416701353  -20260.17443456133  266.1138210512822  -29.67834916343228 
 -11616.742550634222 -20433.582300063565  266.1626463936753 -29.633693448870194 
 -14295.225172045135  -20204.84837470872  266.1767080362302 -29.617535381594507 
 -14589.506193171657 -19953.649746855157   266.176742989409 -29.614460407999353 
 -15094.481833718179  -20032.96667536411 266.18017677434455  -29.61216710900235 
   20374.29269086965   4131.004031056925  265.7983813586698  -29.68162929830979 
  20184.203591035035 -19412.316260037456  265.9557164284529  -29.82418213078321 
   19540.86749284678  -19356.26586212095  265.9596238857887 -29.819379907311067 
  19157.402556493027  -18330.31316987388   265.955171525113 -29.810035987402742 
   18279.94474701192  -16821.29181263525 265.95072962311565 -29.794354687470413 
   18147.57362914174 -18195.660490190687 265.96096079542986 -29.802320741068883 
   17228.91291985906 -18006.392416187624  265.9657525871494  -29.79493110741377 
   17118.19083795105 -17993.467985256495 265.96639623469207 -29.794108041607057 
  15827.864289745907   -19064.6389807868 265.98220437034007 -29.792402452603046 
  15395.120980508704 -19019.645944086777 265.98474056996486 -29.789241788061755 
  19388.545642138768 -16404.435309948043 265.94052855878107 -29.799134892785396 
  17844.276887480595 -16404.169802542474 265.95078552886133  -29.78877445088415 
   19113.38237714275 -13327.388301542036  265.9215483197137 -29.777737468105936 
  14643.623276578523 -14812.808047914361  265.9611036762945  -29.75774858293866 
  14901.327894003696   -13969.4108489273 265.95371739747117 -29.754179664100047 
  13268.854142492606  -18319.85973593919  265.9938823195747 -29.770833117893797 
  11909.051785760488 -17284.258933073124  265.9956900873564 -29.755547976307977 
  11912.310140453335  -17220.90928960361   265.995238976196  -29.75517326818564 
  10331.479930684165  -18563.92997794763 266.01459377859413 -29.753463114822175 
   9476.520466179234  -17006.34131881995  266.0095337375101  -29.73836423804169 
  10417.955180150386 -17299.326299418113  266.0054483062805  -29.74613158022284 
   8150.164567358595 -17831.073104495077 266.02364164445737 -29.735121292697276 
  13179.602802313164 -15168.424916646893  265.9730854261155  -29.75053135690815 
  12568.012594723468 -15795.778977203163  265.9813163142514 -29.750503254023297 
   8588.154427114147 -15469.806772725224  266.0048560615041  -29.72337128869662 
   6971.639031182109 -14341.783653751887 266.00761287153017  -29.70653321318264 
   7030.281361400123 -13607.277119428856 266.00229707581514 -29.702477814667002 
   18842.34226183874 -12378.178611467569 265.91696232647104 -29.770002739230463 
  17149.537713945116 -11773.586986672815  265.9241245799932  -29.75517203669874 
  17663.813269761347 -12152.276112236026  265.9232645143747  -29.76086302435575 
  18048.381057878636 -10827.362158968286  265.9118277380111  -29.75519285408464 
   17816.27773219688 -10831.364354710759  265.9133930154719  -29.75370644871673 
  16629.802313937485 -11745.818399788513 265.92737227249324  -29.75162980577177 
  15852.666587663143 -12403.298534855769 265.93691384386267 -29.750651354851087 
  14202.158577265891 -11880.210566457734  265.9442418474298  -29.73686046090065 
  15940.771766720776  -9889.443148634717 265.91948271228375  -29.73585656476788 
  14348.130395330949 -10166.025988887644  265.9317989203123  -29.72738757154118 
  18381.646383209154  -8527.686464888116  265.8942613618591    -29.743298015147 
  18500.955002220264   -7616.28405608699  265.8874099120382 -29.738546506639253 
  16830.128307618867  -6810.258701133347  265.8931214894911 -29.722991349910355 
   16051.81398138696  -9556.322386706723  265.9165258538028 -29.734547876689554 
  15344.408123483701  -9505.350229123065  265.9208424641414  -29.72972631981471 
   16209.62798387854   -8773.27794418918  265.9102624056012  -29.73082338529606 
   15863.29904645287  -9518.188073676722  265.9175132172757 -29.733112212487576 
  15768.710790524678  -7120.559009649321  265.9021771058678  -29.71810714994069 
   12214.61061006591 -10070.799256579745  265.9451056467329 -29.713383412360045 
  12979.809045057737 -10651.812310293628  265.9440017418041 -29.721674178917215 
  11785.122119515816 -10822.824331294463  265.9529322503744  -29.71520780095628 
   10821.42873411981 -11387.100218129106  265.9629709276864 -29.712582497721833 
   8970.088619134816 -13041.019097222756 265.98603741336944  -29.71102891967013 
   8922.063043432834  -13001.98846382352  265.9860844514435 -29.710496628706757 
   8443.080045938048 -13172.571359448417 265.99031335770144 -29.708561333336334 
   7856.852978230602  -12923.89095577672 265.99240859801245 -29.703455701068087 
   7754.853522185851   -12454.7978949833  265.9899143398301 -29.700021723477768 
  10265.724904226805  -8924.608579777632  265.9501147175526 -29.694472574334664 
  12583.022922390493  -7496.598864866363  265.9255496971331 -29.700363953362213 
  10101.415975999056  -7596.491809664691 265.94234153589497  -29.68564312573652 
   8977.973757210844  -9445.091157125062  265.9619085621986  -29.68964196055066 
   8234.497207947134 -6786.5794147367515 265.94902214272975  -29.66955726215149 
   9565.627825775464  -7798.710415819896  265.9471516822201  -29.68355118120237 
   8950.379902770519  -7816.063310288492 265.95124051408055 -29.679900235567256 
   6645.879086392694  -7301.331406270148 265.96264005102813  -29.66297543090171 
  6300.4539016974195 -18295.245713659984  266.0385944699307  -29.72644635900242 
   5173.476147581816 -16634.735171333246 266.03452207149354 -29.709357903783822 
   751.5201611040454  -17824.64361460338 266.07034468983414  -29.68976062348676 
   4430.326301601575  -15212.05704240443 266.02964209169124  -29.69624318769171 
  3766.1261040966683 -15875.743103741923 266.03831012660754 -29.696200755895422 
   6455.580193650328 -13326.087353080371 266.00408125261583 -29.697276852812486 
   1054.542907432555 -16352.205336760864  266.0585439757316 -29.682744461543123 
   1091.199193475122 -15879.630766897526   266.055138305873 -29.680143550830135 
   811.4350487367639 -13942.958343660943  266.0438944484831 -29.667005662840594 
   197.8348100298202 -13178.532266443026 266.04261253790554  -29.65889376345364 
   -723.478135715597 -19871.009742437098 266.09328944711757 -29.693295085047033 
 -2753.1830317215245 -18831.467515324577   266.098776653333  -29.67500382519169 
 -2862.0877837055177 -19419.836875049663 266.10339967052744  -29.67789020947059 
 -1249.0059559170215 -17622.055262078018  266.0813909398452 -29.676641929161214 
 -2915.4193228141194 -17173.440542361826  266.0886405343901 -29.664175795303017 
 -1881.4937244209282 -16921.699006526324  266.0805911253304  -29.66874218599012 
 -4047.4002216404115  -18783.12058492807  266.1063619512129  -29.66713495005847 
  -5300.144241423512   -18376.5492246443  266.1112512812786  -29.65744399815998 
  -5196.292044886534  -18541.64093317271  266.1117273897942  -29.65902356610138 
  -5366.759330955033 -18539.306289371278  266.1127451308361   -29.6580236826118 
  -5338.682211353167 -19830.861237042995  266.1212326999619   -29.6658728374873 
  -5633.078941227032  -19166.39692600585 266.11855833231186  -29.66020740162001 
  -5434.366660354789 -19796.742736313274      266.121582566 -29.665113856329153 
  -4189.358648455274  -17047.40841602885  266.0955935507785 -29.656014242583254 
  -5255.427631032618 -16863.568448952326 266.10085617605665  -29.64877269485309 
  -6720.058110936555 -17416.261569355695  266.1134153788871 -29.643619780085977 
 -208.68178508772806 -15448.892895877321  266.0603498963224  -29.66986759478677 
  -1767.452086891972 -15726.537126043264 266.07187313106624 -29.662335457730602 
 -2029.8006676662599 -15604.159110732664 266.07267325616203  -29.66007772126558 
  -1498.147224201256  -14603.32219403011  266.0626869191067  -29.65729963738253 
  -3173.456179932843 -14545.217718584829 266.07263583453243 -29.647208685262108 
  -6521.295272974421 -16397.742088112627 266.10541700177066 -29.638789450468916 
  -6701.911619243418 -13829.929171333122  266.0894080437468 -29.622866461801863 
   5260.129622848173 -13156.111411270023 266.01055923167024 -29.688991041203536 
  3799.6171148916565 -13033.353095428945 266.01900175304485 -29.679451194588673 
   6327.987442175694 -10389.931380710887 265.98523285472675 -29.679090027622763 
  6505.7610852696735 -10911.451127218497 265.98758049627264 -29.683238940534924 
   4213.757182593943 -11137.618309430174  266.0036926411187 -29.670764196342223 
   4612.271679322285  -9809.189815514337   265.992297588505 -29.665376727233486 
  3694.6813607147064 -10424.018377671044  266.0022206042351  -29.66349002479999 
  103.08343687794928  -11484.75924911866 266.03189579922173  -29.64846148909493 
  2649.6109329854803 -11347.193762993064 266.01498847852366  -29.66266799665388 
  -320.0380379512816 -11216.818537171923 266.03275223552055  -29.64443654519569 
  178.10763927720419  -9809.552266368853  266.0202742680967  -29.63921670237741 
   5008.727593948634  -9610.951172471447  265.9884540594941  -29.66659128136607 
   5529.890429645107   -8906.02897353791 265.98043822518446 -29.665603825516254 
   5130.782381258229  -7280.757440388117  265.9721874514602  -29.65380549905229 
   5265.163419979764    -6716.0882561003 265.96758846424774  -29.65135304720944 
  3560.1318728758392  -6542.046667729655 265.97728468880297 -29.640273563451856 
  3858.8730659907237  -6859.681878696254  265.9774907842962  -29.64385134663625 
  2340.3897003812904  -8087.934104834369 265.99524733786455 -29.641962728181934 
  2067.4189970967477  -8500.993522547515  265.9997110955996 -29.642734158739447 
   875.6124934822092  -8085.495696222715  266.0044559302898 -29.633388422280174 
   1907.307935159614  -7483.703934552328  265.9939745267798  -29.63596499000302 
  2269.1704014302245   -6545.96349032213 265.98548382221526 -29.632728828804044 
     3017.8093392075  -7740.435431970498  265.9886597682094 -29.643948571880564 
   752.1304721773683  -7333.565081311643  266.0002508939939 -29.628381439916634 
  -27.53384803295424  -7245.057862507548 266.00455574703744 -29.623364633406545 
 -1745.0702894421781 -12500.358429714586 266.05016957178196 -29.643584452446028 
 -1934.9388508918562 -11223.432270226262  266.0428412438212 -29.635100665094505 
 -1880.9462230974584 -11198.299288789165 266.04233920869007  -29.63526781113309 
 -3349.8003385165975  -11006.45650030661 266.05014722479535  -29.62571632736769 
  -2555.424145297748   -9849.24846459824  266.0375555242445 -29.623646228876307 
  -5524.743937238682 -11709.348056286462  266.0681603328155 -29.617356800874134 
 -7446.8806197121085 -11982.419284911373  266.0816556160549 -29.608092144000032 
  -5996.369613234992  -9625.071300655343  266.0572305177394 -29.602852675572752 
  -7484.145841762972  -9669.962344870606 266.06658188557276  -29.59479406922127 
  -5995.256459229632 -10514.194376143345 266.06310803667435 -29.607893259114636 
  -6535.427207052967  -9974.217794181823  266.0628267015669  -29.60180363297338 
  -590.8988932063596  -8301.079843119003  266.0150710267531 -29.626117640340055 
 -3400.7587558910914  -9012.930459321908   266.037239750821  -29.61405689485072 
 -3248.9662574177155  -7875.626463580515  266.0287782023073 -29.608484932264037 
 -1880.5155016843862  -6820.800430970083 266.01332075785285  -29.61032698101251 
  -1484.521382518563  -6214.328435556746  266.0068523318693 -29.609173857071802 
 -2437.5417092932994  -6245.566386806357  266.0129889278024 -29.603922346635983 
  -5569.501887593359  -9164.465204494698  266.0515754417168 -29.602649298717854 
  -6044.730637236848  -8707.719055164362  266.0514634666103   -29.5974118741115 
  -6720.522360759752  -8464.266011177242 266.05398014324726 -29.592272978615487 
  -7283.157882300456  -8781.023015994413 266.05949365187246  -29.59091915818518 
  -7873.715990977913  -8038.015719281123 266.05818155041374 -29.583496054771093 
  -4341.801488545745  -6446.705126833104  266.0260986814613 -29.594291956947615 
  19180.514620081234   -5825.17447090015  265.8710340824952   -29.7321464781486 
  18635.060652535576  -5832.003032898782  265.8747009144784 -29.728678999669288 
  19713.084854818728  -3136.689647645013 265.84980692285905 -29.719558615040803 
  15417.085822907437  -4812.059891884522  265.8892194668533 -29.702220748141443 
   14365.89512071932 -5748.1016366255635 265.90230129699256  -29.70115312276592 
  13338.517367463239  -4735.761111017216  265.9023408132997  -29.68883123722058 
  18691.212634674728 -2575.1024971603365  265.8529121415556  -29.70973037138089 
  16582.897795185483 -1471.9387505103007 265.85963219758185 -29.690017368085353 
  19398.334539728607   -438.127100098718  265.8342911672396 -29.701728366457864 
  17965.574833160383  374.90591336065916 265.83849695958565 -29.687996653489652 
  15063.056989194078 -2058.2509668654416 265.87345628699006  -29.68395417984163 
   16500.27938431294  -554.3516376304248 265.85419577112464  -29.68420035706589 
  15208.786106293459  -752.1288413822583  265.8639721626314  -29.67732753456442 
  14297.321090812564  -668.5856583753276  265.8694017314336 -29.671230967180513 
  10089.371543281324   -6313.81158698026 265.93391120531726 -29.678071742515876 
   12951.80487969507  -2958.570790191034 265.89317403412485 -29.676131510207632 
   9827.323021375183  -3732.741728035085  265.9185694730814  -29.66155492299208 
   7486.007972532908  -3645.310606123544   265.933095512809 -29.646997688202404 
  7828.8498519000295 -3506.5024396011054   265.929977828427  -29.64825302074655 
  12121.334960719812   523.8460259623624 265.87584591375906 -29.651183596727513 
  10533.214888825887  -856.9493374119494 265.89515211757794 -29.649413041560113 
    9683.73528676947  -2650.886361679381  265.9123912103788 -29.654497683448522 
   7815.111959290157 -1021.3926131775615  265.9137811324261 -29.634103388131532 
  7015.1082330334075  -978.4017065988774  265.9186421933859 -29.629128631483976 
   7409.572407969279   72.50791322495765  265.9092560129392 -29.625575640396796 
  19158.969206840477  2061.0060856526534  265.8197096125735 -29.685797418866706 
  19204.657199818863   2096.879355031195  265.8191761730777 -29.685878898322564 
  17073.252824346055   1681.178614992484  265.8359287265707  -29.67494921464858 
  15001.541977533727  1097.3122841893428 265.85331564221775  -29.66548523501318 
  14865.724034305817  1798.9983312179731  265.8496652609036  -29.66067478254974 
  12994.316039067216  1867.6415484623194   265.861449775498 -29.648893828804713 
   14639.43343316055  2884.7022395664785 265.84414207717225 -29.653172313642912 
  14755.844588923708   2860.468069039353 265.84353641129735 -29.654018281049918 
  14205.425968846403   2734.937039282786  265.8479450277938 -29.651370907952717 
  13282.948586213228   3202.115103201511 265.85095807355736  -29.64316258630284 
  19006.423569087397  5125.2039188267345  265.8010871630854 -29.667459884064296 
  18164.699362855867   4237.504177802073  265.8123063212116  -29.66723021862363 
   18869.19066481391   5301.610903671765 265.80086942506955 -29.665616553030826 
   17798.82904055973   4210.482225439647 265.81489016050256 -29.665116410376463 
  16836.946880288022   4485.654635594969  265.8194581173329 -29.657639428306364 
  18067.600161935203   7544.351002378243  265.7919279038264  -29.64818108754398 
  16452.768373750063   7208.094668695057 265.80465446556195 -29.640165069684908 
   17032.73193220173  7635.4864213446735  265.7981487898211  -29.64134592763674 
  14927.847175459692   4736.036921721248 265.83037228039825 -29.644577553406467 
  13315.111012905336   4899.978059116261  265.8398515353314 -29.633920719177492 
  14129.369917615006   6417.442148533191  265.8248623414292  -29.63045417914686 
  10668.750069705826   746.9777938746106   265.883831450359  -29.64117977611369 
   10226.95086967711   815.7553702278424  265.8862472478946  -29.63814864976278 
  12501.644634757698  3287.8868199497138 265.85549525652056 -29.637974430351836 
   9953.138982523553  2840.9067803725497 265.87490989167725  -29.62522962335452 
   7872.289252472068   897.3623475843182  265.9009166896828 -29.623707282543236 
    7352.94654368303   4191.908432799889 265.88296627833324 -29.602506316077967 
   6464.751560764728   3809.686219445628 265.89112266321814 -29.599423439613602 
  12437.090891958242    4447.46046766651 265.84846546484243 -29.631151939284635 
  10623.463056530092   6081.493246771708 265.84977935817443  -29.61139308531903 
   9970.094906652635   6966.210888800602  265.8483668554633 -29.602743181147193 
    9555.04652355178   7230.460152281877  265.8493655053747 -29.598883176854127 
   9323.060350099651   7621.046630974302 265.84838051127554  -29.59542342328584 
  10275.690889642361   6222.278269927209 265.85113063188226 -29.608575368409028 
   7768.667331597676   6914.562546715527 265.86287500577777 -29.590177781618845 
   9104.592081359984  7297.3113264068315  265.8518448414351 -29.595890360775666 
  7970.4708987667545   7854.540792599836 265.85560317714345 -29.586306595531934 
   6372.417602645232  7101.6537789446475  265.8706369607628  -29.58111114942502 
   5356.601450972239  -5186.787127139481  265.9568942209927 -29.643134515526704 
   5407.802914758343  -4386.311659472481  265.9512893803265  -29.63887852118711 
  3971.0517350994382  -4190.346120874439  265.9591550569656 -29.629316367198506 
  2470.2854555731633 -6098.9417502841125  265.9812579838787 -29.631359868385747 
  1720.2793689571968  -5738.135703721353   265.983611900211 -29.624944907154674 
   463.8013932365352  -5413.613006617981  265.9893802362174 -29.615843544641287 
   323.2150664738747  -5052.191602142974   265.987881805502 -29.613001236256704 
 -145.28654312772088 -3761.4737176109393 265.98233419530186 -29.603092482601696 
   6208.966596014198 -2397.8756381258427 265.93309860760513 -29.632352747563285 
   3659.359800076625 -1711.6732559590002  265.9448723247865 -29.613582884724725 
   4668.816790876629  -500.9349549603809  265.9305385060727  -29.61271221054427 
  5468.6890904720785  -751.7038450588536 265.92706814592697 -29.618774192859107 
  3833.2795509866673 -264.14339759324673  265.9343159608153 -29.606550376369928 
  -3581.214235909131 -5527.4272903041965  266.0153499664974  -29.59344259660291 
  -4144.085633314473 -3348.8317142433516 266.00453338911336 -29.578234695611055 
 -3622.2304879726917   -4195.35496487141 266.00685264275404 -29.585819556872476 
  -3976.307617145759  -2789.780755521365 265.99983740883073   -29.5761004598053 
  -4514.060419625821  -3853.871974733652  266.0101267486693  -29.57895134994658 
  -6064.862423043918  -3066.230539950546  266.0145168114562 -29.566044945321842 
 -2884.0682677536747  -682.7444825366128 265.97930940937266 -29.570680843010347 
 -3082.7402906141324  -1112.433341928304 265.98334404668617 -29.571912351039842 
  -2957.024801187788   221.2655319201901  265.9738828798658 -29.565370641779385 
 -1508.6596178060615  107.89564681410941   265.965586982709 -29.574071407740583 
 -4755.5564216572575   679.2298361434983  265.9820630288013 -29.552967207506775 
  -8167.574682179726 -1742.1089459207487  266.0187363411257 -29.547387080739973 
  -5076.250165655608   7.493092015920428 265.98840362234455 -29.554817697139583 
  -8567.580034305394  1351.7500452453066  266.0011055493088  -29.52872393762519 
   5779.467711097991   1063.526986827392 265.91326517687105 -29.610512256552248 
     5771.1157585869  1296.9234649645296 265.91180382928746  -29.60917463458946 
   3466.642265980976  2337.9738374011818 265.91975254235916  -29.59014644574951 
   5063.591684354369  3065.3382846517347 265.90488176288665 -29.595369500906205 
   3354.264565250756   4122.790743991715 265.90895263687463  -29.57982710098013 
  2944.5678107850413   3184.386762159138  265.9175995288162 -29.582562458558893 
  2679.4604534886907   3478.452843017808   265.917384427388 -29.579461585268486 
   558.0314448912422  3624.1244491252705 265.92985226468784  -29.56668157353755 
  2376.9502036826448   4813.342154023632 265.91071383791643 -29.570564115725567 
   2400.913875615178   6164.133503798308  265.9019087564003  -29.56349262795313 
   3180.846887040156  5019.7030395966485  265.9042917445412 -29.574016473899878 
  3946.8231555262805  7879.8550396033215  265.8811629813951  -29.56313406384425 
  3782.1360372491445   7840.475141868962 265.88246022922544 -29.562410269263285 
   4527.513349589852   6665.335597219156  265.8851990501938  -29.57287916245526 
   4927.708044480512   7859.970133820694 265.87504364661544  -29.56880742402222 
   3412.233269595882   7954.787419725709 265.88408396555053 -29.559717302118116 
  3039.4901697824357    6550.95255690975 265.89538965968495 -29.565042392137048 
   2772.091033678036   7100.053906889879   265.893583574352 -29.560622265216796 
  2334.6422079256095   7454.726393928286 265.89409640516067 -29.556288361811507 
 -1325.6979008337514   7474.556366254478  265.9170229813863 -29.535848721243866 
 -1050.2105111009846   8122.933720174345  265.9111735424851 -29.533987931381024 
  -1444.680098607436  2024.0447442202017  265.9527576919605 -29.564064553728343 
 -4496.8018169198085   4244.094248627489  265.9574459540472 -29.535429485777644 
  -4979.555035103637  4294.5923920575915 265.96010973962063 -29.532541020274092 
  -4600.539014376918   4578.181076338198  265.9559428100185 -29.533108899271188 
   -3463.17692607211   4481.124008101715 265.94950785903006 -29.539821452425493 
  -5089.348086803904    2551.17942070382  265.9720145826596 -29.541150114841173 
  -5787.757997839777  1353.5310580582634 265.98406359900383 -29.543716349394415 
  -5660.531111178103  2064.7068210017837 265.97868097828444  -29.54062385570963 
  -6933.562523315305   3162.727950330613 265.97942933850504   -29.5279377790349 
  -8782.595846200506  3132.9459649252135  265.9909294023101 -29.518212033425396 
  -5217.515487019887  3187.7849497393104  265.9687012470506  -29.53708147913738 
   -5268.00849231057    4802.00230553502 265.95863579437923    -29.528317906788 
 -7181.7692676470615  5115.9381371045365   265.968408797744 -29.516401516606702 
 -7682.8426999304875   5128.148990343244  265.9714026938674   -29.5136688036596 
  -4453.988181802335   6487.711480767991  265.9428099008802  -29.52392988892966 
  -5032.565890936448   8248.525568515415  265.9351833938522  -29.51172775688766 
  -6537.516605656682   5434.120468170649  265.9624129568082 -29.518192325078775 
  -8855.344690645385   6145.358640079626 265.97206676560455 -29.502218624367025 
  -9091.092667181132   6001.834053743142 265.97442041539415 -29.501715872987706 
  -8014.892864011608    6875.42237692109 265.96227520548354 -29.502903430062144 
  20056.720419183886  14659.349150589323  265.7346422091645  -29.62180486060093 
    19384.9345930996  14006.688597975097  265.7430432334585 -29.621182771398253 
   19184.36336569282   14553.62585002269 265.74100720679036  -29.61706020524966 
  19954.405306156652  16063.481258634185 265.72676244755326 -29.613764830093242 
   19836.90507582165  18332.089792148556  265.7138382034532 -29.601224465128915 
  19660.435897892326  17571.782376792817  265.7195638505204   -29.6041014196044 
   19429.80518959286    18030.2329113022  265.7183104680277  -29.60033293396973 
  19417.877863963695  19163.268386576925 265.71159358446624 -29.594419429018835 
  19808.651897160842  19374.016409104202 265.70778546034563  -29.59568576261757 
  18352.443985966678   8828.680109574154   265.781966652963 -29.642859476232797 
  18591.582976334255   8836.960812616851 265.78034244209834  -29.64428056509457 
    18541.5516702429   8236.305924531154  265.7844478837567 -29.647275699851345 
  18643.799930422087  10042.460191574432  265.7724489608972 -29.638008863164163 
  18597.276644985286  11205.250826129373  265.7655084168158 -29.631413764000094 
  18727.275493964815  11277.883193935946  265.7642037822729 -29.631814040014707 
  16138.306927815842   9958.894035031188  265.7893898564153 -29.623244421123285 
  15471.766499565783   7948.851214554899 265.80638986181305 -29.630153374176082 
  15796.007697619993   9104.205452053506  265.7969897784074  -29.62581381527293 
  15546.768253040027   8782.158916709344  265.8006443888528 -29.626061744027318 
  12545.476030079544   9055.658657885167  265.8184632599492 -29.606651082472634 
  13103.893752809896   9606.408931681182  265.8113716373951  -29.60699863329064 
   15295.19099033419  11503.033086992622  265.7852496052935 -29.609880903413167 
  13167.425299217462  11475.620466788878  265.7992548410562  -29.59738889981455 
  12804.971823918711   9785.757905331151 265.81218527228776  -29.60426488366361 
  12872.657472403975     9910.0471477291  265.8109653521215 -29.603999198586095 
  12624.582562141435  10397.040251094102 265.80951963594265  -29.59992792740275 
  13129.127768565579  11102.027929145552  265.8018353628559  -29.59914916846725 
  17043.757906994324  11794.713884436273  265.7720227155341 -29.618817818394863 
  16922.475092454297  11750.373345190792 265.77309095692476  -29.61832414220864 
    18503.6886176412   14701.00959559252 265.74456045173116  -29.61216059844274 
  18050.750285540984  14289.201297870133 265.75004472101256 -29.611604612913894 
  18760.793194618764  14587.157190803367  265.7435751547165 -29.614316595986264 
   17957.99651434025  14960.671145321043  265.7465386892968  -29.60750226237642 
  17290.398220690495  14494.060659324223  265.7537544150599 -29.605950245158816 
  15022.161374246136  15019.023480391605  265.7653008579176 -29.589690541747473 
   14552.55160551403  14909.682036156928 265.76901968490654  -29.58748818050973 
   12534.94858377728  13633.230616680974 265.78995334199067  -29.58230311560656 
  13469.762302698431  14872.853374433651  265.7762637327978 -29.581314259803406 
   7388.312269994664  10143.689812873541  265.8448725695008 -29.570803090094703 
   8299.241565020651  10584.847401542995 265.83625518586626 -29.573715496938604 
    8333.94608354335  11539.151076905377  265.8300515220852 -29.568906131325885 
   10846.10137157478  13470.258017767455 265.80186807085255  -29.57332041535547 
  12285.168286284412  12337.554895246187  265.7996033328762  -29.58763994926659 
  10410.966590208474  13221.830907677995  265.8062122468706 -29.572094443343733 
  10980.911713520767  15454.343476531456  265.7887625585603 -29.563835781334042 
    9816.13970111794  15362.742081953314 265.79681689688067 -29.557607357868072 
  10075.979162707607  15328.599211471577  265.7953570606819  -29.55927314922377 
   6313.015580404468  12606.800219716042  265.8363227943681 -29.551829680245447 
  17774.654610445912   15698.44801360587  265.7432316931617 -29.602527447426798 
  16672.204867118697  16348.118244192872  265.7464589704153 -29.592554580261396 
  15957.828734058701   17241.62600921201  265.7456766482514 -29.583696229214503 
  14639.087902228606  15444.518819413326 265.76518048538975 -29.585214305415235 
  12408.323032372982  16117.820783057545  265.7754951541024  -29.56868772130001 
  12228.552239473207  16240.346915720771 265.77590619939764 -29.567015491395686 
  12255.663137170344  16209.609177731378  265.7759191571993 -29.567330453446544 
  13265.456176494052    17043.3669901409 265.76431613141636 -29.568924106350398 
  12165.627821274793  17209.206228697098  265.7704039752968 -29.561696997954467 
  18656.911320466883  19977.914370575334  265.7116868013655 -29.585699945142167 
  16442.294393671986  19236.346424895044 265.73050571912853  -29.57634301654095 
  12102.711946628675  20300.950264326297 265.75213707548033  -29.54575481767281 
   13098.98965654294   19959.69720061935  265.7477735348937 -29.553189737608868 
  11963.777186303822   20169.79085922635 265.75381634016657  -29.54561226573409 
  11753.740731482907  15988.161318331235  265.7805106741796   -29.5655593462873 
  10570.128727498544  16474.320082062753 265.78515638693733 -29.556251115855996 
  11289.491625923889  17233.721652551576  265.7758967930722 -29.556519800963983 
  10788.043465595329  19287.952895096274 265.76667026253193  -29.54329330129932 
  10978.197053197448  18442.796791526518  265.7705569532871  -29.54861921757035 
  10917.393512459748  18909.165647928774  265.7681266323607 -29.545928441385904 
    8886.52543610773    17918.2121590938  265.7871515630365  -29.53934840395648 
   9256.351969506177  17796.229578202016 265.78552566247714  -29.54205809634729 
   5018.423244367701  16019.578147937082 265.82343453866156 -29.527168994673854 
   5568.186431765026  16717.901385689376      265.815651933 -29.526726371344694 
   4840.393226002788  18810.305515895743 265.80750568800704 -29.512296611566416 
  11394.573556727779  19867.527943159446 265.75928744802826 -29.543862258165365 
   8812.278420067065  19576.202445894043    265.77758310227  -29.53065711891674 
   8169.893419965968  19665.387549104464   265.781147175298  -29.52660316770877 
   4102.056181353963   9702.368289242506 265.86863462144765 -29.554432158142415 
   2876.849665154097   9691.421722570109  265.8764817027841 -29.547607277042758 
   3398.164330844051   8520.539450272581  265.8805829338065 -29.556659899849592 
    2246.34603694412   9781.983572046538 265.87990264089603 -29.543613988325024 
   463.8211015088607   9860.068949121704 265.89065998758826 -29.533324034546972 
   739.7229504288549   9752.005116688588  265.8896046956257 -29.535405890362274 
 -1370.1567257771333   8666.152828032942  265.9097305178364 -29.529416560304718 
  -585.6548834260069   9020.873686748915  265.9025639819413 -29.531884175446695 
  -160.6284256202622   9111.334468390534 265.89932160029105  -29.53375411386407 
 -1446.1541524338609   9727.209350691131   265.903490338044 -29.523530731916868 
   805.4987217129283  11604.511502061518 265.87752985078953 -29.526243173311265 
   3396.395472966332  12180.013148920472  265.8575489147847 -29.537640866969877 
   4110.244071461955  12493.224911145113 265.85106096548776 -29.540018723027323 
   4572.212726296571  12484.507509208435  265.8481792386869  -29.54265063757709 
   4815.567862738567  13205.304214243353 265.84213812755144  -29.54031610512125 
   4384.623800791542  14851.805170957372  265.8346620280691  -29.52952985088641 
   4061.256731963635  15268.183800249217  265.8341415770837 -29.525631563082754 
    4431.43361941031  15564.448514792944 265.82996501586445  -29.52619443580853 
  2852.0627695202274  15485.052958949222 265.84046125149297 -29.517860292322883 
  1031.3880081102222   12766.50342845571  265.8688339452121 -29.521565270745846 
 -249.98219063523666  12440.089170487501 265.87893421592725 -29.516211933728965 
  1012.4483505248479  12602.388476431537  265.8699784658119 -29.522294766487047 
   649.4343017591676  13078.424062554688 265.86929249831746 -29.517891780644007 
  -522.5174243532166  13982.841686684533  265.8710230991248  -29.50695875184676 
  -2293.311592492709  14007.995639972301  265.8819453569839 -29.497292823680404 
  -4367.821712864996  10458.362457014995 265.91708465408004  -29.50402157031647 
  -3909.813030830648  11549.729001760776  265.9073755940785 -29.500956096452096 
  -3493.919407911008  11755.675441245941 265.90349767627237 -29.502143195766624 
  -8473.463828335958  10373.745366053692  265.9429111737402 -29.482787038687086 
  -8317.507004270672   9343.050795325016   265.948463801421 -29.488774890581894 
  -9436.529850114499  11800.153179429284  265.9398240141136 -29.470712498522765 
  -8643.430013722951  12509.405470297097 265.93053839521497  -29.47130324066063 
  -3235.329782997062  14483.286638687186 265.88486139132533 -29.489905020453534 
   -6997.57030180367  13508.118841831623  265.9142067425577 -29.474919359801046 
  -7058.464613667219  14467.347968011543  265.9086099948651 -29.469899960488764 
 -8046.1295501796685   14176.28979603177  265.9164819237417 -29.466212461455743 
  -8710.520302328487  13786.461491049957  265.9229752343802  -29.46469414781264 
  -9604.625130983915   13515.45981366204  265.9301217619305  -29.46143238317663 
  -7118.407088479412  16126.725648492413 265.89869907783077  -29.46153149536647 
  4024.2817501893455   16543.98833046505  265.8265211477586 -29.519028378878485 
  2235.5020111314784   16524.21528051486 265.83795590413797  -29.50929463850236 
  1503.6052703379244  16331.710466407978  265.8437547909973 -29.506255978651364 
  3073.5548297216947  19189.764702880417  265.8163809297163 -29.500745639340508 
   2992.765867043316   18655.55002283183  265.8201385061596 -29.502918050342902 
  1922.5627786903653  18554.645073228447  265.8275028745614 -29.497588318247498 
 -396.08918962601905  17801.336713106208 265.84667011984965 -29.488763172474393 
 -1908.3318136871117   17647.69484501541  265.8570666765373 -29.481442092444095 
   98.65452836477054   18517.88232300625  265.8391905627028 -29.487927900126934 
  -1919.895846933565  18894.949252921164 265.84951483272107 -29.475349680888904 
  2259.8056602365687  20327.946132062552  265.8146180938922 -29.490800686274795 
 -2811.9342683958384   16591.37474936238  265.8691887144444 -29.481792270780584 
  -3689.377888686123  16570.214525279964 265.87477571088266  -29.47725938434483 
 -3336.1922213690546  17726.809537254965 265.86547392193916 -29.473509962943666 
  -4506.598941642175  18104.710157345242 265.87042007232816 -29.465558541058737 
 -4811.4530344803325    17757.0571729341 265.87443760771765 -29.465638981860025 
  -6149.040732918145  17767.029636008767  265.8826370407393 -29.458652015269976 
 -3364.2011369082466  20241.430947355537  265.8503149330714  -29.46132736286623 
 -4220.3236729015125   20007.90251834819  265.8570411900459 -29.457975770126204 
  -5519.790452845312   19113.09841251049 265.87052230370153 -29.455487294765607 
  -5688.249317832483  19003.595093447162 265.87222993420346  -29.45513746115143 
  -4803.732508716069   18973.42017385779 265.86694959761394 -29.459858993870682 
  -5878.053104739143  18923.930582543082  265.8738868737169  -29.45453672385968 
  -6679.112368910355  16727.289723115184 265.89229321220245 -29.460903979146828 
  -8820.720541802733  17709.797902556074  265.8993844148175  -29.44525016792846 
  -6845.125111412657  20141.598053059668 265.87242482196854  -29.44383366313276 
 -10118.412636237714   19591.20578436255  265.8957885614431 -29.429880620942317 
  -7875.769654217152  -19775.77000513599  266.1361203356949    -29.650936302904 
  -7376.200082328896 -19527.187906863743  266.1314680264138 -29.652319506001184 
  -8358.320451634669  -19027.65747258194  266.1340048910917 -29.643765486755793 
   -7441.00818495867 -18451.799805229883 266.12466890540077 -29.645594006545565 
 -10884.554717456273  -19735.82611400539  266.1537028339485 -29.633683914846642 
  -8930.606241266465  -16988.47581966249  266.1238285931217  -29.62858493072368 
  -8865.120776432284 -16705.744346210275 266.12155579997955 -29.627308616922033 
 -10401.323785234597 -17733.757814470813  266.1375308821984  -29.62467804543738 
 -11099.649081279162 -17925.799806479597 266.14293362784935 -29.621902825052878 
 -11124.622851150021 -16511.624148964744 266.13369332616554 -29.613571580859762 
  -12573.84469456201 -16773.739967270485 266.14396164711695 -29.607090101772307 
 -12406.209107478975 -16536.568670407578  266.1414075711638 -29.606645945479254 
  -14424.69076313434 -17075.929398212815  266.1567568824775 -29.598724196463323 
  -8560.812062580617 -16050.373626751609  266.1153749309119 -29.625215329870567 
   -9052.11598886659 -16241.733289847272 266.11958634936656 -29.623564717733597 
  -8385.902833546837 -16314.390035178767 266.11608382693424 -29.627732362743274 
  -7645.645852016462  -16159.28639961872  266.1106069904495  -29.63101137630099 
  -8781.863437888618 -16203.300456942612  266.1177152878011 -29.624859327584918 
  -8927.605425114753 -16041.988543940535  266.1175140908835 -29.623106002492385 
  -9730.343027703608 -14112.602505117022  266.1095023399716 -29.607518888442122 
  -9565.401082682862 -12958.256121904056 266.10086996421757  -29.60184757526992 
 -11172.959629931847 -16150.394761360049 266.13158335191207 -29.611221366533364 
 -11696.207663080799 -16218.793473076723  266.1351256557915  -29.60872526111989 
 -11663.569092618278  -15275.98651817682  266.1286885875588 -29.603493850972555 
 -14717.441844871297  -15185.10754492641  266.1459789001038 -29.586352385944746 
 -11451.163480453877 -13091.789292553733  266.1129870507138 -29.592221053139543 
  -12064.89336132367 -13198.926360511377  266.1173276546628  -29.58947439399987 
 -17077.182092099665 -18640.899531727326  266.1823411910173 -29.593415657165924 
 -15792.640300833024 -17998.832511602857  266.1707523752719 -29.596624779450696 
 -18199.806541890586 -17235.837947449938 266.17948645351544 -29.579417086975745 
    -17197.794006818  -17058.05045031706 266.17260900576633  -29.58371975090999 
 -19097.606039487924 -19419.766429732448  266.1989105856921 -29.587144543984106 
 -20116.054110706915 -19618.191623132792  266.2059255496541  -29.58291935252477 
 -19457.325732908357 -16653.454282427738  266.1827854914739 -29.569506621231035 
  -19034.41792633926  -16559.42540605671 266.17977882401897 -29.571189712015805 
 -19194.156683796176  -17957.33756659982 266.18985160943873 -29.578278572175574 
 -20361.811533241118 -17574.739844247964  266.1939081976598 -29.569996759488138 
 -17664.580087966857 -15340.447895324736 266.16398904939086 -29.571516885973196 
 -15310.176493279567 -12782.123300279805 266.13360885370207 -29.569635772254642 
 -20187.451517627964 -15469.107031759218  266.1791485608653 -29.559045073318536 
  -19055.40818069485   -14237.7535025466 266.16468764646635 -29.558041423503212 
  -7714.297335842111 -11568.452290099001 266.08053113323405  -29.60424293494019 
  -7853.750692116982  -11282.83375249974 266.07948361572113 -29.601844663785755 
  -9324.849349817947  -11389.88508691911  266.0890543130312 -29.594287657326753 
 -10885.966272614914  -12055.05929449174 266.10278195774805 -29.589455124988433 
  -9756.252922454698 -11787.649123491843  266.0942697154966  -29.59415414962523 
  -8982.940133103128  -9531.177582242903 266.07472786791755 -29.585721024823187 
 -12904.866122329673 -10216.291905487496  266.1026450047199 -29.568200612901165 
 -14436.939659885722 -10065.297855812834 266.11067276791226  -29.55917129753861 
 -14624.595583298686 -10369.297949834849 266.11376644034084 -29.559855527235968 
 -11337.346212930222  -9017.564203287406 266.08546093366095 -29.570002109707932 
  -8503.880605598477   -6025.70843770689  266.0487750070518 -29.568886001319143 
  -9890.380016619954  -6268.003090145271  266.0587400173431 -29.562667860752207 
 -11422.366689504503  -7048.481286835473  266.0730447381282 -29.558676984821417 
 -12787.710232186564  -8072.881187801102  266.0878843519908 -29.556980649087116 
 -13457.475919612192  -8686.602845164709 266.09586944039177 -29.556780402414127 
 -12499.078986682829   -8037.79076087779  266.0859419867911 -29.558332526185822 
 -14489.442727428466  -9050.670686341111  266.1043307859087  -29.55329726838351 
 -14014.301831861907  -8538.101335075398  266.0981799098389  -29.55300092215786 
  -14522.87207839971  -8529.314853628899  266.1011135350924 -29.550257107148237 
 -14337.328216420967   -6774.57791904368 266.08854936511574  -29.54165623595851 
 -16153.621012339749 -12687.236178854413  266.1378795799204  -29.56462632027144 
 -16856.743206983636 -11459.383901996749  266.1338968860821  -29.55409733986037 
  -16239.68864860859 -10832.828475155364  266.1262203772851 -29.553876398150084 
  -20039.54425296482  -11740.96184865686  266.1539636921941  -29.53912896122897 
  -19809.25348131942 -10329.686900620833  266.1434561634499 -29.532584118157253 
  -16730.92334070348  -8912.529171260348 266.11651219718135 -29.540755600753425 
 -16076.938327478272  -7696.847500934018 266.10477018316584 -29.537544381815074 
 -18692.310513820088  -7794.143183294789  266.1205557145496  -29.52454512438321 
 -18984.439290254777  -7493.156708190957  266.1202778068201  -29.52142812207788 
 -16200.393916301631   -5520.56718644775  266.0913108790547 -29.525143944180567 
 -17162.757716950717  -7030.155222260395 266.10674335359795 -29.528291980427838 
  -16804.95214962604  -6972.039362492819 266.10428543810593  -29.52982989829655 
  -17725.40113685737 -5486.3170333131075 266.09996932872247 -29.517102217250216 
  -8509.954025243169  -4247.518466338637 266.03716465640895 -29.559108774579848 
  -8459.021928031438  -5596.528265857837  266.0456884962461  -29.56677079706194 
  -8445.155899268142  -4386.484904624386   266.037680219163 -29.560219669787365 
  -10145.35632548505 -2932.5294773064206 266.03847844809485 -29.543146899582098 
 -11169.315620160083 -3640.8595655005083 266.04925642575756   -29.5414891417292 
 -13660.757928352943 -4373.1894898227365  266.0688903666423  -29.53223547439083 
 -12167.999388329972 -3241.5978689604817 266.05263794343415 -29.534032772575113 
 -12400.975752628978  -2688.490089487809  266.0504328871896 -29.529838550275127 
  -13480.57122186713 -1787.6861870206606  266.0510216320408   -29.5193739142106 
 -13078.617885629461    -842.46544439928 266.04250392612835 -29.516471358308547 
 -15069.379985651283  -945.6139890124149  266.0549915426025  -29.50668780707256 
  -15797.70537643375 -1817.7387485811184 266.06492548175754  -29.50752759342945 
 -15098.053903901206   834.3451098937959  266.0436768020374 -29.497239999633045 
 -16297.594438064247  -5320.306536581497 266.09057657776555 -29.523565905368937 
 -16673.121648504028  -4929.695162838693  266.0902311743837 -29.519534958333256 
  -19404.12996120857  -5255.451987947974   266.108168083056  -29.50732689316515 
 -17269.262850323703 -2792.1015496947907  266.0798510169066  -29.50512989193603 
 -19175.229194725187 -3453.3249268667037  266.0951875844306  -29.49895364812959 
  -18910.43410279723 -3125.3629953921513 266.09153831054255 -29.498563123637037 
  -19190.33628549081  -2760.154256784356  266.0907970523587 -29.495237245874442 
  -17693.68303301999  320.94115268727336 266.06224517266236 -29.486722087366243 
 -16731.957885624048  1078.8227629886608 266.05173807521277 -29.487657437010483 
 -19308.163888836927   783.8749865425941  266.0686671319767 -29.476266825036895 
 -11068.883840445787    3171.94059786174 266.00454610964323   -29.5059560346423 
  -12575.97016945222  2623.3963036067607  266.0171388718373 -29.500952163287096 
  -10776.19053456684   3722.362225405202  265.9992430475528  -29.50463351363993 
 -12256.303969977702   4462.774353382333   266.003421022132 -29.493120287698645 
  -12792.84068885049   4085.531363082252  266.0090577075906  -29.49228778953235 
   -13045.9347595572    4933.69887305684 266.00514877992265 -29.486644478485495 
 -15255.405916302387   5470.962116970137 266.01489996104175 -29.472679403727618 
 -10284.886369738295   6062.637188661718  265.9812908230023 -29.495156623206864 
  -9569.193568276667  5552.6536467180695 265.98020051893974 -29.501513310728434 
 -11985.785695313129   7085.715249653759  265.9850593653953 -29.481157980549327 
  -12994.80818396725  7524.3070242557915  265.9883428022164 -29.473790559216294 
 -12627.717209530723   8141.271691074387  265.9822242413303 -29.472566164725862 
 -16374.247901380393    6484.20264558174 266.01508159803905  -29.46198058660146 
  -16886.81074608284    6751.89847329029 266.01640875569683 -29.458096729988487 
 -14096.767247125419   8920.928298416937  265.9861006702974   -29.4612478942539 
 -15618.955202431674    9268.41172795753  265.9929805393435 -29.451926910753606 
 -16434.065613005216    8040.19283866689  266.0055719021965  -29.45394442849642 
 -17942.238848500987  2613.0154537726544 266.04899051488513  -29.47370821479622 
  -17310.52915693699  2297.9864344622706  266.0473086628042 -29.478476351075614 
  -16511.80747128914  1943.0314798887014  266.0448927239332  -29.48431731398627 
   -19527.4341904544   2532.523772043985  266.0587396191608 -29.466259388347712 
 -17945.759811321182   4692.506303800119  266.0357301354349 -29.463159826272477 
  -19306.27060977433   5751.784266002657  266.0369421624468   -29.4511688152999 
  -17733.75301837822   6020.347974685355  266.0260381086125 -29.457553637562814 
 -18412.756566213455   7006.184155461339  266.0237665843164 -29.449314087795972 
  -18478.39319355432   7334.769564989192  266.0220705841059  -29.44736869535668 
  -19617.08449486412   6194.447120455634  266.0359434220827  -29.44745593487812 
 -17469.887578943068   7824.289108416482 266.01305080771596 -29.449897701783694 
 -19415.715443954552   8579.674363804344 266.01968790453344 -29.436701021802435 
 -10245.151570437354  10691.423343395316  265.9517119137674   -29.4720424139773 
  -11915.52973136853  10219.944043601265  265.9647981724498  -29.46584143407399 
 -12195.948675336496  10426.925460647199 265.96518662943157 -29.463393990925844 
  -12781.68828222753  12603.987058317978  265.9550588947224 -29.449779012611653 
 -14406.036864297932  10493.335688079944  265.9780373971837 -29.451949192134776 
 -16326.775441562815  11073.289635685443  265.9858291005537 -29.439616462578492 
 -16952.330369966396  11143.844045387079  265.9890908240403 -29.436211972290142 
 -17299.924121789765  10209.735246428403  265.9970076582845  -29.43904300992162 
 -17521.883728035067  11945.658385585935 265.98743536419147 -29.429577589469254 
 -17590.760744254527  12168.931665627813  265.9864462878204  -29.42817329912311 
 -10619.804574494781  13451.837763941552 265.93669372654284 -29.456569018243705 
  -11949.38833494721  14755.914459092677  265.9366345115847 -29.443566753424523 
 -10438.635163812382   15769.66073842619  265.9211987008261 -29.446306654376638 
  -10364.78078591239  16914.075395591946  265.9136872374693  -29.44122598087319 
  -13583.81522575447  15412.366033926332 265.94241179530854 -29.432307084159635 
 -14350.473394902789  14591.380250701584  265.9520978910607 -29.432428610582015 
 -14091.424053528186  14701.677395545625  265.9498617675327  -29.43317994734598 
 -14973.604226922029  13906.178138675969  265.9600808092014 -29.432630760343212 
  -16973.92630563442   14693.00621063549  265.9670893680364 -29.419160532902243 
 -17973.594108283447   15174.15718643216   265.970017641287 -29.412100917527635 
 -16660.262680776887  14751.585187767965  265.9648672939545  -29.42039920278263 
   -16389.1245637507  15215.447250231402  265.9603847284796 -29.419525382430926 
  -18829.61116093669  12884.282590481784 265.98927363133805 -29.418799452193564 
 -17758.518329868548  12940.728986024458 265.98261962261483  -29.42367664943539 
 -17939.326042358884  13076.577868856924   265.982839144461 -29.422159042386912 
 -19107.187203341597  14474.135497950718  265.9810220548484 -29.409979717339088 
  -19439.03589716142  14635.374699837073 265.98196861812835 -29.407652266466176 
  -18402.09449855287  15514.277374193265 265.97043968978574 -29.408469447169818 
  -20044.20851212465  17255.615995007192 265.96935134263373 -29.392693739647534 
 -10376.943773480887  17053.597965570323 265.91290219927794 -29.440503144055175 
 -14234.204945068972    18079.8156393184  265.9298806701311 -29.416601964742192 
 -11087.408053601655  19460.431453863574   265.902469638842 -29.425664724236096 
 -10945.546714995251  20122.808991205573 265.89757595664946  -29.42330086679663 
 -11025.995717796182  20129.723329128097  265.8980217314163 -29.422870363859897 
 -15418.957554698864   17989.95129608181 265.93751548429503 -29.411273631887457 
 -18370.610529319216   19654.41862056826  265.9448500220714  -29.38962371031724 
  -17310.46082289756  18101.184572919465  265.9480747918829  -29.40169855080921 
  -17843.25435000966  19455.088286940612 265.94295174520715 -29.393004295959877 
  -16501.72490048769  20148.802586521528  265.9307787036914 -29.396211123826717 
 -18408.333282491654  19777.398789185496  265.9443235551926 -29.388892030918623 
