\ This script generates Case-4 astrometry challenges. The telescope used in this
\ challenge is affected by distortion. Astronomical sources are retrived from
\ the Gaia EDR3 catalog. Observation fields are set up around the Galactic
\ center region. A list of source positions on the focal plane and original ICRS
\ coordinates is provided. Solve the position angle and distortion parameters.
\pointing_ra=266.21777420891567
\pointing_dec=-29.57849670262433
\position_angle=130.4040707428357
\distortion_K=(-86.24589162565164,)
\distortion_S=(-1.686862587722918, -3.0384933610032716)
\distortion_T=(15.712366629763693,)
\distortion_scale=0.9947483019282185
|                  x|                  y|                ra|                dec|
|             double|             double|            double|             double|
|                 um|                 um|               deg|                deg|
|               null|               null|              null|               null|
  -19642.51832483323  19044.279349222877 266.24192082120044 -29.816944767470623 
 -16659.441201166595   19474.52262695807  266.2632645365498 -29.797442694818514 
  -16543.62500097627  19046.947354979056 266.26041243995826 -29.793498539060217 
 -20377.440431369756   16549.08612178965  266.2174060864819   -29.8043992798192 
 -19587.255849724035  15711.670528091157  266.2156096350455 -29.792643705048548 
  -19854.00134800883  16749.980020417577  266.2221370660498 -29.801844781590077 
  -18751.03482630825  16177.818234063006 266.22425140427964 -29.789655620575655 
 -19265.250867495106   16464.12311473376 266.22341658803066 -29.795428831356244 
  -18658.42518460677  16181.831021113334 266.22483664409606 -29.789003098248212 
  -18250.83560433565  17500.643549171655 266.23769613110477 -29.795127177893892 
 -17208.585640950285   17343.73894806524  266.2426558147871 -29.786387273944857 
 -16370.320276921559  17706.321038827424 266.25054303265637 -29.782822780955783 
 -18588.983771465682  16636.330419626822  266.2288179730803 -29.791609942652045 
 -15647.366610538153  17097.818059575224  266.2499836616307 -29.773530061956865 
 -18593.741070243872   13317.84602335396  266.2033039995125 -29.769658028167015 
  -19298.93545075064  12934.742471694712 266.19620618429315  -29.77222899204784 
  -19284.06587026727   12828.90027270866  266.1955049037607 -29.771447797770506 
 -18745.255867425552  12529.634954506118 266.19650736889747 -29.765732839453324 
 -18530.484802998544  15511.206847033394 266.22038725223564  -29.78353699831815 
 -15318.401673962486   14866.61647940236 266.23454415198984 -29.756669177560294 
 -17483.500727338436  12668.580267949399 266.20508130542055 -29.757783659525714 
 -17373.164658069363  13406.266780060047  266.2112566419091 -29.761640710011992 
 -16210.032923356777  12849.133310840212  266.2140022779301  -29.75014300423435 
  -16467.64717307238  13777.716594255788 266.21944163510574   -29.7576991135225 
 -15209.929854048842  13175.188571223822 266.22237151695685 -29.745355494422604 
  -20221.89113933636  11616.460707833743   266.180864089038 -29.770469128567836 
 -20106.422654694892  11998.252604410767  266.1843807756382 -29.772051166425683 
 -18647.652825329733   11657.60440902383 266.19063746608316 -29.759606392773463 
  -17230.97000118249  12128.306233597155  266.2025746115089  -29.75269649214126 
  -17294.14617518436  11766.478683253426 266.19952519297647  -29.75091094951871 
 -16397.884003774583  12056.056044071303 266.20699454887034 -29.746559067107786 
 -16254.682672657045  11402.854259275182 266.20303012107445  -29.74163171398921 
   -15611.5208736146   11237.89364933909 266.20563348165774 -29.736319452233325 
 -17831.414326213915  10427.015717103523  266.1865103642413 -29.746467470292224 
 -16658.927502655897  10008.107512102322  266.1904531821163  -29.73603160743825 
 -17041.665601250323   9429.056193910332  266.1839897740963 -29.735186624366992 
 -18352.573050167804   8968.879816962957  266.1728487754088 -29.741332193363636 
  -20244.37021283617   7348.877200003419  266.1498654930491 -29.744745641407302 
 -17423.856686598865   8018.888277969877  266.1715978190352 -29.729521814681636 
 -16827.315334671064   8225.416576182559 266.17662639757106 -29.726741715104954 
 -16810.540840518555   7828.254879847017   266.173892996347  -29.72434301366436 
 -14688.930623961529   6983.490708432339  266.1804676199316  -29.70567980707615 
 -19520.463092054662   2484.560477404237  266.1201004609999 -29.712238087672578 
 -20273.696480749637  3049.8843414886082 266.11944876070044 -29.720391302612427 
  -20235.03779180831   2411.916895239411 266.11524388734443  -29.71658839115146 
  -16758.63339463921   5891.061247743866 266.16049056976465 -29.713005164133587 
 -16553.722431085444   4735.926965478437 266.15360881816184  -29.70523060697908 
 -16286.967917277287   4575.002168536187  266.1540709906386 -29.702611725334823 
 -14883.757241189594   5265.383859170836  266.1672173053323 -29.697382074081247 
  -16603.29044995112  2668.6818760855867 266.13892517241004  -29.69421394581557 
 -16077.782094330549   3705.771798000959 266.14925482635795 -29.696486734302574 
 -15508.626311164648  2914.1174336019885  266.1471361529948 -29.688533620282048 
 -14785.791921169051   2841.897433948999  266.1509162716814   -29.6835471817489 
 -20463.330679706844    1601.47461380142  266.1082173111433  -29.71363759972221 
 -19287.400491305823   899.6840710134243 266.11053031554013 -29.702028145015664 
 -19894.287608652237 -510.01346907841634 266.09708570937676 -29.698379137736524 
 -19582.575420260484 -1096.5492772212222  266.0949445767799 -29.693188803199796 
   -18148.6217034538  121.02973536813258  266.1120516153217 -29.690415949453133 
 -16573.217997713335    772.733203682433 266.12600360046844 -29.683797650498505 
 -15944.322032082637  492.31083297403075 266.12782399823897  -29.67829980452802 
 -16524.954422429164   144.7846691415833 266.12196801997806 -29.680136479117923 
 -16644.431272169582 -258.64511859022997  266.1184784372329  -29.67874931558598 
 -16935.412770997133  -682.5023037391039  266.1138210512822  -29.67834916343228 
 -14379.135423852276   836.7975386472211 266.13948042343407 -29.670260546979712 
  -7762.722463262243   20312.45160446509 266.32360958707466  -29.74108610060588 
 -3806.7373971069856  20362.456456096264  266.3484304669449  -29.71545313543693 
 -2531.1477140167426  20205.948908064598 266.35507668490527  -29.70621604916945 
 -14053.292829128475  18123.925574122204 266.26767725990123  -29.76923625308852 
 -14734.265285314612  18674.555385388732 266.26811112525263 -29.777802325555076 
 -13624.950607243054  17961.425952720037  266.2689090677138   -29.7651582366884 
 -13278.647080250888   18732.69660657978  266.2772440770533  -29.76795868319313 
 -13989.836618815416  17267.021350551277 266.26117169468046  -29.76306507931665 
 -14755.902092239778   16094.89289352398  266.2473806605058 -29.760683380754294 
  -11236.46731127431   18679.41370128466   266.288980604889 -29.753551323290818 
  -10592.23325194205  18310.506874169576 266.28980940322924 -29.746762247541206 
 -11100.204856604954  17733.012446287285  266.2820908274938 -29.746412529888023 
  -8884.477107620361  19039.184017985335  266.3060598789861 -29.740113130660795 
 -10132.736448048752   17888.01911001218    266.28911997699 -29.740937973880644 
 -11787.563951673963   16592.96788224759 266.26890298016093 -29.743695990450142 
  -9732.161799336342   16739.38490643794  266.2822968765802 -29.730972420014258 
 -12435.657956206358   15798.02363545561  266.2588226665983 -29.743002839487794 
 -13064.300055691088  14835.409208092577 266.24765758555026 -29.741186422022672 
 -12569.183688241961  14562.727382270326  266.2484992852459 -29.736195867360173 
 -11233.829709203135  13766.246744888871 266.25033524689184 -29.722557556239288 
 -10784.909960229923   13573.39148210761 266.25152963069826 -29.718480294815993 
  -8570.876868262827  14168.165587309388  266.2691736890124 -29.707747085343808 
  -8149.763302330842   13628.49161015603  266.2675580318816 -29.701868830487204 
 -8162.3431215998435  18036.157440945837  266.3021452096189  -29.72885819315049 
  -7288.786711245085  18839.374583880366 266.31404299904904 -29.728274481711022 
  -8532.085029434746  18128.698523260045  266.3006758906419 -29.731879586950296 
 -6105.8713517949445  18420.198157031802 266.31775311581686  -29.71789051357426 
    -7683.9975739176  17306.023326354625 266.29910034911256 -29.721127652856257 
  -5699.337152084171   17159.55935113218  266.3099084253578 -29.707414083263036 
 -3628.2893918846808    17502.0360148936 266.32535105607485 -29.696302281633663 
  -3194.970926991668  17621.209383616282  266.3290022314281 -29.694279648064978 
 -1966.6534042879914  16692.516276432645  266.3289940065482 -29.680926076126816 
  -7376.066697333618  15995.505899482869 266.29049848274883 -29.711059672240292 
  -7839.938838774157  13210.852441897316   266.266229402773 -29.697456151680274 
  -5829.266525876882  14192.400510316398 266.28571415812337  -29.69047171919893 
  -5870.404038383211  14202.641051348526  266.2855465616726 -29.690790976522692 
  -2670.970884687827  15442.983700914478 266.31461147418344  -29.67795754813614 
 -3818.3113984092347  14486.506036822606  266.3001044067546 -29.679557177617838 
 -2774.8274728400743  14200.247223421655 266.30420781817116 -29.671389241325027 
  -730.7551453841227  20240.611984741594 266.36684599065563  -29.69491875025538 
  1040.1113661889578  20109.133949071143  266.3771551782206 -29.682835024459294 
    87.1918088630937   19873.41898937432  266.3688706358216  -29.68739728481783 
   2550.881505667424   20038.14200989869  266.3864872498361 -29.672834512927572 
  3086.1981700151937  19572.943822041554 266.38587817729757  -29.66658138632921 
   8937.621800298994   19499.24107772812  266.4259774695104  -29.62920052278174 
   9112.852531106915  19972.370592041658  266.4317861678926 -29.630939820804034 
  199.71159376677127  19418.649102478015  266.3656076334658  -29.68384494884818 
   965.1324880453507   19236.20089480445 266.36896090433993 -29.677879875208486 
   382.9577744748239   18573.52629906955  266.3594794286069 -29.677487398092723 
  -878.0164216186892  17293.786261824465 266.34071553947234 -29.677682333286754 
 -1010.7859712752056  16930.688208666368 266.33688989461604 -29.676346197888066 
  -70.70130456818953  17342.108897968596  266.3461991730413 -29.672906694061833 
   1722.291485186706  17302.468652444222 266.35729179797113 -29.661452249473967 
  2285.7343524993976  19001.696133533576  266.3755251113738 -29.668124304007204 
    2931.83884759181  18939.452359524337 266.37923637330726 -29.663683969623595 
  1573.0228232582251  18849.188118268754  266.3695376092203 -29.671677740219057 
   3830.368392503901  18929.386218626354 266.38512351839364  -29.65797802969224 
  3966.7504571898403   18174.64554378358   266.379409476383 -29.652593506230353 
   2204.904036584998  17412.066710620118  266.3613262121389 -29.659085671665704 
  2560.5220060324536   17581.78465345625  266.3650698090057  -29.65786865442542 
  2490.7431428865148  17172.934365513676 266.36115802795393 -29.655888914337492 
  4883.1433775785945  18022.253522020776 266.38420451684016 -29.645949201256858 
   4150.640140086746   16807.38457121474 266.36889976243276 -29.643398431110718 
   3443.009256226303  17767.439877716934  266.3724262162511  -29.65345183428784 
  1157.8664917135807  16565.149171464018  266.3475454322923 -29.660631271170697 
  -266.7123023803703   14437.24515595739 266.32145075190857 -29.657175191994625 
  2348.9705892541547   13444.12607554222  266.3299364839771 -29.635413277683657 
  1965.2401284094465  14866.681853079675 266.33883237316445   -29.6458052413677 
  2308.1679448643363  13891.243598209929  266.3332114920623 -29.638168985612666 
   2693.733541122546  15741.825114213865 266.35057489615275  -29.64629824361446 
   2606.274415872214   16544.04470539453   266.356639268246  -29.65148557729582 
  3345.6090652553653  16397.849062258254 266.36020323786045   -29.6460343894764 
  2174.1711700238516  16195.772507038115  266.3509793976938  -29.65214937835385 
  2440.4177439786345   15406.63100390183  266.3462171426236  -29.64594566775753 
   3938.168979111263   16562.47555008916  266.3654422427135 -29.643300040501046 
   4114.429247806691  14337.124519962443 266.34827567513724   -29.6295147608862 
   5523.346586486514   19367.21815043385  266.4005364184569 -29.649981272572397 
   5684.101217053304  19313.333337720927 266.40115482642113 -29.648642810813577 
   7788.240318713694  19089.651217387527 266.41385056565366  -29.63402843825071 
  6680.7308050529955  17735.968967222907  266.3939024485639 -29.632996822928632 
   6778.792129871157   17752.19578987595  266.3947198596423 -29.632476361318616 
   7661.403884160452  17169.112892701072 266.39568226152545 -29.623542292924736 
    8651.62253638532  19300.450877617724 266.42201888052267 -29.629823960650267 
   8437.607505682709  18933.485599932654  266.4170528532867 -29.628990464401443 
   10226.67867210867  18906.001178899172  266.4298775950399 -29.617463087921376 
   9524.162504624788    16865.6104679272 266.40608248463013 -29.610059402214876 
   10205.70064966718  17863.692366559233 266.42001039132055  -29.61149086127865 
  10832.519907042371   16780.86134092598  266.4147474800589 -29.601275743220988 
    8847.32392668549  15634.103040686397  266.3905844717747 -29.607332400564335 
   8604.606814062823  15694.612200222087 266.38942340547607   -29.6091984913803 
   5825.045561703345  14997.023100255474  266.3648044804427  -29.62262176885504 
  11351.867709236254  14961.556661539697 266.40244386410325 -29.587740148827987 
  11136.788149104255  14585.511209534096 266.39766419909444  -29.58702278105159 
 -13832.310953695516  11629.356170802163  266.2190320662976 -29.726837330352016 
  -13422.73484102703  11547.447686359354 266.22084592004484 -29.723661560186905 
 -13150.993233243193   11615.19271438142  266.2229482010027 -29.722281164654806 
 -12460.293320724733  11549.491029711711 266.22653657271644 -29.717391152059122 
 -13853.401072870283  10152.096011530622  266.2081022377152 -29.718317313007002 
 -12450.323924289285  10843.512031961089 266.22141072383874   -29.7132114867928 
 -12102.610968827437  10168.337739354592    266.21853294761 -29.707075960826824 
 -10915.015319610995  11800.455314537421  266.2374979445575 -29.708870519142604 
  -10278.98071644785  11782.067487272823 266.24111136017615 -29.704686122978686 
  -8053.460084962493  12464.310161277584  266.2593411587419 -29.694479069883627 
 -13056.571944171115   8560.476178373487 266.20131681945156  -29.70404972705044 
 -12715.238154197043   9301.114700104146  266.2086489630689  -29.70605871734261 
 -13722.950755078633   7459.713860967975 266.18954113682724 -29.702131399746236 
  -12569.70542398284  7644.2304449253725 266.19763686683314 -29.695792311800272 
 -12287.001029535357   7855.103553751506 266.20079978176756 -29.695170669125584 
 -12099.376309243184    6394.41524870437  266.1915422340155 -29.685894229211286 
 -10787.092542574814   9719.673104832875  266.2230111868432 -29.696119299525737 
 -10462.548090436974   9203.892288369469  266.2211866693216 -29.691157757484067 
  -9045.381457413516   9746.182036389022  266.2334413768684 -29.685274351345104 
   -8908.84297519801    8896.96388463451 266.22809595708486 -29.679682923146263 
   -9124.62039846853   6488.251910378414 266.20963035165187 -29.667815531181127 
 -10782.588462523867   7739.162980248129  266.2088018535469 -29.685014425617176 
   -7965.24940898012   6706.482729868967 266.21796380451315 -29.661829468693995 
  -4833.775742771286  12217.408667859007 266.27663070624476 -29.672886797198434 
  -6361.773390983214   10055.20851382185  266.2515085691752  -29.67025764381619 
  -6190.078676075304  10711.189468598925 266.25734456759056  -29.67284693700749 
   -7504.33348593273  10982.509573893305 266.25157292980356 -29.682567522387856 
  -7566.638863955956  10334.297068950284  266.2464399194043 -29.679311879436124 
  -5265.277287048595   10369.46668258269 266.26030703614987  -29.66521217541096 
  -4194.409063794868  12927.762833830608  266.2858373567852  -29.67294137258231 
 -2888.2817527750885  10122.694804979223  266.2726386714929  -29.64921810599993 
 -2521.2530570747485  11639.819688040563   266.286153014246 -29.655338420004146 
  -6755.847682619213    9061.57113861616  266.2419460499178  -29.66720543012118 
  -4607.164965497417   9298.089140172193  266.2563568334505  -29.65525527555518 
 -5354.6250074471645   8679.681852779298 266.24744200308265  -29.65647190917281 
  -4468.714203146756   9621.182627183502 266.25953884366135 -29.656173927517326 
  -4368.135316047915   8507.878839900828  266.2520277259572  -29.64948470855259 
  -6263.078643388195   7469.829858116063  266.2333853420926 -29.655482841545652 
  -4180.669917309012    7753.79524614858  266.2476903755014 -29.644263029306114 
  -5075.365368115158   7812.417839593676  266.2428320547416   -29.6500511970693 
  -4651.273995958898   6888.263311920203   266.238708894037 -29.642488730387345 
  -2821.723503173351   8416.464323575075  266.2605366874019  -29.63953776464616 
   -2373.84566548345   9929.183142768145  266.2742873218307 -29.645006786792237 
 -1881.4766381933316    8721.99925835771 266.26836730922105 -29.635450118902092 
 -1769.5713968660707   8790.992320883603  266.2695405298893 -29.635139734870087 
  -3406.950893182668   7228.458480779271  266.2484873070397 -29.636725945247733 
 -1386.8310593190183   7839.979851802206  266.2649020737435 -29.627705443422524 
 -1710.4421796049987   7183.476085511008 266.25822687486374  -29.62617164915913 
 -10811.395598740188  3099.5134013603274 266.17605297084526 -29.660067569039047 
   -9138.80777467827   6382.837110780561  266.2088017464382  -29.66733191811845 
  -7111.112578143935   4906.119342213499 266.21025969000715  -29.64693455032365 
  -8819.183435324127    6399.89877832232  266.2107928956041 -29.665445489795186 
  -8218.128812061077  3857.1440734988273  266.1964609809751  -29.64814064372893 
  -7031.993529428938  3230.8906442573916 266.19902362313735 -29.637600538759568 
  -6893.287233154058  3166.3314984933936  266.1993840483189 -29.636417833361314 
 -13318.964303376624  1512.6797080164695  266.1503861919033 -29.667212903422634 
 -12688.073760150764   775.1944320472924 266.14902126197154 -29.659387680627972 
 -13551.462658708002   -259.982074527403 266.13683448135765 -29.659302627768213 
 -11024.638926895297 -123.10770539470872  266.1526084795526 -29.644422590457445 
 -10170.037265725936  -69.59380816458929  266.1579694690204 -29.639471281325694 
  -9478.313825963785   689.5122097184607 266.16721271621867 -29.639202606516477 
  -9283.758636293964 -141.66724448146542  266.1626463936753 -29.633693448870194 
  -6722.511286463099 -265.69745426144715  266.1767080362302 -29.617535381594507 
  -6424.527058011947   -513.629888432159   266.176742989409 -29.614460407999353 
  -4652.734844054167   3661.740494963178 266.21592232293165 -29.625425798222235 
  -2533.058095362884   4979.618025585538  266.2376296235829  -29.61951144208494 
  -2290.524748723619    6457.44046888384  266.2495708853891 -29.625837163957048 
  -717.3856942029573   5050.870567302344 266.24887619009206 -29.608909173333195 
 -1976.2981852470443   3489.300381481299   266.230418920265  -29.60836352118036 
  -553.2232001690234   3291.704033262936 266.23742780045586 -29.598760325451174 
 -130.94086231971136  3566.1461893936844 266.24185715685894  -29.59763730505026 
  -5015.172141581991  2663.7123967880857  266.2068520719691  -29.62240592956456 
  -5302.229807048491  1378.5819937570247   266.196280829958 -29.617463786170934 
  -5955.729938764205  -410.3878586538631 266.18017677434455  -29.61216710900235 
 -3909.9140988116874  226.90950316945404 266.19646098296704 -29.603138707761197 
 -1706.9132082852004  2109.1228717105587 266.22236426915134 -29.599590577617978 
   68.74083191219871  2911.7866724766504 266.23844175461835  -29.59304659707055 
  297.68164287304995  2188.2225647491323  266.2347308483397  -29.58793476427115 
    635.355192871953  2202.4829360786925  266.2368296446042 -29.585974589879367 
  209.77907890540953 -154.24722404086663 266.21794259990793  -29.57644758958719 
 -214.71193751297136  13243.024253074933 266.31242907812333 -29.650087730873306 
  433.60655437210875  12844.328301898333  266.3133353706682 -29.643860002181125 
   2428.672868037215   13144.29551219412  266.3280816388887   -29.6332510455209 
  1379.3646142986809  13398.464149468886  266.3235096220651 -29.641132996813926 
   1488.457221501151  13139.682223781238  266.3221666882196 -29.639014394899185 
   2735.732532050826   10353.93068925826 266.30852616916144 -29.616082593325523 
   1522.710162546104  10748.397959704025  266.3040243168557 -29.625637903995784 
  3811.8344604345675   12223.70002019455  266.3295987239628 -29.619656936689633 
  2863.0241087618256  13287.965949220801   266.331943840448 -29.631375197560242 
  5301.5133296798695  12122.602502693215  266.3382869997324 -29.609933283633612 
   6307.351938911788    11014.8182693094  266.3360953941739 -29.597725741558662 
   5331.756638183287  10182.590149509597  266.3234661707671  -29.59925760370461 
   4667.678304729251  10982.389788149123  266.3253981377522 -29.607640531908167 
   6268.457539315014   11021.86129816061 266.33590020312795 -29.598003566509433 
   3034.802348830482   8952.911263406442 266.29986173451323  -29.60673944622933 
  2340.4111579362334   9766.553028968634  266.3016650194035 -29.615333094580517 
  -57.64674473006399   8348.509405091492  266.2765766670748 -29.622340839217678 
   531.9934034909376   8208.211361686153 266.27910540858824 -29.618006323198244 
 -1.6870451483553137   7460.687791522792  266.2704432412992  -29.61727156332008 
   2922.548967671113   7484.684353896255  266.2883250929737 -29.599636254072966 
   3005.842831278928   7419.846176562871  266.2883589757557  -29.59878755990163 
   2149.813261548926    6788.26469530931  266.2785395479151  -29.60066286772083 
    4328.21649448196  10045.963688660211   266.316109298409 -29.604679856086484 
   3710.214127239541   8905.518821500134 266.30367943063453 -29.602365227437065 
   4112.693818037291   8851.083218680484  266.3057683575391  -29.59961742813821 
  3552.7229989627185   7454.529798660326  266.2919639440847  -29.59564199088442 
   6645.609166774651   8440.541284347295  266.3185756781899 -29.581921590108678 
   5317.832876388641   7949.198830775705  266.3065462713545 -29.587475387106817 
   5636.297038434387   7170.702469752692 266.30275989276214 -29.581434231153487 
   6555.908894205906   6987.829188154793  266.3071604805796 -29.574840619671573 
   5203.338867589469   8077.600971512633  266.3067874196683 -29.588853171403244 
   7688.406857823848   10847.48481274008   266.343729455828 -29.588289114021933 
   8809.682479067558  10501.358749559002  266.3483709177217 -29.579472952118586 
   8845.802831354598  10154.556688028191  266.3458983431307  -29.57739871714584 
  10005.831846826713  13278.818899478309 266.37875326784444  -29.58698596834309 
   10680.62490572662  12645.122881167981  266.3781758951866  -29.57928458814704 
   9845.192689628766   11821.45996905916 266.36576514756104  -29.58008584015114 
  12297.060974273063  12998.269581980043  266.3924456348002 -29.570943510021795 
   12318.14298399146   12625.56156450562 266.38947272332433  -29.56879001355252 
  10492.166064630694   10960.38240252865 266.36323739069104   -29.5714015810089 
  10645.225214219954  11574.370529246362  266.3692076975621 -29.573728577715784 
  10942.254289930474  10938.866520287764  266.3661227119571  -29.56845279689478 
  10811.630059782074  11470.024698635452 266.36950211193783 -29.572119818392544 
  11105.751802887247  11366.370203115044  266.3706794518599  -29.56970818755153 
  10821.882035912462  10684.014208364588  266.3632675040278 -29.567851325344034 
    8180.61495478269   9702.218051293592 266.33804104064774 -29.579124368702082 
   9961.306936712372   8581.105306406173 266.34105746396517 -29.562116287010603 
   9304.860429663611   9391.907371374335 266.34299240149943 -29.570491225944554 
    8449.78840206081   7130.538144641784 266.32023358017443 -29.563913966960623 
  11870.703359161518   8546.015227412257 266.35352763945394  -29.54992224314589 
  11719.044690873641   9693.394631932764  266.3615038016467   -29.5569272334809 
  11431.881415709557   7301.319686884773  266.3409813450721 -29.546181745744928 
  12753.239312415868   8204.468904490912  266.3568629697121  -29.54252451862476 
  12157.575064222841   7936.155561121838  266.3507297508514  -29.54490823602417 
  13427.585308019086   7214.886577746911 266.35378057345923  -29.53304564282231 
  12634.012932891168   6900.136745959583 266.34596240521444  -29.53647563213199 
    694.277523831215  5491.2951774923795  266.2604281765759 -29.602678975367084 
    2724.84752517987  5001.6121414636245  266.2691296816507  -29.58783353892218 
   1088.858508820353  3937.3764022692853 266.25173040262246 -29.592202458775407 
  1799.4316228751227   3351.120136697118  266.2518278244396 -29.584877630307183 
   3983.587161476952     3896.3560132925 266.26884419965154 -29.574472222396864 
   3870.433755285562  4662.3990551517945 266.27363897124536 -29.579123470206294 
   4974.194843523163   6134.372928374043  266.2910449143441 -29.580060168266378 
   5863.039798353793    3258.68580116287 266.27574872074223  -29.55974544956816 
    4845.25906424879   3665.422822686965  266.2724340474479 -29.568043736229292 
   5305.786389925731  3456.9704883781847 266.27375514769915 -29.564165188803674 
   6328.766251302841   4970.926457078753  266.2909540433128 -29.565737002721868 
   2383.012313154949  1352.7419131214758  266.2412715914914 -29.571073893047757 
   959.8067469610143  309.82528946158715  266.2255736400669 -29.574310589872127 
   4472.431020128192   400.0401485712893  266.2471151130793  -29.55355656889695 
   4243.467194569494   924.3294416800783 266.24940757399713  -29.55762556567256 
    3255.79421142924   330.4170649173729  266.2393433507055 -29.560570643714144 
  5081.1667777209905  2078.5593872854774  266.2625900932658  -29.55844809776626 
   5328.290141378659  2197.4090795221036  266.2649324350209  -29.55755335859455 
   4910.437404353738   2037.061888731083 266.26126140948236  -29.55927378793864 
   5548.862445951592  2070.7089879718196 266.26537713298165 -29.555559596069784 
   7053.488856927332   3030.094627984291 266.28144175928674 -29.551284106684022 
  6740.7509846334315   3155.934568451024  266.2804118371757 -29.553848685759018 
   7335.749878382196  2084.9728870427716 266.27643026072275 -29.544699898875717 
   4720.043795320304 -103.74633327794493 266.24508539396084 -29.549480953454022 
   5964.010576761956 -288.63714905435535 266.25129705916953 -29.540962525105478 
   4587.319472432004   391.0998352005937  266.2477433473547   -29.5528134599928 
    8605.11859229822   5736.267347466489 266.31085249948217  -29.55569412556458 
  10555.222611663072     5563.0131880618 266.32210230737354  -29.54265601129709 
   8503.442902520705  3313.0074231790413 266.29250736936564  -29.54380940742291 
  10954.982083997946   4079.528535778388 266.31370438516785 -29.532485335638185 
   9559.402680499294   4810.217916279932 266.31010992026677 -29.544977993403762 
  11883.317987459803   5528.132991790982 266.33054107964375 -29.534117275634397 
  13319.820501227827     5998.0931620351  266.3436984185758 -29.527412419042204 
  14047.698902656313   5332.466091384605 266.34356948930036 -29.519289111775414 
  10956.186421734063   4473.119999375697 266.31661549093303 -29.534507388126794 
  11752.712279059979   4879.475491601154  266.3248275321834   -29.5315882558049 
   11971.64674695794  4337.1499024841405   266.322230140761  -29.52740441333748 
   12520.70055265737   4327.125803164301 266.32577017179574 -29.523869878946332 
   13530.11655084589   4547.178744098354  266.3341371556683 -29.518559153419087 
   8103.708105039905     2882.8599290347  266.2869062931043   -29.5440669468068 
  11418.790066603235  2937.0075486491337  266.3083228699133 -29.523687562247076 
  12129.881710180513  1932.4323584982176  266.3055998894976  -29.51403199820086 
  13666.046249477668   2806.525723148421 266.32207836109177  -29.50871690402509 
  11757.522735319493   328.8343835987508 266.29162716749056  -29.50816722513289 
  13023.699662458415  287.97906660421006 266.29948483030086  -29.49989829856676 
  13777.470719744382   1321.468855410643 266.31191016365807 -29.500364948206165 
   14778.95266655035  318.44310869039384 266.31122262206407 -29.488719810206604 
  14693.032427895958   19893.30193938681  266.4751614056757 -29.594377821180448 
  14311.651844202172  19288.125062548774  266.4656611953232 -29.593306384324244 
  17627.268964857183   19800.90287820661   266.500508118418 -29.574101202835728 
   19826.97781232045  18898.860696568263 266.51175439021233 -29.553497762153878 
   12831.78753717936    19074.0994780535 266.45150070039654  -29.60170803758693 
  14172.231543658028  18207.999919944024  266.4536887819593 -29.587919435751072 
  11929.313517777524  17283.949564858962  266.4274452497226  -29.59713942992464 
  13667.477569441815  17111.897137475593  266.4391369669122 -29.584930729042807 
   14303.11313967804   17018.44917550161   266.443243939008  -29.58025431408274 
  14035.883083907976   16656.47223641378  266.4377327772972 -29.579951638315617 
   14635.37679169787  16433.435145826432 266.44034576180553 -29.574776773232166 
  15537.769653194206    16753.9919436197  266.4506179069943  -29.57063522641597 
  15004.227408890016   17303.59637001034  266.4515916025324  -29.57726979567257 
   14101.58875484571  13480.014661220179  266.4096764201073 -29.561950425151455 
  15499.591454675556  14004.892599574832  266.4248781336394 -29.555670877247866 
   15783.42183790157  15540.581541715892  266.4411112894037 -29.562231804672447 
  16597.389661651432  15852.939475519963 266.45065846979395  -29.55854349291034 
   16996.07916275481    15258.3161907299  266.4482970579634 -29.552582026589043 
  16921.561287180673  14747.870768543007 266.44290606845453 -29.550279801939297 
  16401.158813084137  13766.813616162124 266.42977765623453 -29.548408786708492 
  18505.144721159268  17738.355626586566 266.48613264936347 -29.556142699119512 
  18047.679072426756   17179.81413256148  266.4761685605763 -29.556137929428015 
  18993.790172942234  16286.397110759332  266.4755191189385 -29.544621790245866 
  18744.031021310697  15836.574007045161  266.4687723205571  -29.54386410513576 
  19837.974937897896  16109.741046378724 266.48142009935293 -29.537738990723028 
   19435.08249008269   15223.77565167392 266.46881699335734  -29.53570043228162 
  -20078.24506865453  -8226.422442504452 266.04261253790554  -29.65889376345364 
 -19706.026132009447  -1226.974983449992 266.09328944711757 -29.693295085047033 
 -17684.259608657227 -2216.0821990983263   266.098776653333  -29.67500382519169 
 -17623.500123068065 -1596.5902430993372 266.10339967052744  -29.67789020947059 
  -19037.26944125696  -3548.024895786191  266.0813909398452 -29.676641929161214 
 -17403.777030675756  -3939.631593128161  266.0886405343901 -29.664175795303017 
    -18378.260902216  -4249.528311793926  266.0805911253304  -29.66874218599012 
  -16435.13661876052 -2206.2393251514713  266.1063619512129  -29.66713495005847 
 -15196.709727929529 -2572.7925984984727  266.1112512812786  -29.65744399815998 
 -15309.387108141476   -2405.12906555914  266.1117273897942  -29.65902356610138 
 -15144.796522694769 -2399.6571402603213  266.1127451308361   -29.6580236826118 
 -15269.957626223691 -1051.6736282969111  266.1212326999619   -29.6658728374873 
 -14935.577143857485 -1732.1423626236829 266.11855833231186  -29.66020740162001 
  -15175.13158395068 -1082.8761272886136      266.121582566 -29.665113856329153 
 -16167.396168173666  -4012.467018743098  266.0955935507785 -29.656014242583254 
  -15125.37494062144  -4154.963542913986 266.10085617605665  -29.64877269485309 
 -13754.020702193657 -3509.8048964873506  266.1134153788871 -29.643619780085977 
  -19867.44937816657  -5857.276749807722  266.0603498963224  -29.66986759478677 
  -18397.13123705182  -5499.888093907206 266.07187313106624 -29.662335457730602 
 -18136.069362665843  -5615.544693494745 266.07267325616203  -29.66007772126558 
 -18569.416647883114  -6679.503102901491  266.0626869191067  -29.65729963738253 
  -16956.31488730355  -6665.632183566264 266.07263583453243 -29.647208685262108 
 -13868.853832297847  -4581.959096402143 266.10541700177066 -29.638789450468916 
 -13502.953911508039  -7245.212137890659  266.0894080437468 -29.622866461801863 
  -19853.09127206207  -9966.108309490712 266.03189579922173  -29.64846148909493 
  -19429.16322463299 -10224.416118790232 266.03275223552055  -29.64443654519569 
  -19788.19218271662 -11680.907641530644  266.0202742680967  -29.63921670237741 
  -20303.73223738326 -13450.575030425358  266.0044559302898 -29.633388422280174 
  -20123.51703622756 -14201.705421021103  266.0002508939939 -29.628381439916634 
  -19380.91731849349 -14264.503394991567 266.00455574703744 -29.623364633406545 
 -18170.105503515104  -8845.967856235904 266.05016957178196 -29.643584452446028 
 -17888.639722339474 -10152.355566960789  266.0428412438212 -29.635100665094505 
 -17938.314445874435 -10180.403583821038 266.04233920869007  -29.63526781113309 
 -16516.373094144557 -10314.759338402548 266.05014722479535  -29.62571632736769 
 -17187.724671194665 -11533.112752855412  266.0375555242445 -29.623646228876307 
  -14479.58267424441  -9493.471258725252  266.0681603328155 -29.617356800874134 
 -12650.639526323448  -9120.077896480188  266.0816556160549 -29.608092144000032 
 -13873.256873241839 -11608.309957743279  266.0572305177394 -29.602852675572752 
 -12449.771584098717 -11490.163792368408 266.06658188557276  -29.59479406922127 
 -13939.218263075763 -10699.272256541575 266.06310803667435 -29.607893259114636 
  -13381.37448079415 -11226.006986946963  266.0628267015669  -29.60180363297338 
 -18935.260674336627 -13182.112560192647  266.0150710267531 -29.626117640340055 
 -16314.520003065141 -12349.031719168308   266.037239750821  -29.61405689485072 
 -16371.919609194885 -13507.312979350194  266.0287782023073 -29.608484932264037 
 -17591.432467652063  -14622.62166937624 266.01332075785285  -29.61032698101251 
 -17917.890834285354 -15243.232471746558  266.0068523318693 -29.609173857071802 
  -17016.82440932343 -15176.034882699269  266.0129889278024 -29.603922346635983 
 -14248.920014394304 -12097.738645748912  266.0515754417168 -29.602649298717854 
 -13760.341800008946 -12539.548266017653  266.0514634666103   -29.5974118741115 
 -13095.883894799685 -12753.923952217861 266.05398014324726 -29.592272978615487 
 -12579.723467616834 -12404.879002474709 266.05949365187246  -29.59091915818518 
 -11963.402454921927 -13127.828256696324 266.05818155041374 -29.583496054771093 
 -15221.104168356082 -14896.297510505095  266.0260986814613 -29.594291956947615 
   13248.69175168796  12525.205288104158 266.39528719509065 -29.562288327163937 
   14450.20028908723  13100.510505874048 266.40898779963794  -29.55762769754916 
  15399.241717953204  11308.787588462557  266.4007728669917  -29.54181622766093 
  15751.651682570475  11493.390134464224 266.40495886583506 -29.540484763288326 
  17021.618985953522  11954.823949340655 266.41860692303567 -29.534520832776852 
  16063.250222875857  11902.943062351027 266.41080210861287 -29.540615106077922 
   17483.73497269139   10744.81474283402 266.41175549467613  -29.52499320932615 
   18056.56225561162  11093.660665782054  266.4192212472407 -29.522974043448887 
  14914.473158472465   9210.466528760493 266.37995463041614 -29.533884397742224 
  15124.656913349701   9648.490011170787  266.3850190657437 -29.534819624522598 
  15090.137265399122   9260.374918012598  266.3816186416774 -29.533002161248334 
   15840.75860260801    9848.26406426856 266.39187355490634 -29.531180401353826 
  15486.996826183917   9388.655519465872  266.3855265918969  -29.53108272556663 
  14945.720291915095   7065.547652057317  266.3631346509071 -29.522465765895657 
  14206.875139463358   7060.910573358817 266.35795059578834 -29.527230379661287 
  16104.697388994682  7982.2050698315325  266.3786425591541 -29.519654509500583 
    16501.8503990594   7562.733145484232 266.37816302974136  -29.51484188837466 
   17414.39174070999   9135.676766959528 266.39770040374003 -29.516983866402878 
  18073.343226540634   8841.897151922452  266.4002617140027   -29.5110056028684 
  17942.322659612684    8654.82556311888 266.39771598319146  -29.51091234432681 
  18067.905240916498   9598.448227572471 266.40654292086515  -29.51500994310197 
  19582.062247966693   7418.583639969784   266.400098548347  -29.49325360598086 
  20221.309094801385  12519.348736646863  266.4497927349363 -29.515608154171193 
   20284.69519036288  12225.288728216952 266.44761520916376  -29.51359710676691 
  19557.714143483536  11326.363773942889 266.43335328727727 -29.513912043439095 
  20189.938464572893  10673.277537895601  266.4327781156582  -29.50605186705696 
   19757.94603455101    9790.81761015917 266.42151220637265 -29.504428526022224 
  20276.271371690647   9325.758765483097 266.42170029569075 -29.498370568148133 
 -19687.816388098385 -16103.432873280108  265.9893802362174 -29.615843544641287 
 -19524.747387146388 -16455.834462861298   265.987881805502 -29.613001236256704 
 -18974.515711018103 -17707.224281682764 265.98233419530186 -29.603092482601696 
  15246.279863314981   5976.332315031423  266.3567646314689  -29.51485005146741 
   15727.70165326225   5506.053757021771   266.356498138201  -29.50926281237372 
  16960.009660614844   5170.272724760315  266.3626195121674 -29.499376983358157 
  15861.681736636334   4426.188871391146  266.3491486321772 -29.502798071489334 
  15777.286996575589   4408.640656623898 266.34842799824474  -29.50326204937858 
  16750.073606292066  4086.9650877700005  266.3527792804739  -29.49517251518697 
  -15874.90778481486 -15844.799428789209  266.0153499664974  -29.59344259660291 
  -15176.50239820552 -17965.807961004215 266.00453338911336 -29.578234695611055 
 -15734.057193640885 -17158.768354142765 266.00685264275404 -29.585819556872476 
 -15292.851291953686 -18516.575589333734 265.99983740883073   -29.5761004598053 
  19837.009957116403  6074.9620969627795 266.39108947112777   -29.4845024619228 
 -14864.274705580261 -17456.382303152233  266.0101267486693  -29.57895134994658 
 -13341.029520852646  -18155.64534642375  266.0145168114562 -29.566044945321842 
  20334.187970064162    3965.81848864405  266.3780285864356  -29.47009533334151 
 -16004.186342904377 -20165.126202026397 265.98334404668617 -29.571912351039842 
   14614.52749834172   2842.848969640624 266.32869210691456 -29.502778026683085 
 -11272.221119711961  -19331.12441808176  266.0187363411257 -29.547387080739973 
  16662.091902386448   1880.326165684656  266.3354884233671 -29.484369529741283 
   17758.01361406393  2657.6704692621397  266.3490152026413  -29.48104109611187 
  17214.770428590386   1857.141354254556 266.33915365200687 -29.480559757136515 
   17027.97148647813   993.0773935030309   266.331409150304 -29.477350349840037 
  17780.311174237388   534.3692849219599  266.3332252598159 -29.469918300859856 
  16713.385107851394   559.7830429773925  266.3260361984655 -29.477215216561742 
  18647.341410077806  1858.8788697559064  266.3492989314382  -29.47087096487157 
   20161.39573319663  2224.9694474358134 266.36314736192185  -29.46228489276313 
  17996.879832118353   1359.794563321824  266.3409095473893 -29.472719397166454 
   18941.16846280708  351.64857400630603  266.3400461331296 -29.461048578513434 
  18798.699129220477  379.52065925173036 266.33924111231823  -29.46217321932063 
 -12820.561280655515  -992.7967357930073  266.1361203356949    -29.650936302904 
 -13282.587745891658 -1275.0603916266803  266.1314680264138 -29.652319506001184 
  -12298.02087201688  -1751.686933325182  266.1340048910917 -29.643765486755793 
 -13137.536444603944 -2395.0434707045715 266.12466890540077 -29.645594006545565 
   -9927.79124932632  -899.6830239225665  266.1537028339485 -29.633683914846642 
 -11591.374246449328 -3852.7099095349413  266.1238285931217  -29.62858493072368 
 -11633.074162419904  -4150.499733460144 266.12155579997955 -29.627308616922033 
 -10235.141900374874 -3007.2396728033123  266.1375308821984  -29.62467804543738 
  -9580.930999758957 -2774.9323985086594 266.14293362784935 -29.621902825052878 
  -9449.967523495368  -4245.391289313985 266.13369332616554 -29.613571580859762 
  -8086.522638999509  -3904.008711671479 266.14396164711695 -29.607090101772307 
  -8228.398233748692  -4158.267957013369  266.1414075711638 -29.606645945479254 
   -6354.78979241666 -3503.0788331252847  266.1567568824775 -29.598724196463323 
 -11876.834699340085   -4847.74317916386  266.1153749309119 -29.625215329870567 
 -11418.366654083164  -4625.065363376629 266.11958634936656 -29.623564717733597 
 -12065.000676403628  -4581.004620607828 266.11608382693424 -29.627732362743274 
  -12766.60014781418  -4777.670722672367  266.1106069904495  -29.63101137630099 
 -11675.501624694622  -4677.947676978334  266.1177152878011 -29.624859327584918 
 -11523.220607812036 -4839.0012027291195  266.1175140908835 -29.623106002492385 
 -10610.119962181889  -6804.733663515742  266.1095023399716 -29.607518888442122 
 -10685.649525332601  -8007.578615973632 266.10086996421757  -29.60184757526992 
  -9376.829319557677  -4618.617133431614 266.13158335191207 -29.611221366533364 
  -8881.841635705394  -4522.366954459832  266.1351256557915  -29.60872526111989 
  -8843.736451276058  -5502.655237242378  266.1286885875588 -29.603493850972555 
  -5940.194053498314  -5444.650457165289  266.1459789001038 -29.586352385944746 
  -8890.994928853057  -7773.422935384774  266.1129870507138 -29.592221053139543 
  -8313.567868807424  -7631.074821890357  266.1173276546628  -29.58947439399987 
  -3990.454825780976 -1764.7071754897192  266.1823411910173 -29.593415657165924 
  -5138.833204062072  -2484.787894367295  266.1707523752719 -29.596624779450696 
  -2842.660534824558 -3161.6218758769473 266.17948645351544 -29.579417086975745 
 -3756.5618880894863 -3391.3502015196646 266.17260900576633  -29.58371975090999 
  -2188.699054100517  -877.8175765040771  266.1989105856921 -29.587144543984106 
 -1275.9062203372234  -633.2560042315425  266.2059255496541  -29.58291935252477 
   619.2596565078788  -1717.579725115054  266.2095826416704  -29.56601257544283 
 -1645.0740864734692  -3700.443556928054  266.1827854914739 -29.569506621231035 
 -2025.1137965113958  -3817.043868940955 266.17977882401897 -29.571189712015805 
 -1984.0550161723565 -2375.1579664326327 266.18985160943873 -29.578278572175574 
  -890.6573318346192 -2715.0067446623907  266.1939081976598 -29.569996759488138 
   859.7273538996551 -3763.4296343324318  266.1969827334337 -29.554164463249702 
  -3199.099595147132  -5135.836991968477 266.16398904939086 -29.571516885973196 
  -5218.666988107173   -7886.40660513565 266.13360885370207 -29.569635772254642 
  -895.4341446254429 -4876.2351299368875  266.1791485608653 -29.559045073318536 
 -1843.6340734211992   -6192.95155967166 266.16468764646635 -29.558041423503212 
  1607.4053616743067  -7163.346081556886  266.1782036741527 -29.532392486932046 
  1506.9198141071297  -7093.858357266383 266.17808861416495 -29.533351685194663 
  1029.7873348991172  -6318.424318196786  266.1805717346618 -29.540166293579876 
  1761.4727230012795  -6430.409027061899 266.18408847128495 -29.535190588110822 
 -12363.839098254326  -9533.285521847722 266.08053113323405  -29.60424293494019 
 -12209.487822242743  -9820.102395298163 266.07948361572113 -29.601844663785755 
 -10805.943320101676   -9635.79903025481  266.0890543130312 -29.594287657326753 
  -9358.750431496655  -8870.965202485837 266.10278195774805 -29.589455124988433 
 -10420.455158378587  -9204.713570604412  266.0942697154966  -29.59415414962523 
 -11005.236868028347 -11555.301206669288 266.07472786791755 -29.585721024823187 
  -7318.653908036434   -10643.5701948549  266.1026450047199 -29.568200612901165 
 -5866.0770423824215 -10708.855975833347 266.11067276791226  -29.55917129753861 
  -5708.576246009722  -10389.01262722957 266.11376644034084 -29.559855527235968 
   -8727.78796609249 -11950.201760687962 266.08546093366095 -29.570002109707932 
 -11227.912637895635 -15115.473123408801  266.0487750070518 -29.568886001319143 
   -9927.32049365861 -14798.386629158833  266.0587400173431 -29.562667860752207 
  -8524.865695308456 -13930.621901260354  266.0730447381282 -29.558676984821417 
  -7297.506552489222 -12821.412039891848  266.0878843519908 -29.556980649087116 
  -6703.442901455869 -12162.843022243414 266.09586944039177 -29.556780402414127 
  -7567.574917508798 -12873.775699171114  266.0859419867911 -29.558332526185822 
  -5756.239636033569 -11733.408007558877  266.1043307859087  -29.55329726838351 
  -6171.608090021023  -12279.31897591958  266.0981799098389  -29.55300092215786 
  -5694.666526786287 -12257.282358665021  266.1011135350924 -29.550257107148237 
  -5770.036225647998  -14027.32944360664 266.08854936511574  -29.54165623595851 
  -4424.017083456061  -7937.055879692233  266.1378795799204  -29.56462632027144 
 -3693.1185398254493  -9149.797995773019  266.1338968860821  -29.55409733986037 
    -4228.1491331243  -9823.036747801361  266.1262203772851 -29.553876398150084 
   -359.682331292493  -8126.926577630693 266.16019382203046 -29.539326155459776 
  -791.4000197167013  -8675.286098281456  266.1539636921941  -29.53912896122897 
   1710.642227751878  -8565.115428974023 266.16928344942073 -29.524631377845413 
   504.6104616103642 -10371.923026684335 266.14998467821664 -29.522685105836796 
  -920.7657913502503  -10112.97954929511  266.1434561634499 -29.532584118157253 
  1899.9504096679661  -9849.297089785545  266.1616655683773 -29.516929229663397 
   1517.720439266583 -10818.265755583578  266.1528517507862 -29.514280859841826 
   2329.423843055413 -11284.943702552158  266.1544127482159 -29.506963481335973 
 -3662.3136380756405   -11734.1399871098 266.11651219718135 -29.540755600753425 
  -4201.974846260621 -12995.038265676832 266.10477018316584 -29.537544381815074 
  -1805.213565100931 -12724.307691924278  266.1205557145496  -29.52454512438321 
 -1525.3286959411528 -13003.462996339837  266.1202778068201  -29.52142812207788 
  -3978.641907574888 -15147.231929623273  266.0913108790547 -29.525143944180567 
 -3166.4563531587905 -13587.846139229769 266.10674335359795 -29.528291980427838 
 -3492.5727258527986  -13669.67417035498 266.10428543810593  -29.52982989829655 
  -2579.412165970948 -15074.193336199773 266.09996932872247 -29.517102217250216 
  2246.7739480896457 -11396.720457967693 266.15316989912895 -29.506890739879633 
   980.7275598858878 -12786.400558084932 266.13632936288485 -29.507414802423185 
  2229.0797804549284 -11871.578676066583  266.1498349446897  -29.50455403205132 
   2016.346732990419 -14483.128066170211 266.13077259453024  -29.49232416042958 
  2759.3022863098518  -513.2977159843567  266.2305258507007  -29.55926344929923 
   1878.076319170827  -899.5753066817304  266.2226324380258 -29.562607802692828 
  3025.3821210316873 -2070.3537007690907  266.2213469527967  -29.54972527816178 
  3237.9899900177547  -750.0269870743995   266.231731161555 -29.555164636792927 
   2351.508674697444  -2894.464651173846  266.2116978554485 -29.549600931563898 
   4952.925530424386  -3751.945136911379  266.2212260766221 -29.529484743060472 
   4225.297177124784  -2179.075263591999  266.2277263932063  -29.54190920849952 
   7300.705797310056  -884.6165907761341  266.2552498108497  -29.52973446907089 
   7632.040833772525  -1595.396163616246 266.25230203141103 -29.524069794276755 
  5173.6264834854355 -3125.8652392165195 266.22685337742683    -29.531327219225 
   5806.720735714423 -3330.5008908321624 266.22923076851913 -29.526423490616985 
   6240.614996538312 -2998.1524298580366  266.2341312323291 -29.525462909495136 
   8169.810648242771  -2927.306502694999 266.24630318893924 -29.513954623859053 
   5060.945807229131   -5527.60664614649  266.2096881192229 -29.519785355760046 
   4475.171935122381  -5907.078976033011 266.20362045158015  -29.52142086208563 
   4034.606762487097  -7241.097487226623  266.1919168806916 -29.517300902135016 
   6384.700809149533   -3997.48301583687   266.228098960616  -29.51948856779373 
   5830.345289263239 -5524.9636050915615  266.2142846000361 -29.515097093347983 
  8108.2321330127115  -5596.799932500971 266.22746476084166   -29.5006939365724 
    6284.22355915726  -6447.010212637262 266.21067491525974 -29.507605400615446 
   6039.467073228305  -6613.185072542058 266.20807860300505 -29.508259041384374 
   7253.438616285522  -6779.065204810325  266.2141960631043   -29.4999327345377 
   9498.115144085694  -1230.362065381782  266.2663363390691 -29.514374309977256 
  10698.821701988329    -305.95762532686  266.2803783975631 -29.511591164333787 
  11139.356342980445 -1649.8516263542124 266.27362843961913 -29.501938837527078 
    9540.53380620206 -2644.3070670868283 266.25668293331967  -29.50688332050768 
   9334.565027917644 -3031.4944556499636 266.25271092575616 -29.506188768876072 
   8714.930924292657  -2857.749551913291 266.25011827601617  -29.51093154467272 
  11932.121446021074 -3534.7464272321627 266.26534372511844 -29.487245858879387 
   11870.18389980281  -1063.030767475144  266.2824075567929 -29.500320806060582 
  12843.288204065828 -1812.4256189709877  266.2832871733885  -29.49027230217079 
  12590.112695733442  -2365.485858538513  266.2777479790313 -29.489052611819435 
  14627.901981717914  -3025.583974648128 266.28617478228364 -29.472475519453077 
  15195.218759205953 -3045.4062784248854 266.28973732334725 -29.468650092348508 
   9955.661150645728  -5406.783195146938  266.2400260602333 -29.490132976839327 
  14261.383622330753   -5158.45471544247 266.26872687887743  -29.46383171908375 
  13035.881263385709   -5842.68250520984  266.2561433542128  -29.46825580779955 
  13723.527202244528  -6345.719767958707  266.2569787996116 -29.461176606609122 
  12649.144444708718  -5961.581457495234  266.2528810202553  -29.47013688919788 
  13752.289262237116  -6441.989122352666 266.25648881246707 -29.460487888185977 
  14171.538680788104  -6508.086580336121 266.25869102929164 -29.457399943697297 
   15085.91086206645   -6961.97913558776 266.26136401890017 -29.448992418782996 
  15061.224781434452  -6523.748374984043 266.26427714050465  -29.45145087877145 
  15403.997734579134  -5640.777780221359 266.27270075089837  -29.45378936719158 
  14967.378560766567  -6473.013756493463   266.264029271784  -29.45233801891456 
   4111.461620663454  -9148.470783637102 266.17938193429126 -29.507081627745382 
   5017.249287401805  -9214.735402630378  266.1842656298434  -29.50120317913487 
   4877.258809012638  -8682.982592087219 266.18706223734364  -29.50478830324438 
  3708.2769461554144  -9934.775315912675 266.17166398466827  -29.50550807205103 
  3304.1315424277755  -9658.557473299745  266.1711731969675  -29.50938604958299 
   2899.803006706648  -10544.04111955365  266.1627846694259 -29.507303415971737 
   6656.423287299984  -8056.726202956367 266.20188337511735  -29.49706755263856 
   6746.592692438461  -8937.732162488279 266.19640147216836   -29.4919803328408 
   7689.639702896074  -7868.014342389637  266.2093502206308 -29.491639753534002 
   8460.340743605977  -8067.333004899208 266.21261620465106 -29.485812614869932 
   7891.140902232119 -10658.685463165019  266.1914658953794 -29.475956660004517 
    3682.38011539213 -12429.750487495701 266.15452523459044 -29.492804181227836 
    3426.03074896035 -12441.920126781055 266.15294213112657 -29.494310310998898 
   5858.121005656513 -11998.486923633496 266.17025125450635  -29.48164464572645 
  3896.7073033651427  -14262.93875716791  266.1432605556883  -29.48194618142808 
   7014.777366349537 -12116.551114135511 266.17628740002414 -29.473837581244094 
   9134.469938982777 -11561.034656460239 266.19273664316995 -29.463417461367236 
   9149.391224326437 -12652.693325083805  266.1853454598464 -29.457579922497438 
   7585.096608356188 -13707.381036322366  266.1687874101829  -29.46190996093244 
   8678.019895275713 -14091.665619707057  266.1726566870785 -29.452956566877866 
   8936.697479924773 -14432.182973316272  266.1718628815072  -29.44949477128107 
   9721.633692402436  -8696.462097773516   266.215923380604  -29.47463744992859 
  10188.290240407476  -7791.948635764116 266.22498375411965 -29.476372467577228 
  12359.099081676968  -8744.703169976701 266.23176330154774 -29.457528156171836 
  11794.642975968884  -7544.888968860589  266.2365625469574  -29.46741957213657 
  10327.363757786456   -9447.58171103575  266.2144433847944  -29.46689328245436 
  10117.014678485608   -9515.12381117594  266.2127006902137 -29.467878412903033 
  10038.181982361484 -10202.037326990805  266.2075063319723 -29.464795666469037 
  11539.665593550897 -10111.011688133527 266.21728509750375  -29.45566054740183 
   12254.23192733724 -10042.062385925976  266.2221568660077 -29.451400539443004 
  13069.777534546534  -8740.715691767411  266.2362132742172  -29.45293156591621 
  14315.185272769964   -7648.27467394207 266.25164483488174 -29.450494374390644 
  14667.364881936399  -7633.377529171284  266.2539901751289 -29.448245842815815 
  13092.473774453494 -10397.970497270577  266.2248914655159  -29.44405244541161 
  14920.078467187817  -9705.029738845604 266.24117020772377  -29.43562470090442 
  15550.803886648491  -9695.163103285116  266.2452580885346 -29.431441196673774 
  14945.982217232093 -10670.645502748966  266.2346264312506  -29.43030334968024 
  10000.436752213122 -11229.463156346017 266.20022803003025 -29.459654274122936 
  12288.769530510019  -12690.41262176125  266.2041151628093 -29.437124313772284 
  10084.518382219308  -14446.73983611176   266.178642382293  -29.44205032644204 
   12025.38669409852 -13401.776970194116 266.19760015301824 -29.435037103619887 
   13288.99715480311 -11470.221934003599  266.2187048435903  -29.43706322436329 
  13580.357250454288 -14292.800843078856  266.2010053614699  -29.41990726552932 
  14908.843405254758 -12795.892544244869  266.2196513382294 -29.419102514366017 
  15258.743297799876 -14167.827001284095 266.21233500185485 -29.409216023819113 
 -11107.223096998076 -16876.061548446643 266.03716465640895 -29.559108774579848 
 -11242.470423768758 -15545.068502197284  266.0456884962461  -29.56677079706194 
 -11177.414334131936  -16742.80388533053   266.037680219163 -29.560219669787365 
  -9485.516513411614  -18069.92989721018 266.03847844809485 -29.543146899582098 
  -8564.593977796505  -17319.03262678183 266.04925642575756   -29.5414891417292 
  -6274.558186807147 -16445.408909180624  266.0688903666423  -29.53223547439083 
  -7607.985807089121 -17646.491990060407 266.05263794343415 -29.534032772575113 
  -7361.938416053345 -18168.243615617404  266.0504328871896 -29.529838550275127 
    -6315.8481125059 -18964.507780957512  266.0510216320408   -29.5193739142106 
  -6643.669625740836  -19893.78934635583 266.04250392612835 -29.516471358308547 
   -4817.68693085905 -19655.765198782225  266.0549915426025  -29.50668780707256 
  -4186.499298625473 -18771.808753994417 266.06492548175754  -29.50752759342945 
  -3879.723992346707  -15337.67673149998 266.09057657776555 -29.523565905368937 
 -3516.8685601436805 -15694.987960260702  266.0902311743837 -29.519534958333256 
 -1048.5594676082858 -15177.865924635955   266.108168083056  -29.50732689316515 
     -2883.731233809 -17727.695404726084  266.0798510169066  -29.50512989193603 
 -1186.7386353675838 -16944.648244133346  266.0951875844306  -29.49895364812959 
  -1413.070682556924   -17281.1111890469 266.09153831054255 -29.498563123637037 
 -1149.4925236156134 -17609.682026205017  266.0907970523587 -29.495237245874442 
   2654.703820890876 -14997.864920086568 266.13096987565973 -29.485731446182978 
   754.1582753364115 -16844.178175928984 266.10719157255295 -29.487670205357954 
   847.1605088906947 -17519.022868819608  266.1030671261525 -29.483542399235827 
  2451.4910244916823 -17571.332119039427  266.1120631173699 -29.473410148984097 
  1136.9846175028729  -18694.74854882224  266.0965929061592 -29.475520599199353 
  1336.4671489582458  -18817.32356072448 266.09690332765234 -29.473638732670096 
   258.0187066260098 -18995.247351572663  266.0893671867466 -29.479313429033155 
  2006.2572678004633 -19380.794769392644 266.09688305005534 -29.466482687176086 
  1777.1540611770426   -19800.4243189942 266.09260910837565  -29.46563920940276 
  4055.4993306652896 -15520.558650275805  266.1355698009332 -29.474361799190333 
  3932.8155974141346 -15845.180705857862  266.1326216436029 -29.473407526082777 
  3377.7748934298265 -16185.639287308453 266.12703467267585  -29.47503881537259 
    4845.38593656486 -15702.862108699426 266.13894520542294 -29.468500819898306 
   6391.697379743399 -15355.498950219857 266.15042372884545 -29.460684792484283 
   5282.005035145291 -15949.790432814623  266.1398098538254 -29.464472072412722 
   3772.108425952061  -17241.51384537506 266.12205954413224 -29.466995749962955 
   5878.733187247859 -16746.904137152953  266.1378263539866 -29.456485643148728 
   7767.942431736688 -17213.769569360546  266.1457505171017 -29.442005199227705 
   9765.156726174986  -16869.75276363619 266.16001681100664 -29.431010673275825 
  3607.4656933787933  -19375.07915801942  266.1062830145407 -29.456559531094605 
   4600.189472374484 -19264.638954608195  266.1128665606318  -29.45093907344753 
   5398.777135832588 -19801.063766470364 266.11380532777065 -29.442971706604766 
   6254.615514806284 -18542.715386712567 266.12760688711546 -29.444420270984494 
   8670.077469740285 -18985.966924349195  266.1388011844617  -29.42649077771575 
   9253.332488729435  -19440.28743989736 266.13910043416774 -29.420162713728406 
   9951.884785247947 -19504.852010724288 266.14281637791606  -29.41521034616152 
  12864.990329259224 -16032.119799946531  266.1845651249891  -29.41516048376573 
  10443.651019759845 -17202.198123750288  266.1617829464082 -29.424761131872444 
  11399.707001511655 -17950.587009975025 266.16234552965875 -29.414307957899126 
  14390.139756359591 -15144.770135225499  266.2001248611687 -29.409759907815097 
  14897.271241134102 -14911.680453705043 266.20490471085475 -29.407586658922597 
  14303.232598165318 -17646.764096033818 266.18219018131094 -29.396359361482784 
  15014.014805961295 -16397.139097512674  266.1953099239285  -29.39850169784912 
  13488.419976884796 -18458.722396768702  266.1715083163139 -29.397353026142476 
    13082.4520993904  -20001.76247864942  266.1582193481698  -29.39130265625333 
  13787.297800364342 -20082.237156989653  266.1619623744416  -29.38595833167702 
  14566.818710225658 -19426.883473120502 266.17136492026185 -29.384320825731667 
   15885.83555356762 -18108.980831669924  266.1888157014803  -29.38264924552443 
  16459.070564683097 -20258.599924164435 266.17729829918636 -29.365906903949448 
  16552.966791083734 -19851.004201249798  266.1807673213605  -29.36765379130255 
     16584.999553077  -19907.46724571333 266.18057071746114 -29.367084602704825 
   17225.99705124652 -1353.4341948893623  266.3155048511258 -29.463889677763834 
  16756.514444006774 -3080.9834412683676 266.29982593643757 -29.458084884507127 
  15486.231434191726 -2382.8314051214147  266.2963904699105 -29.470158155217028 
  15883.016201923796 -2521.2091988613415  266.2980236323392 -29.466817455584472 
  19545.702766625604  -530.6266351242264  266.3377712317105 -29.452278996377594 
  18985.996080170105  -578.8590627928618   266.333427940377 -29.455909972001052 
  19435.080958025665  -910.4966880092976 266.33415389372095 -29.451072443125746 
   19052.27721087183  -1622.459292832066 266.32617954550636  -29.45002241220344 
  16020.663858127811  -5224.308026871373  266.2796645860571  -29.45185357816353 
  15831.514592659012   -4880.79010218134 266.28085838770164 -29.454908179689344 
   17495.33014960282  -4914.760728327263  266.2916428061577  -29.44351639849794 
  16387.829318357944  -6494.769216951063 266.27309291905146 -29.442732355574336 
   17029.83836252376 -6050.3921221149385 266.28046269210375 -29.440722108385366 
  16594.046329268436  -6416.290067720611 266.27499958258613 -29.441752213586565 
  17351.448855097085  -6993.045852740817  266.2759218531966 -29.433554660260903 
  16819.457388932875  -7126.647989030485  266.2714690128796  -29.43647920359066 
  19075.784413138357  -4564.851415029063  266.3049056749119  -29.43445081915667 
  19776.805500639894  -4243.854556500743 266.31210314804116 -29.431220314902422 
  19583.414943568918   -6555.69988189098  266.2940989931345 -29.420326319789602 
  17194.852630536672  -8971.107222325176  266.2609609564301 -29.424106642558026 
  16284.689407172831  -8184.594989966779 266.26054057896187 -29.434510167616246 
  17795.260701019757  -8094.231443726623  266.2710890489093 -29.424646258412757 
   18248.49852189913  -8495.964670258581  266.2712695563227 -29.419344023258528 
   16671.32892298676 -10068.895268500568   266.249863379142  -29.42181867005728 
  19074.679627023237  -9277.223124591408  266.2712890158156   -29.4093089509371 
  20189.036926050827  -8992.849004996522  266.2808848378237 -29.402852258092356 
  20448.133036220403  -9609.677525571331  266.2782850278028  -29.39759564970965 
   17242.01161710948 -11538.525940635946  266.2432992449139 -29.409917219455288 
  19280.226913504088 -11088.857851372402  266.2598946931743 -29.397943215361177 
   17647.13925832983 -13778.111277699074 266.23028912443255  -29.39471733861648 
  16740.849888900608 -12814.759317020153 266.23116108796233 -29.406422536186394 
   19738.46538627543 -11812.395441533074 266.25787911449123   -29.3906165570538 
  19995.346171608508 -11521.542327446028  266.2616643107217  -29.39035604359936 
   17327.59546485304 -15168.341468893279 266.21851923805707  -29.38918728737344 
   18371.60885704714 -15632.498335910088  266.2220258604631 -29.379027128055643 
   18129.47088625978 -16357.937058139196  266.2153711537209  -29.37662316265142 
   19119.77201211234 -17402.200440220655 266.21448589561373  -29.36321411760933 
  20213.848848226018 -14602.867671667353 266.24143499452526  -29.37131922211927 
  16987.189135536766 -17726.473415160912  266.1984521764751  -29.37698814179453 
  20022.320525180865  -18344.53911411095  266.2137830112942 -29.350723660888775 
  19610.363410029007 -18840.905369255863  266.2075548912234 -29.350889119229162 
   17676.40239407401   -19906.3922333415  266.1874994393645 -29.359059807114768 
  19540.907561943957 -19200.694322479252 266.20455291288033  -29.34923645100467 
