\ This script generates Case-2 astrometry challenges. The telescope used in this
\ challenge is distortion-free. Sources are retrieved from the Gaia EDR3
\ catalog. A list of source positions on the focal plane is provided.
\ Corresponding stellar coordinates are not given. Instead, a list of the
\ coordinates Solve the field center and the position angle.
\pointing_ra=134.8344427850505
\pointing_dec=81.12857515378491
\position_angle=56.16671055927715
|                  x|                  y|
|             double|             double|
|                 um|                 um|
|               null|               null|
  18168.479772764174  20311.194790250855 
  16027.743121900789   20294.47254252041 
   9450.997624523112   15855.85428475312 
   9551.431201583991  15719.595511325384 
  10582.022547378354  19432.294845751523 
   9488.362461438655  20431.195364063962 
  1128.7798291991166  16601.942488639983 
 -3297.1097545813604   16478.73454658703 
  -6428.108470208385  17345.946041275467 
  -5891.739024939245  14578.613115635577 
 -11435.946542154363  17396.650653359273 
 -14979.204366927182  16780.512956241913 
 -16211.597756378611  16245.596741617752 
 -20162.279910545694  16313.248854257354 
  -20090.32673628528  20417.305920992538 
   18267.78090000503 -16837.438219699623 
   15286.50493739776 -17106.931092901952 
  10822.320949747891  -20455.16897487359 
   11915.35787278467   -16493.9745839362 
  10360.291086900346 -17280.449116997737 
   7244.088146940076 -18477.610431100322 
  19570.806767698537  -9167.996168626369 
  20111.841274409213  -6735.779803544221 
  20386.002006164857  -4695.454222862473 
  19413.057619763724 -2921.5562990309686 
   19576.16183137531 -14241.625750823017 
  16928.032119586216 -15326.226623345025 
  18194.882871133974 -14450.699204623426 
  18072.199791479976 -12806.819309649065 
  18248.888574671753 -11290.056296636398 
  16296.196216921122 -10415.171845240951 
  18676.846106053985  -9860.882227562095 
  12285.906432062518   -15264.3568238775 
  12487.314989284989  -14667.65218608318 
  12193.976735550144 -12654.577443077898 
   9758.844461916771  -12121.02324745826 
    9144.36747927036 -13948.074715787237 
  7324.1664524661255 -14176.011878814184 
   6937.478972984204  -15015.82118745095 
  7262.0417131537715 -14671.610093777972 
    7612.15510442069 -15339.245075627168 
  6304.8109009187165 -14501.320428637815 
  11349.199768441718 -10915.614083650895 
   9653.750537368716  -8418.323735740081 
  14717.243708289361  -6231.945800135553 
  11104.314547213642  -6983.852019604989 
  13682.309848846062 -1237.2422308627465 
  14871.938647155384 -1932.0772623095622 
  11061.213208663154  -8017.992594676701 
   7200.012627422387  -7314.083485759424 
   4265.737177242515  -5370.865248218839 
   7643.111934507427  -4220.239399895643 
  6627.3761243464705 -1126.0139535208339 
  4067.9411679970144  -2952.373997199666 
   19998.67269196767   4427.170116403494 
   18011.64549077053   6655.935246311306 
  16269.774501041991   4513.579699010186 
  18462.006268393063  7689.9963547493335 
  16368.873891750689   7967.754301243084 
  13867.364297731403   8764.698425517034 
   17200.55835747106  14353.182363595317 
   14510.96808680412  13308.917335049033 
    12337.4505151139   5501.235029222936 
  10631.453671231977   5018.686046494028 
    9584.29570348188   6503.630725601129 
  10322.211388846252  5467.6556259894705 
   4557.519201934973  1056.9131223329648 
  1569.0087456694546  1418.3808200714589 
    1789.35034445745  1329.4102548430767 
  1322.0810982121777  3107.4670604421585 
  12919.289153843883   7115.932325365579 
   9167.806899527384   9549.050912951261 
   7420.218857923034   8861.314351110626 
  6712.1030024532765   9175.673662436036 
  11493.846518015633  13080.463793817971 
    8371.20358536518   10566.99603743201 
   4112.362148826046   6767.891449851717 
   3582.445030849438  8055.1598144518985 
  2042.8246585808722    8339.72716814505 
   5338.540669307645  12954.150253946967 
  2666.9340565918897 -20148.330355401227 
   4255.836311685474  -18783.31891234986 
    2844.22410907421 -18213.770500031795 
   772.5772247590888  -16685.33226995872 
  -5467.833997927262 -18937.776828048125 
  -4795.129702494531 -17290.075864166833 
  -6730.057398654196  -17086.41765616578 
  -7751.090739595776  -19308.18313399442 
  -9192.802464722698 -17602.683969107937 
 -13361.886576873638 -17061.869778064804 
 -13666.425884947279 -16746.366843176904 
 -19273.761713066855  -19764.83137951218 
 -18112.071261145265 -19763.603607810513 
  -19222.15668441743  -17498.91327529879 
   5749.499212803835 -14423.664246104743 
   4750.587086676215 -12719.411920077206 
  2809.9200753261553 -13199.685768422516 
  2706.6328988958903 -12187.044232569158 
 -1361.9111460376498 -14393.428744066816 
  3083.5275552790886 -11339.713816688749 
 -3071.9852802483183  -9042.311239847397 
  -8748.000047506705  -9015.148458156216 
  -914.9909049745897  -7705.509970847584 
 -1016.0854515492981  -7719.307128978086 
  1878.4571773117918  -3108.564124711102 
  2003.1301642576461 -3003.9352541941157 
   2306.210697137735 -3505.6828796464442 
 -1267.8947480731863  -4281.747143475622 
  -7204.852193938377  -6956.296732226603 
 -10225.212568551273 -5464.6904591226685 
  -4766.207606946076  -3519.016697091206 
 -11135.907975892525 -13799.647603542753 
 -11288.320248216207 -11202.337917714623 
  -14819.23016167096 -12159.668592201142 
 -13919.474047052514  -9698.785123859474 
 -18052.433829671285  -15971.07963365391 
    -18946.037872337 -15241.644543434293 
 -19439.279226374463  -9395.235236956814 
 -13473.476625174071  -8066.035425386704 
  -13651.55545299199  -6957.721549613863 
 -13259.274355504296   -6590.74286347646 
 -14421.522873610988  -7289.879813598048 
 -14500.564771047635 -7965.4899320034365 
 -14658.759119335875  -8674.066775861558 
 -12291.203887305275 -1863.9447224335984 
  -14173.01211549805  -2820.311669715465 
  -17569.95599782293  -4678.433781965371 
 -20221.217753233577  -8494.425849618694 
  -19635.23836503068 -2480.0869528409794 
  -557.4869251383337 -469.22852683103326 
 -2559.2176202039273   4138.958997254998 
 -1741.0333657605188   6034.525523508994 
 -10161.392321866882  -36.19565200262913 
 -10816.524450432256   5663.210640440958 
 -1533.3791104960114   6763.905590754248 
 -3985.7594619420724  10021.083047128226 
  -6020.497859349988   8122.337062558275 
  -6041.356039627045   7863.627183879282 
  -6821.817987180592   9510.587019817238 
  -9994.175991638798  6402.6705044600485 
  -11596.94847903331   7788.165473613194 
 -13712.460184004898   9467.993845213809 
 -12452.256325700451  12905.640577659884 
 -12585.745016302417   12347.94476847904 
 -14479.929894336674  12252.687959772766 
 -13454.025939640922  1366.9060834207535 
 -18584.200785302735  -1029.340591737094 
  -18934.67374299711    81.4072721947952 
  -18905.05552872644   888.8921679030507 
 -14899.905314410718   4377.089510053894 
 -15635.233752681335    7038.42277045353 
 -18183.833686991864   9599.019467540973 
 -18712.228754457003   6945.436362846184 
 -20123.168595425876    8748.97627625946 
  -16529.24194688207  10879.952965532217 
