\ This script generates Case-2 astrometry challenges. The telescope used in this
\ challenge is distortion-free. Sources are retrieved from the Gaia EDR3
\ catalog. A list of source positions on the focal plane is provided.
\ Corresponding stellar coordinates are not given. Instead, a list of the
\ coordinates Solve the field center and the position angle.
\pointing_ra=134.8344427850505
\pointing_dec=81.12857515378491
\position_angle=311.82341247897665
|                  x|                  y|
|             double|             double|
|                 um|                 um|
|               null|               null|
   6555.678574412036  -8924.076951054954 
    6361.48551875457 -20252.928046744717 
  -4545.149207308367 -19664.599669678177 
  18329.422322967865    -19125.263771253 
  16910.370952166722 -18045.811383382283 
   19114.24280874307 -14867.794888341832 
  12313.131427017333 -19147.477896794186 
  11392.680720900675 -14699.296484987864 
   18545.94584859513 -13440.585779481775 
  19326.493721862757 -11119.250093855582 
   16747.49806179483  -12431.08297634653 
  15498.625149397876 -11845.913680177739 
  17450.159864673315   -8846.01722763533 
   8872.353143561031  -8602.135158737112 
    8279.87798726081  -8872.967899807225 
    7757.95928362616 -5728.1090595413625 
   5894.943864769425   -18920.2355782457 
   2374.176456974541 -16655.865208518662 
  5719.0733220023385 -13207.293133165438 
   3945.811313886656 -13085.034527421569 
   2861.289749988006 -14786.574130426136 
   992.5786401670163 -15883.038788432747 
  -5156.144339824102 -16452.490100542982 
 -1984.4680344588346 -14634.594782980745 
 -1494.8129439229947  -8375.514336089907 
  -6930.187998985706 -12560.679299449399 
   5153.484823680447  -9796.798148303033 
  309.79689281049633  -8816.148559681773 
  2590.6031448438257    -8241.8920033499 
 -145.65724987767365  -6544.225656636712 
 -440.29185614478564  -5945.984331410522 
  -5948.896064044578  -9952.350985166671 
 -3336.3215766543044 -8119.0121510392855 
  -7876.447659709224   -8242.43978676582 
   -7860.37524758825  -19390.35760510783 
 -15785.723941323671 -19800.472502810284 
 -10117.817462911702 -16798.489958334707 
 -12784.422205465939 -12451.365895154933 
 -18669.015314070763 -16328.307782955355 
 -16045.477080638811 -11627.383781365359 
  -19701.02288988745 -12113.372544908847 
 -19480.098089916613 -11730.659751226629 
 -10039.477216769767  -8714.253765268852 
 -10800.620597216051  -9304.013618019446 
 -15179.028505539898  -8788.448340234452 
 -12010.023048865914  -5226.353643956915 
 -14333.575162903377  -4514.249136007937 
  -16083.01884889435  -8277.971341938088 
  19012.924961351662  16534.902636158513 
   19506.24347703472  16711.340277314648 
  16096.556068195381   -3398.41694242123 
  13207.246484341405 -1524.5220496430002 
   8654.878467748305   -4726.45509005116 
  11017.804139164187 -130.64080772951553 
  18025.593904621895  2444.8365943210897 
  18321.826177179555   3349.997475706398 
  11395.941263099594   6156.385873929614 
  13872.614317499543   6753.846094077028 
   7779.000772830907  1525.2893880827148 
   9405.891928120893   5016.413473692105 
  4079.2900217332567   5988.889778313434 
    5321.58053424262  6505.6647988830255 
   4271.532262444305 -3043.0045112533703 
   2502.347947052895 -3017.9155042769808 
  1396.6732422590119  -5277.627751809121 
   823.6727385920233  -4864.554574914584 
   2125.639377117689  -1667.075699485962 
   1915.247256988165  1352.5875502850843 
  1066.6451093607902  -810.1065136302193 
 -1667.6767190657656   703.6606618386978 
 -2360.1967686018083   730.7055249566199 
 -2352.4689680776696   813.7567370104725 
  -8298.851463519948  -4664.831770690953 
  -7769.544902937831  -3631.553932521123 
  -5939.976443903499  1225.3925856646194 
   3025.657801484643  2768.6383780483056 
  3076.7240841638513    7010.17649827808 
  2226.9044491303102    7643.29577289029 
 -2703.4849522614218    6254.16695128512 
  -5991.838547526678    3809.29276543938 
  10034.674677302897  10455.738034143646 
  -8733.272040132162   5619.330293314906 
  -3960.761632319128   7527.826380411259 
 -10871.459592239275   6640.466881325988 
   16260.85829080827  11659.207946809871 
  12867.218677812196   8635.464093139031 
   13582.10370202776   9123.227214388462 
  11957.376199849166   9648.759953505174 
  12003.152277317202  10461.396565489307 
  10931.184585243886   11221.30978137888 
  10391.436442729058   12133.20428767762 
  11482.096740948964  15209.825811843684 
    8921.53795036025   9592.126896866477 
   7680.483884074981  13086.986738178928 
  14221.370288145892  18209.063965468184 
   11940.73915248152  17300.345251916784 
   9284.623455100036  15826.208296413803 
   5538.304059513836   16687.45925969779 
  1776.5285933841183  18317.979067168544 
  3923.7162588101637  20238.076348470106 
   581.8737682966005   10462.81971786856 
  1526.3277068061623    15857.5797685407 
  -2253.783140996419   16257.83769846329 
  -2738.305949592544  15139.199696807731 
  -4498.158082981702  10070.421294072685 
  -6004.031990969166  11142.379571788582 
 -10954.616411333815  12643.260198025568 
 -1780.4742715581722  17969.119288630453 
 -1617.9476869470075  19492.380812959454 
 -2519.5026632666304   16976.75704468373 
 -2579.4295891078914  17007.751006422415 
 -1586.8006885214445  20093.621280168634 
  -7055.919851438947  18250.864553801803 
  -8123.780073621711  19726.845787199418 
  -10347.91757367303 -3804.3761438353263 
 -10914.820597601045 -2736.1548592675304 
  -14427.44544024407  -4104.592854150744 
  -14789.97756583923  -3143.105510483368 
 -10934.508817598771  -719.8231304686751 
 -17989.243265233417 -2850.2404840922404 
 -18377.646315529586   -2168.03230693619 
  -20267.55574579966 -3105.9948382264247 
 -13796.115528693821   3079.845089830637 
  -10618.58700765002   4793.987167503367 
 -14097.001886086498    5799.96302078954 
 -16677.226574771576   4248.169772276281 
    -20004.130369606   9619.377661166276 
 -14768.648395525774  13429.903152717128 
  -14830.78443385615   16336.98583396371 
 -18272.456084068974  14816.188350259572 
 -14479.756375663375  19601.128001911336 
