\ This script generates Case-2 astrometry challenges. The telescope used in this
\ challenge is distortion-free. Sources are retrieved from the Gaia EDR3
\ catalog. A list of source positions on the focal plane is provided.
\ Corresponding stellar coordinates are not given. Instead, a list of the
\ coordinates Solve the field center and the position angle.
\pointing_ra=134.8344427850505
\pointing_dec=81.12857515378491
\position_angle=7.410417946488881
|                  x|                  y|
|             double|             double|
|                 um|                 um|
|               null|               null|
  -7350.679926367549 -20454.379761418742 
 -18785.196405799874  -20277.53845032036 
 -13444.486639157634 -19206.514197278266 
 -15142.551796911235 -18205.802222464205 
 -19760.117167289667 -16666.788269325796 
  -16719.75711791613 -17402.719589024622 
 -12068.341205876392 -18354.581990242612 
 -10113.995630194366 -20276.697398049208 
 -12512.326023211908 -17660.115991614253 
 -13559.763293891472 -18018.510138243095 
 -13544.108985659928 -15202.293664003117 
  -8564.716234269637 -18039.045845242304 
  -8500.325218379783  -18370.47510337733 
  -8734.200993808447  -17855.71944061461 
  -7078.994540505776  -16482.49171971527 
  -8115.898296654869  -15870.05198175279 
  -9050.892287113553 -13970.369219338318 
  -8797.992202907562 -14248.019907648064 
 -14760.282237310466  -14692.80716148515 
  -17471.19557397111 -10850.522148696653 
 -16294.977355699148  -8997.119733801752 
 -12656.238330711805  -9696.003495317196 
 -14415.147291986908  -7093.088660739248 
 -12576.448188829147  -6962.494461769812 
 -11734.952203253737  -5543.021278298554 
 -16549.799921597885  -4910.628939947707 
 -19692.510867492016  -5327.778974847887 
  -20006.01665403577  -4235.763785070632 
 -19262.919568898058  -2894.011886182864 
 -15034.723446736967  -6393.213554549382 
 -14942.422150422177  -6315.072869343607 
 -19694.426418292693   2544.984808967844 
  -19379.61797225303   5281.644504229192 
   575.8804954482871  -16886.43307211166 
  -1445.120506741098 -14028.512891243008 
   56.05798116573217  -16296.84688458177 
  185.55329036535733 -14060.659896309984 
   10431.36997892181 -16888.267380763602 
   6548.724755292349 -16777.971445212108 
   9346.199375159427  -15701.86036957941 
   4324.608175415349  -16078.09505907269 
   4569.330795870688 -14304.593047203907 
   7740.318997906259 -14243.109910170717 
    7629.70632138865 -11391.967125046018 
    6987.95299158578 -10362.694264010806 
  15920.222957877084  -17711.83019911422 
  18622.342215005687 -17889.059051770262 
  13468.762778467972  -17740.38285885112 
    13328.9587408868 -17394.489182016398 
  11376.580436979302 -13991.199214986256 
   9771.852467658711 -13065.450966960085 
   14667.01284901772 -14853.712700327722 
  16883.924134926634  -12043.43913814235 
  14736.865790785503 -11242.670456350847 
   9655.717029228486  -7511.639199696225 
   9018.830024288569  -5572.584739449008 
   12001.93504280696  -7305.147692357798 
  15402.979688275936  -8288.640473627911 
  14643.648451641988  -7501.057384955378 
  10292.294377669188 -6036.5568673629205 
  19028.382505689886 -11056.814647016561 
  19712.345913597554  -7998.545018411798 
  20412.199199551313 -6132.3007233886065 
  16937.924764727966   -276.458068072708 
  15970.812026986092  1051.2931842449273 
   17776.11983602405   462.7522102228751 
  -8303.230048168982  -11821.35021518492 
  -6007.511644771713  -9943.073748321498 
 -1544.6396973218443  -12851.72964772458 
  -4921.443040077695   -8615.99472002661 
  -4958.320810655179   -7435.70478733296 
  -2467.223803917139  -9375.774812050784 
   -8943.90838860777  -7928.691885472822 
  -9580.359127619278  -6627.045607751656 
  -8668.434730705565  -4870.559924314425 
  -9918.799207286518 -3021.9013729884773 
  -5631.825821819922  -5547.869254161539 
   -4293.66465503543 -5777.0820248302425 
   739.4145470521609 -11395.895091554063 
   1164.273441598155  -8999.924129850251 
  2056.7994585096753    -8808.8391662008 
  1146.6552599175982  -8786.028778789398 
   1818.026292541141  -8015.665779414223 
  -2386.258746555674  -6154.679626075789 
   623.0093462455874  -5409.255176777365 
   5243.767033249064  -6287.283275364827 
  1391.4183788989271  -4041.589647064902 
  2484.4980381063115 -1470.5319369589952 
  -4684.774446949817  1510.1294129171908 
  -4113.613786934779  457.15107354145647 
 -2579.8956969259507   1984.826008832758 
 -11257.710728712098   2674.118091424934 
  -8905.859599464577   3475.924182307374 
 -15091.624044160368  2844.8001443622734 
 -15828.875286932007   5047.054870461535 
 -16773.208913713563   7609.143020958615 
 -15875.458904905912   8287.089246300293 
 -11820.622952035084   5060.947442294107 
 -11593.373587749455   9432.775902160112 
  -5932.609145858706   5584.949971564694 
  -6590.027802030609   6374.992485397007 
  -6110.773783045584    8246.67094012764 
  -4804.410379035014     10481.498985947 
  -8274.121083767885  10653.723844471158 
 -11702.507732129508  11578.857097832284 
  -9655.755512947933  15452.335276776696 
  -4874.687388274457  10769.037141560466 
 -6793.8023952466265  14633.622531361589 
   8390.611467398825  -4713.965389632534 
  6643.0466801782495 -3506.8071695903714 
   5784.302406088859 -2355.0949231743994 
   8326.380124297672  -2901.002128341058 
  11142.931260519275 -1727.2591530976565 
  2702.7048552037154   1848.858323788771 
  1484.3459663469496   4953.388702357729 
  1523.8581096539356   6412.614980115019 
  1642.7969988664659   5974.123308504685 
    7713.10019142186   4514.898344855102 
   5876.022317443387    8454.95937865249 
  13812.916403558971  3984.8851456840343 
   8495.797594155627   5902.761757329781 
  11640.697777439314  10025.809116647148 
  11579.003117230131  10034.380980421169 
   9923.909742099144  14308.540372335032 
  11491.807636602787  13185.672223247439 
  -2595.805742628891  11193.154030475413 
  -699.6430099827927  13567.333643404823 
   2449.511779984245   9878.409114941727 
  2635.1729641822203  13751.959126621192 
  2388.5830458476644  16823.291004890096 
 -1939.5587567363145   14117.95486457836 
 -2553.7417960773246   14910.90547509885 
  -2964.992873694088   15560.09379207224 
 -2549.1028755324514  15554.671251795407 
   5178.153859523688  14659.426440604611 
   5980.178970246681  15537.038337924585 
    3685.90269849105  15007.657551976728 
  7252.9993054070055  16065.092603596315 
   9077.340553332404  16994.569808575063 
   10002.42231095327  18503.990916276674 
   7397.634977908354  19003.881426741893 
   6205.248467500947  18834.244832041742 
   9007.023196885777  19694.184395543158 
  17931.355837971343  3120.8710928043683 
   17474.32391019956  7138.4865221264645 
   16425.76427942412   5957.259464105709 
  15985.845920777974  13643.192563170676 
   19511.41571704249  14511.446874880114 
  14979.273381926878  20454.232759082573 
 -19659.935553009804   7649.936876315182 
   -19710.9149163057    8443.91366856858 
  -16936.51851204193  10503.231661256394 
 -13016.739068781557  16584.237983357016 
 -13373.594910029657   16787.20332472136 
 -13624.224270882061  16916.418638641277 
 -12887.714376333886   17984.76248170789 
 -10111.616517655544   18321.18200599567 
  -9356.275977900577   19123.88881207077 
  -8389.663325935719   18113.38646101054 
  -6773.732996414769  20413.746314205142 
