\ This script generates Case-2 astrometry challenges. The telescope used in this
\ challenge is distortion-free. Sources are retrieved from the Gaia EDR3
\ catalog. A list of source positions on the focal plane is provided.
\ Corresponding stellar coordinates are not given. Instead, a list of the
\ coordinates Solve the field center and the position angle.
\pointing_ra=134.8344427850505
\pointing_dec=81.12857515378491
\position_angle=109.52720746543358
|                  x|                  y|
|             double|             double|
|                 um|                 um|
|               null|               null|
  -19681.50985687648  15662.604293860291 
 -20123.245963488855  14626.249389006356 
  -20034.79006418023  14837.957574277048 
  -18028.42678700191  14196.054514757263 
  -17336.12589267349  17030.538226864268 
  -18293.81498140237  16980.897187123046 
 -15675.083561262338  16125.240637614474 
  -13707.22388950691   17351.57758972842 
 -13781.824346143616  16731.214241196107 
  -19412.23625395336   3333.186088242697 
  -17889.23237601247  11464.192302997626 
  -19667.61789925278   9769.643538593573 
 -19132.613292274713   8270.426654074288 
 -14508.900710336116   8851.190015378004 
 -15300.976570169229  11427.638100553693 
 -13548.887618016317  13137.175936411099 
 -18770.248736202095   5202.267431065474 
 -13783.329219299265   4593.584679888695 
 -13363.353976004299  2603.0352534219396 
 -11480.830584888328   3186.566609797733 
  -9635.155581033201    8635.87588886187 
  -8299.513445260267   9936.859145793713 
  -6841.856182847436   8873.407401077648 
 -10874.244282630403   4404.712628700872 
  -8787.940655626338   4480.957269022687 
  -7586.567718837602   3886.444291088703 
  -9314.725660429935   19128.97860465913 
  -9371.299848149216  16274.582182685666 
  -9161.640994898296  16215.994369836639 
  -5245.407711644832  17619.749582852124 
   -6479.98381384665  17787.481201429116 
  -6898.953470065925  13098.482089127285 
  -6872.600791488249  12962.204822972262 
 -1244.0447543841653  17921.298010462222 
  -466.7964892828453   17064.82903266546 
  3658.2184802548663  18026.819817764757 
  1586.2430210817847  16314.040445929952 
 -1666.9157655307977   9778.882849851942 
  -1686.661352133104   9738.731361229035 
  -538.6486181313153    11279.5594474529 
   761.7071166293292   9381.099866080143 
  3187.9397300356204  11971.630581532361 
   6114.592186728645  14933.842711624475 
   3475.286317120795   9221.750176880156 
  16328.697229000876  18674.327441524965 
  17501.914358022423   20055.16531800554 
  14387.213975513498  17105.343013528505 
   14986.64489236646  15366.770954745472 
  10735.212338089417  12936.635325794134 
  11891.934818816808  12608.268185891897 
  17314.958748275574  14573.797562649092 
  17772.564586635897  13019.178767139438 
  18265.330616806295   17716.90196607245 
 -18222.433872836387  -4460.765084399678 
   -16973.6930782574  -2135.632204028738 
   -19411.8756919745  -5524.151912538993 
 -16298.011404834191  -4162.363857921944 
 -19662.602603441534 -11332.380612313702 
 -19377.110642383428 -15484.202956770298 
 -17332.630019575474 -14074.768176699865 
 -15235.308840081132 -10251.242790045246 
 -10057.264040918295  -11006.28321899559 
  -13928.87761114279   150.5069971902132 
   -14477.9939934943 -2713.3913626585154 
   -8754.29688125593  -4579.531491156218 
  -7881.862938834614  2003.6411883688231 
  -7208.531233881663  2351.4512710945337 
 -1820.0022634364636   2814.964651802294 
  -5888.746274371308 -1481.8898013645646 
   -4617.48618610567  -2969.111021296368 
  -3297.888108584426 -2372.2380796662446 
  -7496.327104667858  -9006.212560755617 
  -5790.506321159865 -10548.098300196105 
  -6359.144863425582 -11489.720349486204 
  -4199.844250358717  -9634.083864654207 
 -3053.0270712746074  -9355.569187462284 
  -4311.034886170673 -3961.1354573654994 
  -4808.129571863851  -4855.336341140226 
   -1388.64668578116 -3217.0190417706526 
  -682.0871635793592  -4489.266928417655 
 -199.43847206477832  -7441.469325321583 
   3876.943100644263  -7678.858670631561 
  -19290.76773428558   -20175.7194363702 
 -16884.018085329015 -17297.486280532936 
 -15152.184942828098  -17721.32861325683 
 -11375.904914690414  -14877.37471659882 
  -8757.614397106525   -18589.2433986756 
  -5399.755545590697 -12525.711916352899 
 -1268.0057156162195 -13197.807231765746 
 -2959.7609488347143 -17694.364059609758 
  -1284.901698754777   -17099.1665500003 
  -969.0845526719836  -15106.25410924337 
   307.1851747710813 -13355.409420561904 
   5718.454190301718 -10380.657064400435 
  3535.1235469721814 -13312.772351809082 
  5582.6982928467305 -19247.712129605003 
   8897.610383470825 -13241.844117740913 
  3752.0975902275723 -19563.460779270452 
   9038.162736909168 -16025.112541264454 
   7373.689745645614  -18748.39423505639 
   11487.78846539032 -16824.264033208325 
   4682.081701026951  1627.6178993681829 
   4833.994049899814   1041.035510034002 
   7944.108587186756   7340.242579872467 
   7458.962043479403   5208.635351082488 
   9726.026035562529   8760.854588990349 
  10985.350727807076   7094.220547160526 
  11180.014148008706  3281.5271194963116 
   4136.496990518963 -1556.1173780729844 
   5707.072963225195  -627.9681440317698 
   9121.910482649691 -2392.5745671588093 
   6831.377211072778  -3494.193983720686 
    7026.40201542976  -6607.986166150701 
   14130.37586773932 -3070.7115577432196 
   14358.13933869504   9183.737543607265 
  14665.212226177271   8811.522992483091 
   16811.49268078077   8953.787212578525 
  19037.872780243168    9926.32944480741 
  15948.905152389885     4760.7997388002 
  19237.575515302724   11878.94378899163 
  18341.067936323823   889.1281945153941 
  10130.316033076568 -8084.2963924581845 
   14309.57695051566  -11006.98217549432 
  18159.334280912717  -5104.613412916348 
  17628.650769563916 -10461.827111458735 
  13283.105237641505 -15528.827061061025 
  13745.835383137772 -14684.411232205031 
  17966.513013435844 -13410.751161912445 
  16481.369103252488  -17941.26385527079 
  18896.132246429534 -17667.462421516484 
  18999.098338541124   -13518.2831770937 
  13302.173297741578  -19936.48467291594 
  15524.405675497192 -19908.209457332723 
  19145.617410061794 -18005.679415135364 
   19861.58480068831  -18742.76965730351 
