\ This script generates Case-2 astrometry challenges. The telescope used in this
\ challenge is distortion-free. Sources are retrieved from the Gaia EDR3
\ catalog. A list of source positions on the focal plane is provided.
\ Corresponding stellar coordinates are not given. Instead, a list of the
\ coordinates Solve the field center and the position angle.
\pointing_ra=134.8344427850505
\pointing_dec=81.12857515378491
\position_angle=76.44207984417942
|                  x|                  y|
|             double|             double|
|                 um|                 um|
|               null|               null|
  18496.611834946496  -8958.433814539198 
  18159.898565616422  -7389.953268250143 
  20003.717501884803  -3344.640288385513 
   18186.35484085957  -5073.434933911403 
  16100.142933682522  -3885.909395662803 
   18831.21988958058  2374.1766890978447 
  20180.548888887268 -1348.6880557234933 
  19250.417308538697  -750.6256375242223 
  14739.876343750671  -909.7640269829152 
  14532.126338013843  3809.3085977214623 
  14308.488546267417  3700.2750505905065 
   14120.98130908545   3464.860249534128 
  20164.606902217878  14163.691056590073 
  19745.051376600946  19212.379911650663 
   16017.26440998933  18104.604754963777 
  17856.382760751207  20443.178200246177 
  19512.396560690722   7657.295915592428 
  16897.107544871065   7038.254393900648 
    18925.5126455739  10351.990703387071 
  18899.855152514254  10024.723994529295 
   16317.18157917953  11916.000723140509 
  14828.582208838961   4415.896804402598 
   8672.522724990755   5611.639258108322 
  14031.586291324833  12789.736999177341 
  12207.690537063547   18534.15485514555 
    9724.46756133843   11060.74230389903 
   9303.220524166405  14308.970819057573 
  10714.324348827224  13062.433608539812 
   5869.325022928234  12899.669076261654 
  3426.8652871875047  15415.365239505849 
  3267.7743791054663   15844.92602620622 
  2704.5336071027023   16963.15823140735 
   19482.11131730179 -19661.883046124974 
  18913.020843832433 -17971.246423420165 
  20385.354492078182 -14433.904887574647 
   18733.46928333729 -13124.127006779936 
  18960.484602441826 -12228.620325732245 
  15071.940955962884   -16073.1509808224 
  12314.577398835027 -17408.611841096612 
  12305.504459046604 -16636.997972762034 
   11902.63409914652  -14005.98342263639 
  10515.266655545418  -14612.60159688772 
  7852.8241052601725 -17506.002167706883 
   8764.996164110438 -15537.089503174966 
   8086.612140640462 -15453.296857517045 
   7477.435328957163  -16458.59271657894 
   3664.132999424119 -17061.821471461986 
   2822.745216206615 -19644.447216176493 
   2821.272594677661  -19151.21661787051 
  466.70266378425424 -17052.991911355864 
   18647.84906132102  -10983.37193187841 
  14715.691992991688  -8422.932635070692 
  13338.244978413715  -9963.009173884213 
   10790.06926747439 -10354.046274299497 
  11556.861506711732  -8249.335089081938 
   8479.351996306541 -10529.868155043596 
   8072.846084449001 -13586.468295046665 
   6886.790031366059  -13190.90533283086 
   7310.629447589286 -11615.791427039356 
  10854.632184395872 -2000.8019854940444 
   9996.436559514123 -2549.8225258608727 
  10818.676446017953 -1994.6013403462332 
   9865.215127698204  1203.5071461809523 
   4316.336343999843 -1363.7000965895434 
   858.9633603240463 -3245.1049673700404 
 -114.04300189608622  -4373.003740148619 
   99.77669684722356  -822.8686491638801 
  3104.2530160451197 -12714.361121867036 
   870.6675742783824 -13006.476649859305 
  -937.1453170600696 -16089.239877223896 
  2964.1648431459976 -10995.414729945558 
 -1770.3419259052073   -11149.6427368597 
   -4293.36025987209   -11316.7330136636 
  -3587.503271128592  -17827.63066758238 
  -4911.489332168883 -15241.350690989611 
  -7462.818098946017 -17349.748230281428 
  -7198.104615091699   -6628.99164710982 
 -8013.4360501533365  -5792.474318505124 
 -10253.318357925362  -5984.195318417543 
  -9008.931821445196  -4273.969555298349 
  -9042.569484047011  -4964.571452142117 
 -10862.119926508245 -7709.6060118695605 
 -11523.436000458472  -7565.568411523149 
 -12798.585035320022  -5096.076193851327 
  -8738.971827320862  -19091.19371652299 
  -8500.499154931416  -18175.71467798209 
  -8287.602752619605 -17693.536174678444 
 -11658.754429522018 -19487.792138499284 
 -13456.835360826924 -17182.567065708292 
 -16345.816470521173 -20464.018569291293 
 -18097.825031776236 -18590.800036784138 
 -19283.537768722756  -20135.89768747511 
   -15070.4166320674  -9948.195012287728 
 -18829.440444376498 -10791.413777883648 
 -15327.976019387197  -6634.237241957421 
  -18265.76559010154  -9319.407008564278 
    7140.33199930024   2444.297430810844 
   6998.854394642866   4038.679266788803 
   5594.778237073613   5888.524551192504 
   3875.321967030956   7001.693095293286 
  130.00855422651975  2931.8237366113854 
 -1985.9842139776538   2163.836418586805 
 -2041.3009865581341   4724.346352968681 
  -2705.148661702239   2774.145429860577 
   4276.639904526761  10209.833242140341 
  1246.9411159694712   8776.767893277882 
   -563.289816934819   7660.847716176349 
 -2105.0852479712366  11000.355915077247 
  -4162.619689035692  13191.068081879519 
 -3609.7772621606114  13907.610446982178 
    -6129.3843350527   9582.066945521594 
  -6350.270118513943   9842.747941428408 
  -7514.164595205603   4852.708041199526 
   -9813.85224569826    1652.09899066054 
  -8980.104053577314  1818.0127409698393 
 -14139.543428414529  -805.4707345244477 
 -15834.377782521797  1349.1129971910996 
 -19687.564000942613   655.7051075919455 
  -19131.38364258703  1620.1007001819132 
  -9541.314028522424   6308.521611326624 
 -11931.419882509532   5143.063099996002 
  -14490.03064987468   6411.776227026148 
 -11615.304343302143  11412.560394318632 
    -11607.468883701  11339.265380053852 
 -16694.479629798934  10061.889478691193 
 -15452.047019186963  3035.3964939771326 
  -17228.56447324929    6722.53195123089 
 -17333.823276817984   8562.422176563747 
  -484.6749648663646  17603.434457901792 
  -98.14692097013959   18229.37538941214 
  -3856.416146037622  18327.710321460476 
  -6199.777615144153   18428.26311566646 
  -9366.005615545004   17574.48865275117 
 -11887.738191880833  19492.159320436225 
 -13252.052397964175   16705.07766519744 
 -12630.063062164061   18850.02118520732 
 -15162.641673034112   18607.62627632581 
 -14858.908949802408  18599.466045072764 
  -15343.05409599886  12635.757647777911 
  -16316.69017514313  11068.236956598172 
 -15581.979463056128  11238.226770652123 
 -16370.097790288657  13266.779375761687 
   -15913.0053030327  16524.241556703495 
  -16894.96754622267  16560.736499595747 
  -18205.43029622115  14911.936260615794 
  -19029.09117450175  -4775.821958566182 
 -19719.452830794613  -4600.796930319484 
 -19184.467682811926  -1497.172163524551 
