\ The attitudes of the telescope.
|field|                ra|                dec|                pa|
| long|            double|             double|            double|
|     |               deg|                deg|               deg|
| null|              null|               null|              null|
     0  265.9933490507964  -28.54845158609349 301.01269879680007 
     1   266.112864807325   -28.3758961646642 299.63915655774827 
     2  266.2317020963512 -28.208652937449965 302.51673247920206 
     3 266.34849029058614 -28.038810051089403  302.1692864233863 
     4  266.4692509993838  -27.86691847783068  301.3297979085649 
     5 265.79959638813756  -28.44539520401263   303.429753384687 
     6 265.92042926882056 -28.274577524729676 302.58216109146065 
     7 266.03766547518154  -28.10054908366176 300.14492917845183 
     8 266.15371976314844 -27.933030489589992  300.9566296787871 
     9  266.2732746058315  -27.76175024829153  300.7373686728278 
    10  265.6100602313475 -28.341593371987074  300.6399115030716 
    11 265.72669892514483 -28.170318860672694 303.29671044833754 
    12  265.8437284967259 -28.000968530141126   301.795039721692 
    13  265.9661247047154  -27.82803768707277 302.82746289656086 
    14  266.0826533783998 -27.659031303252533 302.12640261866915 
    15  265.4137635606165 -28.233880260601563  301.7341012293959 
    16  265.5319785005361 -28.064181636072043  302.3264298189269 
    17 265.65468024862565 -27.892866875712457 303.79733251906214 
    18   265.769186238954  -27.72616735989714 302.25261635089043 
    19 265.89014824721875 -27.553678583571113  301.4561768940486 
    20 265.22058498722686  -28.12894128493206  302.5139012414269 
    21  265.3412634511356  -27.95832992022571  302.5638990198391 
    22  265.4586541490145 -27.787487070796015  302.2939279863295 
    23  265.5785997829043  -27.61992575675579  302.4115927495291 
    24 265.69773732472123 -27.447814465003045 301.78162652771465 
