\ The attitudes of the telescope.
|field|                ra|                dec|                pa|
| long|            double|             double|            double|
|     |               deg|                deg|               deg|
| null|              null|               null|              null|
     0 266.11923026752356 -30.100609936882954  301.3205789668302 
     1 266.26911316640945 -29.886059567767724 302.27857248808516 
     2  266.4205721433415 -29.673078788478232  302.0735165771799 
     3   266.568377618292  -29.46129316311268   301.190195970167 
     4 266.71728847145914  -29.24696989501214  300.4308480797206 
     5  265.8756676618717 -29.968373110843583 300.44599020055233 
     6  266.0235842893781  -29.75529183711621  302.2112816125468 
     7 266.17475405079574  -29.54345785286975 300.61575570310606 
     8 266.32508616349367  -29.33138124163344  302.4148806429832 
     9  266.4743682796696  -29.11837391449732  301.0461283553986 
    10 265.62833811707145 -29.838585061913044  300.9612615254955 
    11 265.77857587129023 -29.625596963254054 301.20157444750555 
    12  265.9288367379421  -29.41368282091607 300.18594082555694 
    13 266.07955659131767 -29.202543689647072  301.3463475808201 
    14  266.2275989178494  -28.98581011932739  302.3450066031193 
    15 265.38244780100877 -29.706957506061947 300.90305562733664 
    16  265.5347296578041 -29.494673816451748 302.15153616314905 
    17  265.6841123640336   -29.2825482589563 303.28670927669094 
    18 265.83539545322367 -29.069123903228864 302.36880932898623 
    19  265.9852873702302 -28.856766506910535 301.61712728366416 
    20  265.1396639712116 -29.574855582619207  302.0501641736254 
    21 265.28909655584465  -29.36071855987957  302.9087682807936 
    22  265.4449438059172 -29.148187928630232  302.7429932675134 
    23 265.59012397169306  -28.93596285249787  300.9892833596442 
    24  265.7432291041712  -28.72665512516159 299.59722623070536 
