\ The attitudes of the telescope.
|field|                ra|                dec|                pa|
| long|            double|             double|            double|
|     |               deg|                deg|               deg|
| null|              null|               null|              null|
     0  266.2066292283625 -29.373090208866852   303.363423375201 
     1 266.29724511370534 -29.245292644845435  302.1100550580612 
     2  266.3829540233871 -29.117588405167865  302.5705125622351 
     3 266.47221859194366 -28.989232590562608 301.78155320696624 
     4 266.56146410855536  -28.85850525398882  301.0804259756045 
     5  266.0593400282336 -29.296006546325582 300.75399667893845 
     6 266.14816879862417  -29.16648114819852  301.8029339238698 
     7  266.2390737971533  -29.03775805790373 302.93537631369304 
     8 266.32399103272087 -28.909140158480156  302.0661868407033 
     9 266.41789941384616 -28.784578821414442  301.8774965170949 
    10 265.91118013669757  -29.21560079350855 302.11544992805176 
    11 266.00346645732117  -29.08882770489692 300.08183081567694 
    12 266.09067358814315  -28.96023915159537  301.7678841291271 
    13  266.1805358032338 -28.833829943420493  301.8951073039769 
    14  266.2702417269094 -28.705503823415977  301.5242434464149 
    15 265.76469188616187 -29.138175799602614 302.27441760738463 
    16  265.8557678228215  -29.00740593516681 300.29071460700203 
    17  265.9447465987341  -28.88249518522654  302.1381514970481 
    18  266.0311595060236 -28.750595179225055 302.15261252769295 
    19 266.12507287972767 -28.624154941770254 302.18704682216276 
    20 265.61886368515155  -29.05797496526632  301.0117160861209 
    21  265.7108775380731 -28.931260380591645   301.820448801136 
    22  265.8049079224099  -28.80165936591852 302.37804847497426 
    23 265.88957727113416 -28.677627407239854  302.7387174698683 
    24  265.9813817695756 -28.548368846157988 300.88911699218414 
