\ The attitudes of the telescope.
|field|                ra|                dec|                pa|
| long|            double|             double|            double|
|     |               deg|                deg|               deg|
| null|              null|               null|              null|
     0  266.9876224530272 -29.512929776961865  301.4725154513809 
     1 267.04882063475685  -29.42541221613721 300.27811541109236 
     2  267.1044638463829 -29.341095748272217  301.3893035422796 
     3 267.16412301418137 -29.255749293433976  301.1297134177361 
     4 267.22604405444395 -29.169142362115682  300.6760604648559 
     5   266.890915736273   -29.4622218761481  301.4591240378444 
     6   266.948831042782 -29.374813483428312  300.9010871573513 
     7 267.00731527423653 -29.291510506685746  300.7653897081488 
     8 267.06665288531894  -29.20496861112369 301.48427904427905 
     9  267.1274898943611 -29.115877532492366 301.30928248232493 
    10   266.793569753453 -29.410388687888812 301.18433564894326 
    11  266.8471421981608  -29.32154170833328  300.9931497939757 
    12  266.9100815934609 -29.237491322952387  299.9869824153547 
    13  266.9689408996805  -29.15034095792317   301.918924114953 
    14  267.0255119739632  -29.06670408583426 299.69942349335594 
    15   266.690389610567  -29.35478709027279  300.2709451643477 
    16  266.7517724259474  -29.27217101389345  300.7286955288211 
    17  266.8103936429913  -29.18784506812044   300.141988008603 
    18  266.8726967802041 -29.100607204842916  302.7246630434749 
    19 266.93004556363763  -29.01610254644679  301.9611366215152 
    20  266.5935329833633 -29.306430521019667 302.61605247741676 
    21  266.6528218613114  -29.22145914361297  301.5403888622588 
    22  266.7161692727984 -29.134171549686116  299.9297691430418 
    23 266.77321317665877 -29.047873535525042  301.4735652634969 
    24 266.83364168111865  -28.96325801245648 301.42660598168305 
