\ The attitudes of the telescope.
|field|                ra|                dec|                pa|
| long|            double|             double|            double|
|     |               deg|                deg|               deg|
| null|              null|               null|              null|
     0 265.73458588300844  -28.91975202309756 301.49276837613337 
     1  265.7638007712661 -28.878222902872814 302.47980494296854 
     2   265.795004727432  -28.83672087601031  301.2334521516077 
     3 265.82538973758824 -28.794391982286285 299.76850181938687 
     4  265.8553784925039  -28.75391617590441  300.6540893123805 
     5 265.68901219264984 -28.895620257316484 300.33665266352955 
     6   265.719089704203 -28.851242295494075  301.8014604576693 
     7 265.74712241496616 -28.812363183640368 301.83089019231926 
     8  265.7760988876756  -28.76883530970632   301.104884396373 
     9  265.8080950910715 -28.725993532918974 303.54191570091757 
    10 265.64038836870634 -28.869798066855857  302.5949920771084 
    11  265.6677231603252 -28.827789518828027  299.7990770536067 
    12  265.6976756288015 -28.785410411564357  302.4822531530399 
    13  265.7293467379667 -28.741345799813946  301.4268916496908 
    14 265.75876230913127 -28.701207419798642 301.25271647999153 
    15 265.59086669116533 -28.841172793191653  300.0332899014153 
    16 265.62129775451933  -28.80007424372855 301.10417703817154 
    17 265.64966663411604 -28.756195245077556   302.698144030285 
    18 265.68027410561206 -28.716377706150436 302.08286174991935 
    19  265.7120013874032 -28.671840851313345 301.55010480934857 
    20    265.54263100821 -28.818499668401984 302.63215131116135 
    21 265.57324745229886  -28.77228443716973  302.8077531490525 
    22  265.6032368704239 -28.731384913298747  302.1505914327797 
    23 265.63342068266405 -28.687050555003115  303.3387040665594 
    24 265.65880091687785 -28.648826336456505  301.8483860673541 
