\ This script generates Case-1 astrometry challenges. The telescope used in this
\ challenge is distortion-free. Sources are retrieved from the Gaia EDR3
\ catalog. A list of source positions on the focal plane and ICRS coordinates is
\ provided. Solve the field center and the position angle.
\pointing_ra=134.8344427850505
\pointing_dec=81.12857515378491
\position_angle=263.51781905210584
|                  x|                  y|                ra|              dec|
|             double|             double|            double|           double|
|                 um|                 um|               deg|              deg|
|               null|               null|              null|             null|
   9533.863856423548 -18226.124883518678  135.8044829478373  81.0691152036967 
    3228.13216478892  -16235.42900281715 135.67292078813443 81.11685018756997 
   2624.849355561971 -18961.313258648046 135.80787694446155  81.1236456471004 
   1460.007213865874 -19170.693683104204 135.81278299048367 81.13290381220888 
  1623.4712601640204 -15344.195846666356 135.61973710127336 81.12869056420485 
  1518.3259701085076 -15247.998194436082  135.6143329229781  81.1294366202669 
  -500.6945607301415 -15499.899541875599 135.61686785704876 81.14540142897364 
 -1788.6822747831925 -17622.969012246474 135.71818507775794 81.15710435534314 
 -18987.254651948657  -16704.44489061215 135.58367182594145 81.29071618714782 
 -2500.7181383293882 -11255.208161935398   135.391051026307 81.15763948234742 
 -3517.7075996675662 -14866.598450406156 135.56931001514127  81.1684662057132 
  -5271.228107156919 -15189.135929683423 135.57673652403335 81.18241351620341 
  -6137.356294449826 -11419.973014948326 135.38019306959532 81.18616309854532 
  -7551.694377851154  -19330.12128641847 135.77647305633135 81.20342508178967 
 -11460.436794932433 -17016.004017228708 135.63840776394906 81.23217769660826 
  -7575.252827934799  -10879.31951756093 135.34497888587936 81.19694710384626 
  -8766.180452675551  -8739.341574070453  135.2293659793289 81.20447675511177 
  -9532.484134710281 -11529.478565483605 135.36772845759617 81.21275606517817 
 -10805.963221401538 -12058.954514990255 135.38802020902398 81.22312790479542 
 -11710.270086807772  -8596.286041441042  135.2059667088018 81.22733371084293 
  -17665.59704523389 -14774.691967316334 135.49112657510705 81.27886854070854 
   -17864.2231476763 -15395.120017869818 135.52203811041434 81.28091306465782 
 -16383.403058616435 -20206.723486062958 135.77741039795515 81.27308282579342 
  -19285.97861041132 -18328.822839762885 135.66593109354844  81.2943156245058 
   629.2593124540996   16268.81538413362  134.0171894787817  81.1083623583593 
   2499.904930696263  10205.992110795534 134.33431300353746  81.0997025593506 
   2496.010826055223   10017.60774043148  134.3437752204901 81.09991236335576 
  2709.7211204658165  11682.220837046063 134.26129595869529 81.09665356621545 
 -1394.2028746585468   8427.490990545519 134.40010927959221 81.13172976810083 
   -4433.90784534982   9571.654062057129 134.32346510036214 81.15432582121706 
  171.42766888858398  18271.615653901288 133.91334365568568 81.10991778189995 
  26.561704012661902  19193.109202135744 133.86598453243542 81.11011181032303 
 -1048.3106608512044  19469.807155255505 133.84496269953445 81.11819540100849 
  -312.3683308951656  16712.645058425853 133.98874560147826 81.11525011204088 
 -3286.5643163524537  16942.300097767013 133.95783964175888 81.13817274104312 
 -3229.0314914760156  16663.889931540274  133.9722822977647 81.13800409841788 
  -4672.684865262052   20156.63542546278 133.78624276404778 81.14569682575735 
  -6072.913173054136   18433.28423912822 133.86413200819447  81.1583539952154 
  -2035.981825396942  14789.491980197907   134.074670793032 81.13058085474847 
 -2050.4688751894187  14755.443033059737 134.07629744411682  81.1307272974706 
  -4512.126637155048  13571.862010764746  134.1203961184042 81.15106123436526 
  -5787.130178485404    13626.1930745818 134.10949429453134 81.16093622692749 
  -8661.025697003703  14953.762492730757 134.02362119221627  81.1819994029652 
 -2642.6499351324446   5588.076783203899 134.53615870983194 81.14411444436318 
  -5771.234052311003   2249.669206051435  134.6868112063652 81.17156023604147 
  -7389.169355572485   7218.368826228003  134.4246244072327 81.17958190986785 
  -9815.705924207641  1821.4459515378614   134.684683040758 81.20347996322288 
 -11219.758095609799   294.9136922778642 134.75428301008327 81.21580326467955 
 -13001.219491158594 -1339.2608844648646 134.82738615657547  81.2311524578614 
 -11168.294840212073    1667.07411516276 134.68453760432791 81.21416495081297 
 -14540.891592220047 -1752.0452687890113  134.8395603979199 81.24352542837364 
 -10806.387638780621   6290.325399976458  134.4508911207564 81.20708171672048 
 -12184.174859589148  11799.148439549534  134.1614382353321  81.2125424149581 
  -13754.77261424246   9870.720788586552 134.24984492577826 81.22664669491597 
 -14380.835353924182  11700.581357541858 134.15240406013373 81.22974552983914 
  -16522.98457934524  10164.505662314965 134.21725611726396 81.24792402647513 
 -17599.209063207545    8519.85975347647 134.29467504616994 81.25789223387913 
 -16145.835701425394   8674.317977848676 134.29592363148663 81.24642248804912 
 -18119.809281222708   8686.985957366453 134.28282038008746 81.26178727011666 
 -13665.067557761287  3817.1413559847438 134.55973362227397 81.23166139447943 
 -15247.628328807787  5382.3939952654255 134.47000939581315 81.24254093037288 
  -13278.20322197227  16909.141794969473 133.89384907238815 81.21597798331413 
 -14250.613752546094  17242.780715274206 133.87037861025374 81.22320783976629 
  -14982.35463402593  20302.961404264683 133.70937596640277 81.22576065812741 
 -17555.158179009723   18763.69834132204 133.77053633756017  81.2473683209069 
 -18416.004691958256  19209.094204346256 133.74192033050215 81.25360709588671 
  -16649.62290187717  -5929.577086427811 135.04176125264442 81.26361573970496 
 -19980.446142461424  -6804.382683612701 135.06795503442294 81.29035141383368 
  -19671.50244168768  -569.2518123340768  134.7487287947212 81.28247897259007 
  -20141.35599142788   259.1857506625058  134.7033118675576 81.28539620463117 
  19075.327820270144  11297.137734248141  134.3808257589578 80.96952698467368 
   19061.65817260181   11187.64546576798 134.38617850727778 80.96973714179128 
  12076.035418842506  15012.211736026815 134.15290493115938 81.02047270584143 
  11494.851837510085  16822.785502935727  134.0588988413631 81.02321674446613 
  20036.513635930638  3812.7440318413173 134.75812260235026 80.96893334748829 
   16948.80952387846  -4400.776909850584 135.14983794358204 81.00016436371122 
   17046.61042804953   2084.828058003692  134.8270706490172  80.9937889959197 
   19139.88460939631  -8040.378933308391 135.34290852561162 80.98608718443325 
   10357.51195671308   6425.644257362167 134.57156135245347 81.04201516681836 
  14148.039398063356 -11604.057111031065 135.49511127525656 81.02793625224882 
    15584.5260344623 -10538.034468371028 135.44914266843494 81.01586733825116 
   15786.90479786187 -13996.360779333032  135.6231098586833 81.01702490174877 
  16700.768306664795  -13871.40425863085 135.62142593535754 81.00979031177206 
  16047.596347023438  -14360.21068327071  135.6426072462683 81.01527222132881 
  14141.973180094568 -15004.822420634271 135.66539810779315 81.03065571523464 
  15559.741405633955 -18204.360911378375  135.8325661495022 81.02202208071787 
  13238.718682452207 -15924.394499093663 135.70701594454835 81.03842017151707 
  14310.961618628337 -13217.186107870042 135.57670883806446 81.02794116369641 
  11218.350289480197 -13649.318289451205  135.5827736490034 81.05243175867551 
  16351.885980085955  -6496.170178360996 135.25121433651597 81.00657624029373 
  14404.124759900733 -5509.1882420174015 135.19150036488494 81.02095389969885 
  13193.237668411148  -8572.385049262946 135.33835654357765 81.03294160877272 
  13572.504117712262  -7620.873882977537 135.29271396979846 81.02919966592503 
  11552.477835402751  -5392.481751576355 135.17030099642906 81.04310928938892 
  10094.742489050766  -7752.113288107691 135.28086041360655 81.05645262684787 
     9130.5912263577 -12473.413808679032 135.51306942658024  81.0678056902365 
    9150.96160628034 -12381.570739995135 135.50855498676705 81.06757360951939 
   8648.664311188797 -13866.500401831936 135.58069802200887 81.07266981556508 
   8964.716741020244  -13489.79261766755 135.56334619134034 81.06990530215357 
   6624.106816770074 -13973.039942827085  135.5758010019662 81.08856385217416 
   5203.128446755709  -14376.82029821599  135.5889603143936 81.09997786768687 
   6179.195156327134  -12103.79365734188 135.47928851063548 81.09055601399506 
   4558.437862521967  -13902.50616818132 135.56173482504937 81.10463941402104 
  3135.8841733956665 -11892.929705988716 135.45288193836743 81.11414846003856 
  19765.742636469357   7656.632641991845  134.5656633379137 80.96754913375193 
  17907.005198561987   7436.218315318221 134.56568782540708  80.9822399791699 
  19103.082057376163   5165.302667566237 134.68555691448825  80.9749921643155 
   17018.56154876502   3832.875840362839 134.73984211724468 80.99244683626982 
  17006.682656318622  10074.419626846311 134.42913054633462 80.98679927891595 
  16522.637174445594   8335.730449458515 134.51275409084522 80.99219688603509 
  13552.047039620087   6029.606174539005 134.61018480218277 81.01747846230191 
  11444.841218755742   944.7047020329518 134.85224885702158 81.03848443970756 
  12716.302544660368   4865.388894673741 134.66344940851687 81.02505599078252 
  12384.149100366536   5650.195384573171 134.62228627939885 81.02692970832035 
   8943.312065333843  2513.1518794346484  134.7593457187953 81.05659583171376 
  16087.347928025243  12154.033668152968  134.3201117659431  80.9919908626623 
  10846.327403475094   8040.257596384748 134.49367628830808 81.03670925596317 
   6796.372936721769  10164.816957435547  134.3627536245298 81.06626859044927 
   6501.013743795539   7561.623326846361  134.4916194272545   81.071019189268 
   5944.043809534253  6177.6163664451515 134.55780742622326 81.07664400749655 
   7235.996284515287   6819.103834586629 134.53329254948432  81.0659811607483 
   6465.254501239552  -4596.896523044098 135.10265607443068 81.08213255130208 
   4276.958615815281  -4865.147340993416 135.10416202327505 81.09943489129316 
   7644.886704923351 -1128.1623969663856 134.93475930897503    81.06994223793 
   7459.299290951407   816.3050532503651 134.83601145018952 81.06968006868199 
    5279.12528609186   287.4183578902164 134.85016750301216 81.08715058037485 
  2790.0538644079347  -6434.875441052487  135.1752596674419 81.11236382033036 
  -4531.720931659787  -8164.387875241618 135.22311074404132 81.17095038035619 
  3547.1592000435708  2236.8942797278983 134.74201344193187 81.09891896534201 
  3365.2552949989054  1371.3061036733422 134.78458643970376 81.10111261259289 
  -620.6459274693716    281.910402161791 134.81661183788637  81.1331650814528 
  -316.8110514816825   4531.231305939391 134.60352590943606 81.12695988866417 
 -2838.4861761731677  3497.2442306661187 134.64087206471785 81.14756271037035 
  -3474.218250723935  2191.2254293275346  134.7033055711627 81.15370465339593 
  -5421.449643284037   765.7312594840763 134.76424474274472 81.17016962757509 
  -2327.649652082971 -2103.3928346478365  134.9276429895128 81.14857971146597 
 -2654.7731370323513 -3571.6471972652416 135.00024446367738 81.15240685558875 
  -8429.556582179517  -2402.626202738729 134.90806566296527 81.19643528287047 
