\ This script generates Case-1 astrometry challenges. The telescope used in this
\ challenge is distortion-free. Sources are retrieved from the Gaia EDR3
\ catalog. A list of source positions on the focal plane and ICRS coordinates is
\ provided. Solve the field center and the position angle.
\pointing_ra=254.90612800657638
\pointing_dec=-86.29479102675556
\position_angle=349.16754677831796
|                  x|                  y|                ra|               dec|
|             double|             double|            double|            double|
|                 um|                 um|               deg|               deg|
|               null|               null|              null|              null|
  20070.208684486428  11205.313782728545 252.29778832408854 -86.23411901477485 
  18656.870777112013  10455.594698573977 252.47796760011602 -86.23833632716777 
  19769.469319052987  13131.356025109915 252.30040069823545 -86.21881989881794 
   18877.37372764532  13921.106790847101 252.39184973162705 -86.21167787727276 
  17315.676993138906  14599.865838794209  252.5634217150268 -86.20461523504268 
  19455.818013972475   13595.87119647632 252.32939937778514 -86.21485865492987 
   16426.23702012612   14739.53242292579  252.6652240711022 -86.20249385269334 
  16543.711653329414   15276.37489903625 252.64197458355113 -86.19846518606397 
  15815.051139596564   16107.52784690291 252.71246714047243 -86.19115918518578 
  18229.932940071845  16380.393966587766  252.4254836708406 -86.19184275157151 
  18408.643860767897  18611.035415356924 252.36654111949179 -86.17472293944589 
 -18364.159948760018    -20081.137951353  257.6473434306446 -86.41841152895319 
  -9039.027562850595  -18856.65433749374   256.469939256981 -86.42548714264392 
 -10377.851806562787  -17328.76372013427 256.59279453909187 -86.41151119161694 
 -11400.028144679623 -19089.788614397206 256.76635011510353 -86.42324949723304 
  -8179.335467766187 -16062.406756182214  256.2897480119705 -86.40549740787104 
  -16997.11846712591  -16703.92899655529  257.3825587236933  -86.3951234676223 
 -14560.335731147203 -13966.307127719554 257.00961424344985 -86.37853796021083 
 -11755.918105570023   -15286.8985327012 256.70544477051766 -86.39351517222865 
 -10425.155751206408 -14402.371829125306  256.5195209718049 -86.38900523679573 
 -13069.170209191618 -13290.347756733441 256.81036836408583 -86.37596443547173 
 -12310.951488171617 -11553.360044300854  256.6714574589857 -86.36396757526653 
 -11266.140281681832  -9793.451721218773  256.4983266347945 -86.35225836790062 
 -19209.303945060747  -15685.71554993533  257.6212645476948 -86.38331953509447 
 -19640.979570988882 -14022.685202002549  257.6250161696669 -86.36983645791963 
  -18054.39488849951 -12591.887199959247  257.3927839167162 -86.36180584343914 
 -16104.718977608074 -14068.891166949978 257.19940032046196 -86.37659021799976 
 -16402.834993620734 -12621.728477664376  257.1946733975534 -86.36499723860024 
 -15478.211854664787 -11416.950422136593   257.049651303034  -86.3574232026057 
 -17191.804609460763 -11757.306660844733 257.26535693639073 -86.35698165137293 
  -18077.16125014962  -12096.87499297316  257.3814363912395 -86.35798384721204 
 -17321.528738295427 -10439.178048694062  257.2438756120449 -86.34667632579749 
 -15572.073383603685  -6058.557025152571 256.91389266889644 -86.31626426330132 
  -20154.13580991222  -4388.696915006911  257.4115179149088 -86.29535653274924 
 -16152.647863174801  -4478.992735960176  256.9400821765795 -86.30316380419767 
  -18653.15285980356  -3380.675222357503   257.206145068318 -86.29035102375398 
  -18106.42928571472  -3296.955933932916 257.13924363347854 -86.29068318026212 
 -18567.397679424903 -1778.7679812128076 257.15205490585726 -86.27825790476648 
 -16289.723360605609     98.806846501278 256.83331986134647   -86.267889529563 
  -17414.89751745884   768.1449663185555  256.9476079746186  -86.2608084669426 
  -20302.06332048597   -822.466266817322  257.3297125304269  -86.2678491007583 
   -19443.7037660249   5687.319655436483  257.0526233681191 -86.21961617487035 
    -20274.008824205   6404.141477628137 257.12964106419753 -86.21266716263438 
 -3552.3492592838784  -19360.56445642774  255.8065404533915 -86.43835411884072 
  1499.7773129649706 -17796.669802833796 255.14216764835635  -86.4341590092473 
    240.555028237689 -17023.112496430225  255.2790769341282 -86.42629301678613 
  219.95751579572956  -17166.24936132262 255.28512506153535 -86.42736360738583 
   1218.001532354778 -16617.486865126273 255.14848105122644 -86.42465152163616 
 -1690.1846806576218  -16086.11932150829 255.49401887735604 -86.41610926339739 
 -1884.8475705424607 -15108.423692335646  255.4936732267119 -86.40828502914339 
  265.24535699809996 -13310.537864494463  255.1859334329525  -86.3977424351095 
   8020.246394127685  -19543.07918472919 254.37196094451053  -86.4571164832967 
   6750.202211240588 -18577.258532100986  254.5083831172304 -86.44786595635011 
    5069.35985617034 -18918.618491160763  254.7256376634343 -86.44808588459672 
   4029.073540688038  -17654.77738924818  254.8252463254662 -86.43682269900656 
   5706.657320832458 -15478.839331148667 254.56688066478088 -86.42246428561644 
   8791.004825628774 -18330.397911739026 254.24839423794978 -86.44882524494787 
    8235.58715990801 -18758.040384111915   254.327296527378 -86.45135535346219 
   8501.287626967463 -18266.009303743784 254.28307789201523 -86.44792544556988 
   4772.871913320836 -15152.577265155296 254.67477938930588 -86.41860521587664 
   4376.602779556231 -14932.371359605686 254.71860138715897 -86.41633313403548 
   7127.650542544278 -11403.267286142804  254.2999615786015 -86.39300359461582 
   7345.244611267403  -9136.376909817704 254.22339642437683 -86.37579413547883 
   4360.662541860705  -8743.117403092992  254.5788632141162 -86.36855761178694 
  4960.7872916093165  -8669.196556445746 254.50406763619762  -86.3688429084483 
   4968.351855755657  -8521.357048740443  254.4998298068624 -86.36771247387155 
  4782.2152328476395   -7139.08044914339  254.4915411121156 -86.35677808153301 
  -6487.835919195754  -18558.18910231815 256.14801674055707 -86.42744036709364 
  -6662.295282286399 -17226.586868882314  256.1344676542091  -86.4169336853111 
 -6662.3230854550475 -17120.931211559568 256.13169970408177 -86.41612267401489 
  -6444.031959616095 -13901.335343624078  256.0212139998464 -86.39176149057904 
  -5497.457626543822 -13611.584096641842 255.89826409419734 -86.39106599762313 
  -5477.462505584665 -11977.921997977284  255.8542420156721  -86.3785469413029 
  -9679.435250810446   -6907.54127883789  256.2320054601458 -86.33277713538003 
  -2551.425055315989  -13831.44826942967 255.54370810266195 -86.39742365460157 
 -3619.2862767968422 -13007.935252242287 255.65373362400692 -86.38941606199818 
  -2814.491003286339 -11042.821717444136 255.50687616306985 -86.37556225022637 
  -3565.369875304712  -8504.545820817875  255.5356266264804 -86.35486670420921 
   -9086.01878828565 -12408.400342735476  256.3037989673786 -86.37596171715992 
   -7592.21972780029 -11665.718502826301  256.1031685895742 -86.37272579648454 
 -7608.3003547530625 -10547.825798164195  256.0762852201842 -86.36411767118419 
  -8305.835137718444  -9397.430539495354  256.1309773169558 -86.35414591169346 
   -6898.17512666649  -9032.537350944556 255.95168211330767 -86.35363473326217 
  -4414.305224340026   -8591.30839353408 255.64044984270308 -86.35420409772473 
  -6920.822826315384   -6284.10741956255 255.88500171760413 -86.33248572777312 
  -7189.708470886822  -4339.688184477723 255.86853795676444  -86.3171154648706 
  -4653.757215648507  -3771.688775664514 255.55105681542952 -86.31676296547585 
     439.22671890556 -10096.051392347574 255.08788450910467 -86.37324368396675 
 -1019.5558988577702  -9220.524305531637  255.2444136680178 -86.36429755459903 
   424.7498301111898  -5804.908737216872 254.98883046915148 -86.34015686287421 
  -99.81151823876495 -5940.1530603146975 255.05531594175952 -86.34041710872255 
 -470.46618998321577 -1504.3838314942243  254.9967125362009 -86.30568333075512 
  -785.3734016911995 -503.72081670193893 255.01124780040138 -86.29750321880066 
  -1610.314548121906  1207.8960467518407  255.0699922054208 -86.28308277699242 
 -55.654750754101066  -552.1417455632428 254.92524950885647 -86.29895888699802 
  -422.8569516708249  -86.30932419878546  254.9583990506195 -86.29482485856123 
 -1882.4968961891182   2109.719529138554 255.08149208181345 -86.27572700321392 
  12705.452247121993 -13239.757487329509 253.65192168467945 -86.41473308003125 
   13032.49728014425  -12114.62545990376 253.58808962174544 -86.40645042891096 
  13217.903966564143 -12269.945274408741 253.56840007243443 -86.40789310072346 
   10916.65622539015 -12672.699286426938   253.861065590519 -86.40798389627416 
   9441.266601574916 -11196.784843353102 254.01120794461926 -86.39458729700932 
  12067.502296453004 -10994.229013532127 253.68380385761859 -86.39652050562403 
  11229.168835208022 -10079.103667457373 253.76774972785637 -86.38833620326733 
  14506.522223754808 -11790.962383454034 253.39937982263996  -86.4058384668764 
  14542.554525353515 -10926.419678810873 253.37742273759696  -86.3991882511603 
  13226.965267741021  -6162.878783072227 253.44269569877235 -86.36062052431467 
   15827.24784997731  -6859.985504315345 253.13878099355955 -86.36929138867349 
  15354.145260251866  -6868.290438371114  253.1968393595571 -86.36876862405542 
   14122.10878569079  -5190.874489827796 253.31414446418682 -86.35422831263435 
   9908.181812417615  -8339.826925863887  253.8929612500143 -86.37312524291718 
   11031.75766941228  -5014.050835312303 253.68658806682083 -86.34888534090209 
    8768.87184106325  -5635.658118726039 253.97451237330176 -86.35068302647967 
   8569.414100234553  -5596.986373052115  253.9979176293519 -86.35011449450514 
   6818.509637773064  -5846.062063880742  254.2158255508895 -86.34964495295654 
   8938.054380272248  -4259.586610046629 253.92492032711837 -86.34027052600626 
  11903.805205476574  -4447.743156939417  253.5690630921724 -86.34563858084519 
  12551.237002672713  -3964.385059871015  253.4806785745164  -86.3427310322111 
  14046.492240004305 -4183.5168492367375 253.30340660597403 -86.34632912132184 
  15092.346120963517 -3513.8151511325404 253.16317750036902  -86.3424470659985 
  13661.129765457346 -1807.4591505760272 253.30329982997625 -86.32743642929593 
  13424.479195868435  485.17337846569484 253.28692828074819 -86.30937715378529 
   12539.83016456034  -617.3590529340063 253.41519355226137  -86.3167976054935 
  18102.929956647935  -8437.581052997959 252.89004564203736 -86.38429994616482 
  18209.460151098825  -6268.929076241458 252.83580725806328 -86.36760672519095 
   18551.59340103408  -5270.108084055406    252.77518099376 -86.36026607385412 
   19167.05680934745 -2721.5454862406036 252.65291030408383 -86.34121647517324 
  17668.898870465437 -2441.3888411418234 252.82977500367727 -86.33726978754787 
  19828.786136213315 -498.82450058869233 252.53217363327695 -86.32473346429602 
  19112.226742659976  -86.45107734065772  252.6114366283223 -86.32070086530297 
  17195.768897712234   6177.634094980756  252.7278206980354  -86.2698392826857 
  18078.221461960817   6733.620225551823 252.61257615411807 -86.26656043649375 
   7676.388638120721 -1233.2740634671852 254.01348209606715 -86.31516923168498 
    5969.49160678526 -1185.1776499018808 254.21764294186494 -86.31246113402784 
    4983.09542488197  -932.0004306529055 254.33059186240376 -86.30913421140093 
   6300.762524499513   539.8315422726397 254.14103433166918 -86.29958838795464 
  10408.598978532515  1355.1486407710206 253.63193891980916 -86.29877889667712 
   9651.896742290193  1482.8655186003775 253.72003807778162 -86.29679956925216 
    9831.84105553256  2125.2875052599848  253.6854400651882 -86.29206474822642 
  11277.191646396512   1326.918182090188 253.52833084139496 -86.30012369529987 
  11450.469729651257  2727.6074978923148   253.479687548165   -86.289501635473 
   9005.675517972773  3529.1152388973737   253.755618077963 -86.28011547474424 
   4838.086308669458  3114.2661756525454 254.26072814885043 -86.27767833313075 
   4004.674241412651    2686.34337876502 254.36910939694556 -86.27982033705617 
  4937.3024372941645  3457.7300579036123 254.24159040105425 -86.27516262227773 
  3618.1879512906844    5677.67041761445  254.3505480015569 -86.25617790517813 
   2444.317181720888   5277.921711838492 254.49801678790234 -86.25760881450122 
    4842.31335556509   7916.566774965884 254.15854564648222 -86.24058062525073 
   5658.223311758867  6732.8903077744935  254.0870065024664 -86.25084601403029 
   7721.733514310268  10637.313931940775 253.76394789476296 -86.22342497274703 
   7794.909326261235  10687.715730225322 253.75434215379389 -86.22313167541795 
   7825.736360345338  11620.894437480729 253.73206156274884 -86.21595218089087 
  13770.114444970182   4811.615853745755 253.16195261431346 -86.27628416922707 
  12242.896859656958  3545.5749370941307 253.36881506747665 -86.28417784499267 
  12056.852928432265   4261.027904655664 253.37703757349772 -86.27840026373589 
  14439.342604884454   4764.022384315856 253.08297545918387 -86.27747950812032 
  11780.401288279332   8912.556367986146 253.31962703600271 -86.24201949790475 
  10674.604718364237   6565.110788346863 253.49629539802186 -86.25879165550462 
  13273.136780737359  10424.516634673146  253.1146301215888  -86.2321659413589 
  17742.528264897534   7472.257313088019 252.63931952889374 -86.26043558564349 
  16994.576911177886   9565.519342250805 252.69054867142228 -86.24331330060565 
  10583.591862928895   9511.440199559987 253.44934315247897 -86.23586070356117 
  12251.939726758197   9546.832855828827 253.25176386264343 -86.23769820018549 
  11565.025637567647  10147.591523078174 253.32130733118393 -86.23218038443996 
   8507.623931382133  12423.395802642506 253.63623504219206 -86.21063576897558 
  13110.748392016661  11496.653053182727 253.11365581029395 -86.22365532039404 
  12524.733923354384   13603.72788142885 253.14302034278586 -86.20659961591083 
  15640.428265342884   13236.69315153475 252.78425657788839  -86.2132266241798 
  14254.256657854445  15409.310467984888 252.90736591907813 -86.19471402390927 
  12446.265426980783  14030.003370000473 253.14423714296285  -86.2031986473721 
  13954.414793685344  15816.892785748983  252.9349740573302 -86.19119100049484 
 -12426.608940345943   -6245.86975759489 256.54363752043497 -86.32310584345572 
  -8826.128930535202  -4568.936989168578 256.06994728054593 -86.31622915334982 
 -10444.099438746907  -4402.054485357872 256.25884559534506 -86.31228900210402 
  -9619.883589611214  -4505.317109289284  256.1631352657541 -86.31444122727704 
   -9934.44475072945 -2207.0655307293378  256.1420360461473  -86.2962855354283 
 -11953.442253903435 -1026.5353415226064 256.35124821610884 -86.28388738900641 
  -8477.886044725321 -2216.3591322310704 255.96909144333156  -86.2987297642891 
  -8447.494290956303  -3171.240170699456 255.98944244811923 -86.30611241255741 
   -7959.21586785205  -772.1486353205012 255.87146647847314 -86.28847146269436 
  -9743.036912277881  1261.8991467675216  256.0319683866297 -86.26996723001378 
  -7428.275706874821   902.0132069028743 255.76729190940836 -86.27645463743721 
  -8749.233578760017  1401.0990990574485 255.91117356503952 -86.27050598131078 
  -13950.12840204827 -2075.0558696123976 256.61484125804685 -86.28855795645244 
 -13217.393255987032 -1626.0968482122387  256.5163567947757 -86.28636119299027 
 -13592.241037278387   1161.155860852043 256.48812664068475 -86.26436418020835 
 -13204.258541325245   4728.299743331047 256.35110052642403  -86.2376646954547 
  -14159.98270346256  3278.0974325950924 256.50005692087245 -86.24717939167799 
 -11491.077511554113  2938.3279273868006  256.1957004539994 -86.25423738000933 
 -12307.709254877565   4677.527930536413  256.2475529864038 -86.23954391858211 
 -11232.079691237626   6347.138370592415 256.08008928799387 -86.22849799018785 
 -6202.1664138162605  1262.5109446304532  255.6133879690402 -86.27562064972523 
 -5365.6429288546715   931.6678442698557  255.5222554427225 -86.27947345250932 
 -2251.8776239084714   1940.017252730191 255.12922935784468 -86.27647960017293 
 -1853.6375980995165   4828.488397306149  255.0157116896911   -86.254821480248 
 -497.56093006107756    6103.83272475858 254.82703384445261 -86.24699358578064 
  -2260.991172067197   6028.820053697447  255.0363382752394 -86.24496455871417 
  -7651.399740876376  4594.4643349613025 255.70375511784357 -86.24771770144176 
  -6123.263616332835   7459.354428973793 255.45628041319108 -86.22807591402513 
  -6926.667737732804   8430.832664149977 255.52721203417542 -86.21935374097106 
  -6057.818996977106   8308.716020799857 255.42867513434848  -86.2216415301408 
  -6233.048059400404   8468.354580720728 255.44538765222305 -86.22014217418803 
 -15194.752622266555   4832.623171572551 256.58084001056824 -86.23351312524701 
 -15634.758258628182  5550.1140689524855 256.61355113527884  -86.2272670163363 
  -17740.46916493408   8820.553865426318  256.7728537425258  -86.1986083142609 
 -16023.878503519214   10073.22536378811  256.5424155202292 -86.19194697721949 
  -13136.36327046758   6446.064289948401  256.2996626326066 -86.22460240968341 
 -12217.904916209285   7476.006460899179 256.16689692272035 -86.21821801660317 
 -10847.556229967851   9776.034017304028 255.95099575220763 -86.20279211097979 
 -15370.954448757924   9962.863280053494  256.4698511974464 -86.19389583640675 
 -15445.107892683767  11597.420097049186  256.4370455927937 -86.18124009071039 
 -17443.949559515488    9976.48685066311 256.70867530713065 -86.19026660914204 
 -20426.051677983934  11317.001469106064  257.0165414820124 -86.17482677392788 
  -20165.72291053596  14281.750872485558  256.9092160245654 -86.15259892747126 
 -19846.903773345155  14558.977945954966 256.86567087286176 -86.15103199260473 
 -16570.258780278884  13297.855254041167  256.5233361074504 -86.16630861502918 
 -13971.354186839906   13705.52996213175 256.21501002473883 -86.16752495136394 
 -15266.880949134464  14721.585673540803 256.33832949921396 -86.15758156776191 
  -17596.97616563731   16248.35727174886  256.5661093194337 -86.14195748728321 
 -15948.063896029631  15872.079295611742  256.3875465460647   -86.147620854041 
 -10060.552292730612  11053.404550508323  255.8288417785237 -86.19424342022712 
 -8088.8779297453975  13294.202519137945 255.54764608370155 -86.18013112042449 
  -8421.818855561656  12392.207292137813 255.60732388094357 -86.18654735230434 
  -8109.644277745982  13329.232484673434 255.54922277111737 -86.17982925421393 
 -11356.575352765818   16175.73087888176 255.85521414092383  -86.1528103161801 
  -9389.217399217272  15657.415127153228 255.64190718969814 -86.15991843858818 
  -9492.159153615377  16632.010164268482 255.63084694701402 -86.15226241290266 
  -6986.449654784902  14956.399921845396 255.38188986515067 -86.16905069953022 
   -5426.16464192667  14938.038571790925  255.2024605907428 -86.17157439450595 
  -5726.893339325114  15189.320666742658 255.23142762730876 -86.16918319858787 
 -13436.920143818608   17341.50243976616  256.0649338399765 -86.14049420461164 
   95.76872277938051  10790.535116902453 254.65390593994783 -86.21170657841748 
   2241.801212579838  12996.597249146404 254.35627900723227 -86.19772792611154 
  1677.5403717197917  11015.663315407992 254.46425860345155 -86.21222860638225 
  2236.9730156769624  12952.031063692855 254.35778308286052 -86.19806532764702 
   5571.430001906963  10750.491806230399 254.01400669007054 -86.21967194041703 
   6109.681951144857  11921.745814168418  253.9270113868684  -86.2113422006662 
  5002.8722157678285  13100.807398832405  254.0322750432391 -86.20073135352999 
 -1488.6340294503418  14266.483067450814 254.76227065276737  -86.1825984898628 
  419.64834899046514  14364.850463141767 254.53893996056897 -86.18458891395383 
   519.5953413656453  14441.927093061191 254.52569737584992 -86.18413642408623 
  -856.8520770307123  15587.656684837499 254.66044120446003 -86.17332260458625 
 -1947.6617137055441  16266.653321918917 254.77167154628088 -86.16650386181637 
 -1612.4435421915503  15301.164246508932 254.75400685717176 -86.17443821596692 
  -1219.238480354035  18815.100914838997  254.6327794635791 -86.14789958783766 
  305.69782518025016  17873.945424139754 254.47740957780547 -86.15734063368747 
   1747.908820986655  19320.509258539158 254.28115142570698 -86.14819546246815 
   7774.596827651214  16561.510180086967  253.6403799805782 -86.17765244466015 
   6906.034097279285     20050.602383305 253.67269031132986 -86.14951481049275 
  11637.728446996174  17410.404213030306 253.17545693926658 -86.17599754317193 
  13287.258628275991  19994.648789047165  252.9367703064789 -86.15798587341425 
   12406.87399608706  19258.907270749034 253.05208469541765 -86.16261854400801 
 -17551.672175276984   20145.82690339731 256.46342595160934 -86.11216205040954 
  13112.726940755803 -20184.871630567864 253.74805404942748 -86.46900982034514 
   9284.473480498464  -18759.92489762933 254.19640559109638 -86.45282624120549 
  20133.508589185054 -16151.565683545392 252.78573814916922 -86.44656645917253 
   20404.35254142517 -16779.250328764487   252.763850144412 -86.45175792509457 
  14718.960316739058  -19524.76080567648 253.53231489252644 -86.46599658802123 
  15258.210280220737  -17065.38564470157 253.41372439700484 -86.44764448769513 
  16733.735455780617 -16796.778625544182 253.22378344826942 -86.44742485389303 
  13997.709291848629 -16241.294530695395  253.5540140488918 -86.43964551981185 
   14761.10715199701 -15100.099977674367 253.43534594969765  -86.4317905654946 
  14939.983091062139 -14980.664769511766  253.4106424473379 -86.43109376054329 
   14186.18658053846 -15277.291492098422 253.51053249328555 -86.43242545768253 
  17596.545732423256  -16423.15083717208 253.10841840703083 -86.44559978537826 
   19966.10910067456 -13535.482003976522  252.7566546769198 -86.42607125477198 
   18798.00021813298 -14644.479883965767 252.92346871430058 -86.43327574129445 
  18745.052875512796 -12058.932002859112 252.88010604343793 -86.41315942075295 
  17214.372359292152 -11572.685576901413  253.0602471813171 -86.40753024421866 
    18495.9436521287 -10409.489568365014   252.879296671715 -86.40006675078423 
   20235.24535158023  -12837.14124222036  252.7099426338106 -86.42097094839113 
