\ This script generates Case-1 astrometry challenges. The telescope used in this
\ challenge is distortion-free. Sources are retrieved from the Gaia EDR3
\ catalog. A list of source positions on the focal plane and ICRS coordinates is
\ provided. Solve the field center and the position angle.
\pointing_ra=299.6793506881518
\pointing_dec=-51.77896007791029
\position_angle=65.45698819455622
|                  x|                  y|                ra|                dec|
|             double|             double|            double|             double|
|                 um|                 um|               deg|                deg|
|               null|               null|              null|               null|
  -19489.64810523737 -7754.3723856188735  299.6926148816971  -51.94338783694294 
  -16785.56594448104    7486.77999396758  299.8545665479404 -51.874263877044164 
  -14953.91280322079   6816.031714911446  299.8370996534651  -51.86339802988924 
 -14975.857736904574  6770.5414622721655  299.8366906452835  -51.86370356018597 
 -18144.225475950243   -15164.4050926869  299.5996510031828  -51.95791379908522 
 -17275.750166128706 -17614.282670677818  299.5666684888522  -51.95967338001348 
  -18517.39185527052 -10599.144986889156 299.65452362193884  -51.94571889718557 
 -19510.593709287583  -9017.949392383258  299.6780908573665  -51.94765756956484 
  -18856.69908940799  -8510.839051896804 299.68050599573957 -51.941335806217296 
 -18683.989355963924  -8155.799994161865 299.68370425114125  -51.93894518108248 
 -15273.679562441228 -12120.248970124467  299.6197735907339  -51.92750686789812 
 -15966.982032759945 -12948.611840219846 299.61383715981657  -51.93515418327559 
 -14651.105602712674  -7529.507252405986  299.6696372778117  -51.90811005056823 
  -13721.75235352253 -18173.862268071694 299.54145463008746  -51.93609701301346 
 -13782.070606131112 -18752.785461826563 299.53506220280923  -51.93840739723256 
  -15092.22083345615 -17000.201334448786  299.5622769450372  -51.94207771292813 
 -13353.144208303147 -19048.910116655818 299.52937169237237 -51.936303374140344 
 -12354.471404787864 -19789.405513066213 299.51553307371387 -51.931569030720894 
   -9915.16251380824 -17267.290360393134  299.5319229868009  -51.90595253493071 
   -9756.00682947739 -14419.675437447915  299.5640620354683  -51.89556831154691 
  -8692.641865943044 -14407.309205831727  299.5586077581789   -51.8879305638741 
 -12627.223723549725  -11727.39316879455  299.6103616068975  -51.90732643668571 
 -12645.328423313647 -11979.149039347027  299.6075422815454 -51.908274779600966 
 -13224.129507470305 -13625.099348561545 299.59153405331824  -51.91776240434198 
  -11280.26940829436  -8340.335878415695 299.64245787511055  -51.88668179411251 
 -10990.861956889083  -13959.91867856764  299.5758882440222  -51.90289672856639 
  -9730.166828104773  -11780.21884021303  299.5944796004614  -51.88680455506796 
   -9253.46271332063 -11469.660982071495  299.5955621853791  -51.88238939133243 
 -15230.834872007594 -4395.3246019817625 299.70896835358417  -51.90202780289229 
 -14393.861141127354 -3728.5240906656795 299.71225570738414  -51.89387741928676 
 -14066.153082890029  -779.5831522251995 299.74462400612697 -51.881910214712235 
  -14163.99541220165  -5424.513288855387 299.69142115248627 -51.897769452271476 
  -14149.93798481695   -5567.41960201446  299.6896935110752 -51.898135150481075 
 -13451.424826957187  -2390.347517141775  299.7227478668438  -51.88278275215923 
 -12767.889442082065 -1218.0531361477872 299.73268657491366  -51.87407664377578 
 -10561.887094460813  1297.7427793703491 299.75009295841625  -51.85011561505068 
   -9461.01309955286  2998.4702671790787 299.76391458969607 -51.836702051907565 
 -10099.823691295906   2450.350899773057  299.7609633103819  -51.84305194551998 
 -10121.710730310524  -6225.206398386308  299.6608110222179  -51.87151880460433 
  -8108.434469926204 -1312.5913486974239  299.7069685866884  -51.84112709095741 
  -7149.200853024971  -5012.080329242288  299.6591546263391 -51.846341038733556 
  -6208.228431320198 -2721.2008835575093  299.6806640991354  -51.83215593196124 
  -2319.020840693225  1303.8626558329368   299.706624272113 -51.791262981537514 
 -6172.8506586422345  4431.8436208694275 299.76307530517363  -51.80855343861418 
 -5237.9295486075525   2442.948801290914 299.73517896984384 -51.808379136404696 
  -5232.746071222838   4686.488916338167  299.7610450481874 -51.801012701508974 
  -2917.524801515154    6795.07172412758  299.7731348955046 -51.777599584527046 
 -2012.8429462907236   8470.141945390382 299.78766852656054  -51.76566702443159 
  -8078.479687816257 -17168.228587702884 299.52341038577833  -51.89250549810419 
  -8782.024657150852 -15324.380649275488 299.54846099488515 -51.891547706642825 
  -7313.655169183101 -14821.433420022187 299.54655834617125  -51.87942234440582 
  -5555.440373907795  -18533.10398940968  299.4943477759102  -51.87889978206224 
  -4603.014224052903 -16811.583067017666 299.50927469041153 -51.866509856767976 
  -5428.578136294253 -16577.298937374504  299.5163236178343  -51.87165019025733 
 -3876.6164200781473 -14884.308159753142  299.5277615471369  -51.85506562451076 
  -7651.172043853605 -13458.255806637742  299.5641118065022  -51.87740633472837 
  -4260.647005974203 -8025.4626877891515   299.609102054493  -51.83552290072896 
 -2544.5726059128274 -12166.470751464198   299.552198468051  -51.83672361598789 
 -1956.3351513373814 -13981.255203122428  299.5281201813351 -51.838411938058364 
 -1628.2692905170532 -18134.848614638187  299.4783449694582 -51.849536805843776 
 -1061.4062628107972  -20386.17341245392 299.44931633420174   -51.8527763089332 
  -61.43842587760185 -16206.492785738865  299.4924357063638 -51.832086644096556 
  1108.8578197244894 -17743.798346030548 299.46851647971596  -51.82870274662405 
   1307.134467877679 -17509.078312189227 299.47019222436904  -51.82652488340052 
  241.83797854366372 -10965.106622643896  299.5514456418849 -51.812912281309465 
  1196.6252370631764 -11644.577033800311 299.53857827324845  -51.80829601395094 
  2427.9064569232687  -8813.002976385817   299.564828479123 -51.790302132538535 
  6131.2181597236195  -8510.587959258935  299.5488792848603 -51.762859447851234 
 -2477.6383718047637  -4246.416926810935 299.64337874620634  -51.81048801570976 
  -967.9910687788479  -3720.310155285726 299.64150407362996  -51.79799394885371 
  -1679.497791092592 -1141.7770775023394 299.67502336373514  -51.79467333996608 
   -822.911075516678   566.3272062958687 299.69022319750525 -51.782988505491375 
  1696.0623864658842  -5482.579670785555   299.607136682409  -51.78470293962554 
  1192.0332279100448  -3749.233795188361  299.6298001105636  -51.78266219417865 
  1346.0798660531668   23.92521738329333 299.67253517183025 -51.769271407005604 
  -654.7437093149689  3574.7218195223422  299.7240452475141  -51.77197198097346 
  3452.1909391801883   7288.127916905888 299.74519204671293  -51.73053382716569 
   4737.196843127071   8158.751796984046   299.748445682949 -51.718519153779965 
   5500.247104012616   6436.749500142451 299.72458552851555  -51.71869689135215 
   5191.840128564949   5899.907596836319 299.72002529610126  -51.72265065349633 
   6972.230502576845   8553.454088753222 299.74120915536275  -51.70127914924175 
  4079.3049471735203  -6144.982441817683 299.58696228518323  -51.76983300005386 
   6328.393564119145 -2568.3789707742803 299.61641661758154 -51.742134445691526 
   6900.669506749989 -1420.3249675527147 299.62665007966973  -51.73431078656252 
   6568.450197267569  -5132.700885985394 299.58557145821413 -51.748760174472146 
   6444.476418849077  -3778.704077090562  299.6018446464469  -51.74524285274497 
   7959.553498541115  -1053.492682315318  299.6253153232395  -51.72555423927796 
   8349.231682193073  1410.8549820719493   299.651675299328  -51.71474702998205 
   9429.399497547523 -1729.9384305134506  299.6097952293581  -51.71725732611008 
   8386.299529216638   7125.307438590794 299.71731395199987  -51.69584940831899 
     9440.7612316864   6398.417074362212  299.7033923134711  -51.69069444027063 
  12351.526747398055   8933.920722301285  299.7172617551223  -51.66164298532185 
  12196.935263415524   7563.380578342505 299.70230241934127   -51.6672187563185 
  3899.0161521749224  -17851.60391538779 299.45265088847714  -51.80910413512401 
   5439.867647830237  -16330.88248269738 299.46216328665037  -51.79316312770893 
   9848.391862092334  -7815.669165766166 299.53740584417346 -51.734041478963924 
   9572.355561277853  -13070.44067082684 299.47819591337316 -51.753057579421686 
  10712.276845471806 -11371.381853830753 299.49184477516184  -51.73940225436669 
   11672.69039444064  -8900.368046864232  299.5153322741541  -51.72452436699897 
  12186.471605529738 -17337.278064758713 299.41524758949504  -51.74818021905349 
  11537.052671308264 -16018.499107816655 299.43387323445137  -51.74855762682888 
   13210.48499630828 -17179.535864039433 299.41172080233474 -51.740346930267634 
  13845.845530916002  -14301.28910873805 299.44163438757437  -51.72649123357091 
  15637.633198476755 -15154.457443617104 299.42242694797784  -51.71643973434006 
  16315.512677507035 -10629.012897898585  299.4710998468352  -51.69694227766345 
  15708.658160233104 -11772.783477724204  299.4610781258046 -51.704985728347054 
  16416.308409240468 -11226.361000252246 299.46368315393266  -51.69815675195145 
  13988.665039818967 -10151.615869073854   299.488774177171  -51.71202855679495 
  16748.832258852646  -8962.305050643019  299.4880550703194  -51.68844354641217 
   16956.37037117215 -12510.458747616998  299.4460492471592  -51.69845370808954 
  18308.533061926548  -9128.552026678435 299.47798545401844 -51.677833129607166 
  10920.919716416278   -790.751368427953  299.6127898725623  -51.70354829625775 
  11840.136613734836 -1504.7850821871762 299.59973566870156 -51.699305239298724 
  12397.145417528698   993.0218719326932 299.62559336374756    -51.687199785517 
  12714.829496918052 -2066.3206677453054  299.5886749783065  -51.69488300026052 
  13697.912146881232   799.9456529241893 299.61654148470217  -51.67853783684529 
  15715.165702579292   742.6560079079457  299.6052989688521  -51.66431574068937 
  15020.628581390743   2464.012976200246  299.6287638890366  -51.66367494729528 
   14509.01292453832   7346.680807934872 299.68765180961077  -51.65141993674937 
  14510.729202995844    8560.40721484045  299.7016074460559  -51.64744892753522 
  16810.946284033365   6873.073278466186 299.67010926648857  -51.63652910837132 
   16438.76506566713    6286.55949877316  299.6653159420863  -51.64109797250162 
  18311.767347703997   7941.471301477141  299.6745174388087  -51.62233103617052 
  19706.737725051913   6031.260964734301 299.64522791280484  -51.61859431339521 
  18264.899060676617  -4865.667789595947  299.5273428167532 -51.664320976572114 
  20399.921065405484  1135.2631141927855 299.58526691399214 -51.629574360522675 
  17473.230861956246 -18794.849511933015 299.37082612241306 -51.715078795765656 
  -19973.98256980923  11040.709154624894  299.9125587818917 -51.885341056628185 
  -19297.11959360066  17176.142333987318 299.97978541598764  -51.86035386622799 
  -16932.58951223535   15975.75413630597 299.95334752759743    -51.847449906068 
  -20202.01152004659  18409.537205482444  299.9988379802939  -51.86274328433204 
 -15881.750755643052  20307.536864828977  299.9977117392772  -51.82571348680111 
 -16310.195743894497  16100.716870000062 299.95147784033276  -51.84260318414695 
 -15877.857942105815  15920.937054346932  299.9471041139314  -51.84011258616408 
 -15405.028246622825   14444.21523386634  299.9275532679318  -51.84159391541727 
 -15067.912125720517  13530.932390470054  299.9152238295773  -51.84218980954622 
   -9521.89525606288   18079.31805753686  299.9382063461413  -51.78771660183689 
 -10462.360288006113  10603.106314224651 299.85699584186983  -51.81895531496471 
   -9938.00556914827  14003.379020689054  299.8934326729056  -51.80406559172848 
  -5072.290526452532  12572.927559750487 299.85114836220066  -51.77405902051107 
  -4642.438564672337   13987.44653144806 299.86517321641935 -51.766357179274266 
  -5465.543262491873  18399.188107154176  299.9203594130966   -51.7577508096007 
  -2726.080717642405  10555.562661763626   299.815478654325  -51.76393157348132 
  -1205.081985105554  11133.673453975609  299.8140975166311  -51.75118908522027 
    2295.78000850176  13677.433429544086 299.82489024460307  -51.71788837575146 
  -1432.132850660393  18743.501378606215 299.90293905423636  -51.72786564072188 
  303.38785631361844  19694.792855364594  299.9046921342613  -51.71236998341749 
   745.9879949470242  17964.673615985008  299.8824389714325   -51.7148909564033 
  1174.0852266487555  19720.128309007796 299.90037198749326  -51.70607913586129 
   3950.807021251061  12994.733647522347 299.80828615286487  -51.70831721445395 
   5747.067616484794  12207.101668304233 299.78973582263046  -51.69807930691344 
   6304.936929450858  14527.006754012242  299.8134902829823  -51.68650840123797 
   8503.019885581878   12455.48834473801  299.7780559961206 -51.677603532619145 
   7207.998840950718  13822.563804726356  299.8006178371899 -51.682371474769376 
   7698.172338856763  13590.963001979731  299.7953664902083  -51.67963218790158 
  10160.865838877742   15405.98039674196 299.80325241774824 -51.656124301178444 
   8291.822591106587   19043.61683682646  299.8549433568669  -51.65754344009224 
   9909.201617545148   12423.08198398464  299.7702697499939 -51.667675905717395 
  10902.507952267819   10653.85813161681  299.7446804354893 -51.666369060962936 
  11539.886468288678  11315.296086019465  299.7489336765409  -51.65965961661607 
    12595.9041655427  14275.952083654818 299.77742152895917 -51.642447604417114 
  12537.813722657767  11655.819854502526 299.74759580990275  -51.65142546541107 
  15330.206466515463  10715.022282239646  299.7220810942188  -51.63456818032065 
  13732.579271095368  14297.070020116593 299.77167624364506 -51.634268041260746 
  14273.609705847908  15838.287333444137  299.7865417525518 -51.625368116587126 
  13661.998261545059  17583.520689161374 299.80982098906907 -51.624021516735645 
  14855.452191903623  20410.912740992604  299.8360079051031  -51.60625112317842 
  14965.402001628325  17274.032146881458 299.79939514060845  -51.61573587450081 
  16955.523351544805   20450.49848974195  299.8253902854675 -51.591142186527286 
   18230.68980225495  20407.459023993233 299.81817670140185  -51.58218714777987 
  16164.663088020829   9621.066924842013  299.7051129633219 -51.632181933850184 
  15975.903050059647  11592.884813949313 299.72877932402497 -51.627093603145816 
  16440.822243905022  12739.989132920928  299.7395211754138 -51.620029551298785 
  16924.148018728778  14387.271157187019 299.75591081554313 -51.611198915873175 
  17487.012788230128  14122.623620292581 299.74990826605375  -51.60804686218848 
  18685.831057886277  15965.743423194861  299.7647763817369   -51.5934691637083 
   20417.26033748693  11582.880055445099  299.7053211873505   -51.5954244838655 
  19833.883473808648   11519.91694982192 299.70766189245103  -51.59979424958896 
  20350.600921284145   9314.807754942287 299.67960413283583  -51.60329751431861 
   20125.29316062835    19230.8980233633  299.7946937287558  -51.57252170873523 
