\ This script generates Case-1 astrometry challenges. The telescope used in this
\ challenge is distortion-free. Sources are retrieved from the Gaia EDR3
\ catalog. A list of source positions on the focal plane and ICRS coordinates is
\ provided. Solve the field center and the position angle.
\pointing_ra=20.910100380551807
\pointing_dec=65.91170623948832
\position_angle=216.40140422755516
|                  x|                  y|                ra|              dec|
|             double|             double|            double|           double|
|                 um|                 um|               deg|              deg|
|               null|               null|              null|             null|
  -8751.093158493706  19623.538939616854  20.55187449349287 65.82808079982001 
  -7883.936320933401   20375.90423656639 20.556815433343502 65.81930026969687 
 -16917.525436588083  19278.135029627898 20.429065821771026 65.86796483912502 
 -10875.968520490122   17042.17026491049 20.548086223711024 65.85427658038988 
 -10307.888140011664   17327.24199856699 20.553674995528333 65.84984275486248 
  -9689.200962962497  15971.715646356572 20.578586177952566 65.85558020444857 
 -11385.569431404761  16326.875195344817  20.54826377295373 65.86116939799777 
 -10460.073752373242  14423.116942533694 20.584144709630454 65.86896571052782 
 -10802.091273592496  14699.230589502775 20.575716126675413 65.86879632838566 
 -12137.278607295055  14361.262297825046 20.558820989486346 65.87711271328016 
  -15859.31918017236  14696.633516954154 20.497223364068027 65.89217742809544 
 -15898.952022714593  15982.029125506078 20.482085602459847 65.88420025454015 
  -15062.29376807537  14367.446467295333 20.513329031723202 65.89058705750043 
  -19873.51668026156  18899.811323751226  20.38737361209427 65.88398724452477 
 -20364.779517588744   18327.64258145982  20.38618001892933 65.88988607181027 
 -19868.049775714288   13761.09522394099 20.445447762789122 65.91661184095256 
 -10687.196362319197   11617.02170215747 20.612386573908978 65.88780800531372 
 -11532.782691591485   8606.451841106567 20.633387296189913 65.91080459048901 
 -16085.764792607608   7333.419941144806  20.57706648173405 65.93994197896147 
 -15128.439575103013  11541.151204782916 20.544273278953888 65.90882668985782 
 -17101.063567878053  10920.946599513078 20.520622634248358  65.9218747876781 
 -16423.408198253066   8741.296107062031 20.555852040203057 65.93257322006765 
  -18371.24828785594   5657.231910480216  20.56051256929424   65.961139676218 
 -14658.068796765961   4857.797489451402 20.627371794622082 65.94903205383505 
  -14057.87806435644  3886.3516327142506 20.647742954596374  65.9524095055872 
  -17224.09902546868   3593.546034464585 20.601805415560705 65.96892170552039 
 -15163.114935515612   2208.319293675465  20.64962856628562 65.96816132358963 
 -14874.469394382548   2062.258264457899 20.655780770960035 65.96774987346174 
 -17282.934858710312    4497.00756019204 20.590627433751184 65.96346549565153 
 -18952.486609042862   3176.798508792393 20.579622261696045 65.97955891790794 
 -19984.668526525747  3871.3198061199328 20.555651393131047  65.9799257994961 
  -18635.85813273881  -48.47266172325249   20.6212263173375 65.99854283605762 
 -17104.924527921597  -4817.161802064365  20.69941784626818 66.02166401152945 
  -19871.48881522667  -5759.972781158059 20.667038651455893 66.04045838863384 
  -20196.80537645495 -3989.6423133325698   20.6417749500118 66.03074808145513 
  -17843.00412647951  -6846.953260565379 20.711081442077802 66.03794005003866 
 -16785.074550661793  -6630.782240919532 20.725103681566228  66.0316643182013 
 -16899.972528466642 -6314.9801486855895  20.71970695604203 66.03019790991401 
  -16640.08703402802 -6105.3538961659715 20.721363556582684 66.02766519709229 
 -20354.156567843864  -7606.150870873642 20.680579774895048  66.0543900857774 
 -18990.157709554023  -7308.585825863607  20.69846353816745 66.04618267503416 
 -18132.825642406242  -9561.937307001272 20.737584852754942  66.0564731375927 
 -20423.671041112968 -11099.866139940801 20.719423548649768 66.07683741943833 
  18856.420555959412 -10572.505076183525  21.32226951471026 65.89011464319432 
  18316.135212365498 -11640.639166906652 21.326243527215716  65.8993683131937 
  20333.438741000402 -14522.333282540358 21.390485166464554 65.90798957290892 
  18025.263164255193  -12801.55637030469  21.33512939290061  65.9080328114741 
   18388.87563745771 -14198.626123085513 21.356821305682466 65.91510353575126 
  20256.722514544177  -18976.28008883241 21.440706762171715 65.93631944705122 
  20184.074962257317 -15003.727356584515  21.39373692433399 65.91171626935241 
   19896.10600376564  -17771.18337722477 21.421236339964235 65.93045191265122 
   18376.99462352689  -17324.12900439697 21.392682020081956 65.93479568484653 
   19779.85991760636  -17553.06232863794 21.416928366741452 65.92962965372564 
  19696.260746313365 -17266.027173951443 21.412327832733542 65.92822080416371 
  18499.247157465463 -15022.430016602293 21.368015819913655 65.91976083208594 
  16787.152107330126 -15133.196345657732 21.342919464996747 65.92850790811953 
  16016.953712710616 -17089.818496385375 21.353610036192297 65.94442570443542 
  17365.769911129726 -18978.350318256325  21.39619891424018 65.94994518867482 
   17381.11386137819 -18887.730031856216 21.395388874203707 65.94930378667108 
  15815.245174938116 -11916.666845397018 21.290901626066784 65.91285237898745 
  16850.927224264233 -11823.795677585777 21.305788827085365 65.90740407134147 
  15458.225655744931 -11165.801088838987  21.27676237321702 65.90980617254907 
  16068.823704316355 -12340.280752127357 21.299683717253508 65.91432538997513 
  14985.299198560366 -14118.283852828494  21.30345369393187 65.93059498082663 
  14460.461365739544 -12940.995787505826  21.28180711321082 65.92565602425799 
  13772.166260292484 -13637.095029386313 21.279205725630785 65.93326575208044 
  13351.696211612225 -14342.624394307963  21.28084335812694 65.93967737557975 
  10023.317425392903 -10661.831438191477  21.18713642354295  65.9321246347997 
  10259.645238167936   -15196.3617377721 21.242943801872418 65.95955950275626 
  10844.219973578978 -14375.586210405974 21.242521793445885  65.9516524575418 
   9828.608539873794 -13681.126065983739 21.218844512710035  65.9520451163121 
    9488.21003273687  -14764.69251390212  21.22605669012263 65.96046125289602 
  15282.739120010256 -15266.771263275608  21.32127087865955 65.93641842246723 
  14519.641904346621 -15446.647069614542 21.311576787363997 65.94113473225428 
    14656.8572698616 -19297.605620700837 21.358113978116563 65.96469526561256 
   12286.28860887366 -19529.695500815928  21.32420384444928 65.97729805119509 
  11238.921929980905  -20204.29900262749 21.315814732322053 65.98646053607054 
   8660.255480742344 -17838.431058535112 21.248669295049634 65.98368752995754 
    9270.46018614594  -9839.857055675173 21.166069866174148 65.93047508029873 
    8351.75764812442 -10645.539410349915 21.161132822330533 65.93985207922604 
   4262.998736154196 -12210.710809232232  21.11589151557797 65.96885135437644 
   6427.431824557869  -13437.76677062377  21.16347857186188 65.96645070811833 
   7076.586442773161  -13843.00442381446 21.178177194451063 65.96596223168275 
  4018.0778028355567  -14072.14075864702 21.133494890256603 65.98172684508849 
  3575.0352918315953 -15600.863749951744 21.144219586935545  65.9934319282667 
   3925.018190780411 -11494.367765657695 21.102433217563462   65.965917620284 
  4531.2717823513585 -10348.896096938966 21.098662713810324 65.95586220791438 
   2321.502408457305 -12726.829654066645 21.091764407703195  65.9811851846575 
  3065.9259601673734  -12393.87130754091 21.099466592366362 65.97560517297991 
  1238.1936748076748  -10684.38507037369 21.051536121122453 65.97337041893229 
    1577.96703147606 -10883.637461638758 21.059085291914823 65.97303946054633 
  1154.7277305713594  -13022.86962218716 21.077091280725273  65.9885064981311 
   6953.934513762886 -16977.119549667932  21.21235756619592 65.98626949653305 
   4890.932798708531 -17408.169462637416 21.185399841675906 65.99865207325686 
   6449.610096797221 -17921.238793443532 21.215433889408615 65.99457678076023 
   3147.313473476689  -17351.99220863053 21.157752416516434 66.00646543045274 
   4570.371634297154 -17477.950115686268 21.181240915818186 66.00059336864089 
   4423.888048788051 -17594.383063600693   21.1803141174408 66.00201282572705 
  2028.1187375512843 -19889.642695159517 21.169648246364567 66.02768992826114 
   4016.866124833243 -19303.697294456422 21.193708491733634 66.01468287077837 
  -1503.785901053305 -18405.830225912836 21.097774755489063 66.03487109908889 
 -1998.0918249311394 -11628.361208720034  21.01220655304832 65.99443864703285 
  -4423.552177879855 -13048.993523826755 20.990872394859664 66.01472297258599 
 -1418.7085369165238 -15022.385074604867  21.06017148429883 66.01314181232316 
  -4110.294581849165 -14998.243973055045 21.018121199188798 66.02556117128073 
  -7953.419353461326 -16418.962278620627 20.974725207376462   66.052460696624 
   -9104.65137189789 -14947.796860143808 20.939921573782915 66.04853973185163 
  -4480.416341131466  -19058.67334165293 21.059071160506132 66.05290182398974 
  -6646.993111972351  -20367.99999647385  21.04046974018888 66.07128129923325 
  -6282.111793035514 -20207.077726792995 21.044290517595698 66.06856192910027 
  -5354.103765488308 -20032.918166768184 21.056711769477733 66.06312803196118 
  -8236.744396159538  -17805.01139667021  20.98625076160688  66.0625311082718 
  -6895.640599125265 -17237.754982785416  21.00058459399541 66.05269339584227 
 -10708.391841317929 -19687.666565656447 20.969434494289406 66.08594387134343 
 -10756.783093954324  -19383.60403509763 20.965182962752866  66.0842500036464 
 -13191.799937950167 -12772.251017828348 20.851347725390138 66.05382475133422 
 -10547.845838293499 -15168.215704543696 20.919995809170576 66.05665672355202 
 -13931.942275354178  -17312.39603058864 20.891906130935215 66.08596339461911 
   -18658.2595986145 -17828.895373475094 20.824100026714998 66.11121714528201 
  -13203.37570679236 -18730.644966340187  20.91955818448229 66.09153012996465 
  -11657.48061821738 -17860.276297956196  20.93364020462194 66.07882999304839 
  -13071.93701156088   -17803.2661812086  20.91094869180422 66.08505975402471 
 -16945.972602032998 -19683.283860371816 20.872133812420525 66.11497564807117 
 -20118.532992371333  -13238.20097225389 20.748661366094243 66.08895786248634 
  -19697.35536552485 -16456.832991044044 20.792127502112123 66.10736824459707 
  20387.639578415095 -3599.7971540098392 21.265735623638058 65.83907464948258 
   19511.86393322847  -5716.709615193793 21.276557261173956 65.85650167780375 
   19493.09760115959  -6753.248791128033  21.28816841232287  65.8631091333444 
  18913.493970018288  19869.609375106294 20.975546967482273 65.69807700941325 
  19959.024130771206  18249.709613157673 21.009950020714424 65.70342188649231 
   18011.84973893145  17206.951664574233 20.991908189060883 65.71908926986168 
  12659.430245359925   20142.10234496682 20.876426957417266 65.72549539583538 
   17968.93653059565   20216.33718958519  20.95712784447849 65.70029288818075 
  16181.186534227392  18238.511473273393  20.95210348499646 65.72111547024099 
  13966.834108263787   19254.94404268188 20.906568278910882 65.72501394886207 
  13982.538754267802  19044.311674842695 20.909195900599094 65.72627145031902 
  15279.910339154887  15263.588684220906 20.972010748761438 65.74409983802612 
  15245.734980533689   17044.56478658747  20.95127511400763 65.73301516957834 
  14912.864200190792  15540.730801631189 20.963224240152602  65.7440619629372 
  14143.209879471604  14481.521878282418 20.963419285457064 65.75433799297802 
   9522.949730362876  19841.747973369445 20.831583334980383 65.74198513945107 
   6541.407068576921  19662.659220141315 20.787697647773264  65.7569748354116 
   8149.815841924772  19104.787952598144 20.818785469877685 65.75302924577797 
    5746.37363261078  18858.026688380127  20.78455048659816 65.76575839464292 
   6342.043606922798  18114.343355294513 20.802148824675882 65.76769538876442 
   5764.010735230463  18831.541642012646  20.78512204911264 65.76584402644107 
   5946.745243468264   17120.90915023553 20.807305870884875 65.77581590466895 
   5054.898747079803  16611.741628502212  20.79932291530476 65.78318085626957 
   6005.787169752662   15023.83775038069  20.83198103670541 65.78880321979265 
   4813.063018273192  16054.120382218052 20.801910716881093 65.78783175051056 
   3151.632299690936   18107.31640120979  20.75303250455547 65.78255733532556 
  3738.1943433873257  18309.336234409686 20.759795302294467 65.77855586085458 
  1735.6288176579076  14369.396225424643 20.773508283910584 65.81278579225157 
  380.11212542791554  15779.499918724912  20.73659566976995 65.81015407991158 
  348.66274173731904   13114.31140654941  20.76631080283583 65.82716806485149 
 -278.66792224446795  20441.613305660623  20.67368839294316 65.78368645091734 
  -3705.244656276546   19363.46849791233 20.632913268004007 65.80638923107867 
  -4475.884215377503   18760.38007315387  20.62780721951838 65.81377927134304 
  -7867.341898605798  19969.086370732104  20.56166339208474 65.82180407968124 
  -3040.483433668994  16338.135103023322   20.6773987933753 65.82247887696593 
  -3712.127935869213  16951.389599069284 20.660072379126554 65.82170584633899 
  -1233.243021229275  15583.573785128503 20.713883088158866 65.81887901368141 
 -3118.6788884419198  13002.797081821001 20.713959651749065 65.84396453988204 
 -3090.8470588193773  13991.892504484555 20.703182967557307 65.83757233676354 
 -3718.0308916397544  15299.613464134869  20.67867104956821  65.8321973140302 
 -3799.1948203321103   13131.50871415958   20.7019703615001 65.84630531417623 
  -4713.211118188936  18383.013921617563  20.62839971437849 65.81726971703254 
  -6342.187958247346  16509.654037452296 20.624363372190253 65.83668427150329 
  -8361.819524917719  15487.996469749976  20.60463148298671 65.85250740761607 
  -7210.117121815944  13958.018651475706 20.639790637523905 65.85687435387612 
  -5437.918938793656  14602.104182399302 20.659947523811354  65.8445851432204 
  -6201.159208010607  12759.184406865232 20.668998597245913 65.85979693225104 
  19857.356605616358   8785.937660776544 21.115998485659475 65.76357433435783 
  19682.575678107194  13642.498212781999  21.05803306043214 65.73377531295091 
  17106.031126365317  14091.208336648422 21.013379630765023 65.74297816915514 
  17164.327143171915  13967.281045513639 21.015683131117648 65.74348794890405 
   16709.74931750282    11584.6564250479  21.03578982721468 65.76064167049513 
  17684.613443882336   12403.29875400189 21.041453278312417 65.75092470532631 
  17648.482607307273    12417.1499251394 21.040740858387394 65.75100610113996 
  17691.166377801255   9099.216096452017 21.079161629705425 65.77172991480353 
   14264.58224424527   8546.314683694061 21.032781145517518 65.79122701931719 
  16219.036235454345  10336.647624708161  21.04245006671902 65.77080565164924 
  17309.414743580604  11155.409790928452  21.04988644035433 65.76054803105302 
   16659.57352427326   9731.740909835382 21.056106856350432 65.77256268866938 
  16788.853141498235   9677.864685618079 21.058707039760627  65.7722983881611 
  18857.449578376276   8204.601943776392  21.10727070284145 65.77191558024438 
  14941.603369244565   5513.598467908598  21.07776251639692 65.80718952146371 
  15876.056284668586  3197.2009826243743 21.118577652847872 65.81742035654862 
  15792.406264759455   3325.144567872863  21.11582959093511  65.8170054321122 
  15404.679715379296  3974.3499487869212 21.102451899784775  65.8147275120868 
  14552.106406056464   12737.35923880155 20.989520502861147 65.76344045140947 
  14114.862155988227  11874.496996715054  20.99260604803713 65.77092629556822 
  14261.041953900525  13811.473105692876  20.97284084048161 65.75801845223866 
  13969.488211249427  13708.895826219468 20.969523320901732 65.76002575533667 
  12826.902951535454  12298.443099856491 20.967975716359334 65.77425836423711 
  14461.923336743594  10749.961006958927 21.010733010863078 65.77640292057838 
  12179.097364214571  10263.789005437877  20.98114178275421 65.79012355168214 
  11696.054709454702   8699.725398359527 20.991503676736933  65.8022488799588 
   8415.345211809143  12506.266704969668 20.897689391143032 65.79350372712746 
   8810.995329420888  12075.181387964592 20.908682072582337 65.79438467177864 
   9131.841327126815   9676.895008937618  20.94088633695272 65.80803777719898 
  11032.168268993395  10638.634458018092  20.95922153614848 65.79310623224222 
   9573.354340817716   7899.637945881987 20.967913493851032 65.81720092746085 
   7881.049564520914   8930.012409222185  20.93010179252979 65.81858367109139 
   6097.104692892778   7677.548423485176 20.916835374955593  65.8348061223282 
  13430.586733557042   7949.650637713254  21.02674489024763 65.79888554742404 
  13054.067346708996   4700.829057524157 21.057983593382364  65.8211360267237 
  13145.888325608412  2579.0647930170508 21.083615543271478 65.83408528806422 
  10886.588328126907  4052.1773982441805  21.03199709164749 65.83535215702177 
  11302.330986429017   4778.586695809132    21.030117234081 65.82882828469442 
  10533.542468989532   4653.072369542229  21.01970266608582 65.83320980678677 
  10281.679354469998  2286.0290133624217  21.04282965613176 65.84931794590135 
   9648.407750582988   3363.450110067757  21.02076940106124 65.84547867905775 
     7268.2625201152   4779.418198960473 20.967911801638447 65.84764872496915 
   7980.055891823047   4847.380362308565  20.97811793871523 65.84389985669924 
   8470.682250583128   5640.684928287129  20.97664364120329 65.83660376799924 
   8183.080255266902   6243.975150099851 20.965335191133484 65.83413667967162 
   6080.152967532293   4843.428238126619  20.94884710147324 65.85278425736472 
   7771.727905481338   3870.306798536462  20.98604398389006 65.85103892487034 
   4809.536316230811   3679.782003608066  20.94249133734238  65.8660550125269 
  5363.2992805229605    4303.23012564078 20.943936543240707 65.85953691920496 
  15520.007025299243   2303.806185881308 21.123305463396385 65.82471608654896 
  12654.090704567798  -1514.912441770778 21.122838639415342 65.86218949147822 
  13292.670778234824 -2964.1832037039035 21.149268091133536 65.86833174254942 
  18078.827912465793  -3421.482247303198  21.22819142157634 65.84878455519728 
  18313.436714190397 -3796.2414627530106 21.236096129574072  65.8500426933389 
  17751.794217871495  -4840.769431616209  21.23943351880345 65.85925022847861 
  15735.212524488654  -5008.034839447073 21.210312118482687 65.86975941043372 
  15185.465996661298  -6015.972278265635 21.213406287798126 65.87868141694553 
  18395.952449432865   -6698.49541580978  21.27066254886955  65.8679156293593 
  18109.171196165644  -7083.544404800917  21.27067093711629 65.87168387529678 
  12133.808484526866   -5961.43498651307  21.16575054352664  65.8926375197913 
  12415.754744124633  -5449.692133090163 21.164230562998632 65.88809395254233 
  13046.898498817316  -7291.274035195724  21.19508346685883 65.89673399187683 
  12091.716343969822  -9178.855319358949 21.202022615777338  65.9130944936913 
   9840.943352670261   -9020.68325575975  21.16547291770157 65.92264390182454 
  10952.709979242209  -8372.733006761106 21.175194595883905 65.91335577842295 
  10422.428816000955    634.840276028017  21.06385894787753 65.85907378759595 
  10569.264686195937   631.0848696583582 21.066165770121653  65.8584112589315 
   12023.00620606508   913.6476415957154  21.08534375296757 65.84983436172101 
     10640.773019697  -602.3718196638232 21.081366971245593 65.86585409991503 
   8133.492311789318  16.957869640020427 21.035611370090205   65.873664113246 
   9726.884026151276 -430.66499085962005  21.06531023404395 65.86904311488868 
    8834.21706949435  -629.3362314772844 21.053810264436592  65.8744671926885 
   11253.89942788056 -2173.7887987846566 21.108795589987505 65.87289238578823 
  10376.586374486536 -1450.1841512794956 21.086988501727806 65.87243413042371 
     9543.1981815097  -2488.244163823188 21.086008801730003 65.88287471468948 
   8748.623954784573  -2380.163349299152 21.072511290041557 65.88590772927273 
   7904.082535748151  -2279.577331171947   21.0583249496173 65.88922030329894 
   7543.157948213058  -1452.144944473951  21.04329066949324 65.88568803171785 
   8106.152369995876  -3262.720068611593 21.072693009634204  65.8944753895104 
   6330.915923125159  -735.3588649765485  21.01637954769599 65.88682717433723 
   4839.266419329036  -996.0797650310298 20.996315467243157 65.89543451694205 
     6893.3665116333 -2383.5054321014513 21.043907756641588   65.894597742456 
     2875.4268476062  -3032.586286062383 20.989232141659862 65.91745059491309 
    3665.26460705672  -3309.685806688475  21.00461588979182 65.91551356373151 
   4733.880113174844 -2942.8718521732326 21.016941305567265 65.90821088103387 
   9013.022786992333  -6162.378844683786 21.119903900905392  65.9085122572631 
   8154.198551118135  -4811.004966409462 21.091160744615102   65.904011944614 
   6915.208141665927  -6829.243360028836  21.09514828242861 65.92252794858787 
   8207.544624428394  -5685.246379957645 21.101999480367933 65.90927317722118 
  2471.5186361124074  -9280.260566448456 21.054526527105864 65.95875286017527 
   5343.694198228219   12187.56859722332 20.853949191524077 65.80981415454754 
   5796.002536113835  10578.174606500821 20.879206287975304 65.81788156820596 
   4777.126176835302   9689.128369112912 20.873587653321184 65.82824233340125 
   5814.448592202571   9846.571614435268 20.887805413983838 65.82241887638276 
   4358.756905276713   8238.734549062878  20.88361983490867  65.8393555824632 
   4404.999037757826   8164.948786221842 20.885172987397283 65.83960658402174 
  2287.2586261910606   10160.04232871488 20.829790915567497 65.83684790944189 
  2493.9532653253664    8643.40876812071 20.850218134925083 65.84547550942904 
  3019.7097305916095   8298.319407433117 20.862263353567027 65.84521092658885 
  2252.9433580687564  10880.219471815642 20.821081829226564 65.83245337468733 
   323.2421693906071   9089.489688104568  20.81160087283339 65.85274817441605 
   5389.245182121397   6180.659828067249 20.922949619343946 65.84755901359058 
  5031.3845074236415   7321.002943434674  20.90444457661461 65.84202240503575 
   4311.034728428152     5694.0248443935  20.91184283828781 65.85565577261718 
  4006.3377621814957   5403.153990382878  20.91044922903036 65.85891249373292 
   3597.353716021486   5867.447264679924 20.898844788769328 65.85788395202108 
   4437.409810245651   5280.971592279524 20.918498749162655 65.85767630351657 
   2968.321150627853   5969.123830515505 20.887969112819242 65.86017032003893 
   1975.668637901677   5056.546261711658  20.88301807999342 65.87055805433799 
   629.2320220119732   3253.591676012049 20.882734750041667 65.88821913504466 
   956.0073888403659   3410.305303583817  20.88600355376951 65.88570764216017 
 -405.18995097335466   6656.008229490346 20.827999149086445 65.87152366757249 
  -3309.422597709962  6451.2782555178055 20.785378380571586 65.88631549619933 
  -1178.459414526364   6449.048898693714  20.81838975525039 65.87642734400619 
 -2107.1731186652887   2604.244438572014  20.84778188545681 65.90505652548363 
 -1290.4186326678698   3455.016950218465  20.85073515619613  65.8958788855106 
 -2450.1170707072597  3099.8709740437266 20.836824916524204 65.90351802347207 
  -3211.613131776802  3778.4180750630603 20.817303778253024 65.90276775643821 
 -4072.5078610516757   1565.152095284469 20.829175600193842  65.9207661361065 
 -4132.7073607247585  10725.001314870817  20.72409302017338 65.86308977602717 
  -2726.165369418386  10996.669817848955 20.742781745358553 65.85484374357459 
 -3748.3549451035583  12428.140180398344 20.710728949480426 65.85052353575334 
  -5597.132876829675   10070.08393437198 20.708843399884728 65.87402880164406 
  -5312.303076586586   9247.256857804943  20.72259348006686 65.87791758520689 
  -9423.139441866137  11913.004378409589 20.628643830110953 65.88008112362922 
 -10919.596023046164   8597.230382738204  20.64301219548946 65.90802377795173 
  -6036.564998115232    6492.97511406641 20.742652835180944 65.89871382723187 
   -8253.53609424612  2830.5870309550833 20.749920622581243   65.932184092892 
  -8959.586737563526   847.7350582589856 20.761538162580052 65.94801062459302 
  -7588.496100488315  1800.9073985240716  20.77196405272647 65.93561266181719 
 -11302.268121857798   5372.055328136376   20.6736856833304 65.93023086707478 
 -11047.815955020516  3299.1238612829266 20.701202983853957 65.94218086573122 
  -12502.43017786635  4053.5963554036816 20.670022678860093 65.94414440261296 
  -10937.59935289687  3022.4134312710744  20.70606265864966 65.94342208753892 
   3801.335609071447   962.7332932876326 20.957906635599198   65.887911296579 
   288.9923848122258    515.985827840058  20.90868524647869 65.90710055077432 
 -56.625333680099416   319.2569324172674 20.905580874433294 65.90995308215811 
  1509.1392098961292  -3336.149274789005 20.971564816130446 65.92574018463988 
 -1226.2195793917865 -2996.3604207104027 20.925330003167165 65.93634576499072 
   414.4870745659038  -1851.867680704416 20.937659888659784 65.92147197286836 
  -4389.170661676693 -231.67969945355986  20.84475250936763 65.93359958077916 
   -3987.86279579545 -2000.4455666936383 20.871157576852774 65.94291313809607 
 -2757.8098610051898  -4176.961578295169 20.915089949987927 65.95093838246531 
 -1632.7273806106934  -6732.459892724295 20.961760901629123  65.9618332592564 
 -2813.4800365689503  -5397.613056710958 20.928184052415997 65.95890789831485 
 -3489.8992217221326   -5298.54334954722 20.916563019190136 65.96143355814226 
 -3829.7743839889426  -7662.917822164329  20.93834517131948  65.9779505680258 
  -4904.119281917399  -8598.197987254638 20.932383878182737 65.98886398369875 
  -4873.585596226855  -8522.275321017816 20.931988327941532 65.98824219822428 
 -3874.8821811994903  -7990.958726851902 20.941401287706288 65.98023240321282 
 -4880.9337848624045  -10398.01227780972  20.95336445897378 66.00012145009488 
  -7388.200208909232  -8596.718711123995 20.893794591919075 66.00042557490367 
  -7838.836756083107  -8389.892655090105  20.88442606002494 66.00121666800045 
  -7100.394139229812 -1849.7264312782004 20.821153655916234 65.95643760654941 
 -7857.8483533506205  -234.7683486279047 20.790978209723473 65.94974308993658 
  -9477.611329426669 -330.73749609477545 20.766921388616513 65.95787331412518 
 -11677.763719871815   70.59083266469045 20.728162864765658 65.96554486009816 
 -14122.782392630588  -763.1182646921933 20.699636378676622 65.98216362741006 
  -12473.40192198123  -374.4574513226366  20.72086336371075 65.97205345818124 
 -12842.423250333064  -4017.169521800278 20.756658322211308 65.99682414515034 
 -15038.542000375326  -4253.156993344396 20.725170648010387 66.00850936276541 
    -9785.4521924103  -7471.181480669425  20.84366095639136 66.00446756039838 
  -8389.532752852314  -8030.397551884395 20.871755065529147  66.0015080045886 
  -8668.915428485294  -7613.006405065031 20.862638000631772 66.00016998472796 
  -8049.160505742366  -8060.495704046437  20.87738838519955 66.00011407769925 
 -11695.477499479286   -9325.36154740083 20.835166308918378 66.02507340466913 
 -11934.299654347826  -8709.054513101768  20.82439815802361  66.0222867936096 
 -12007.813730968466 -10896.103655440418 20.848287878446726 66.03645678203121 
 -14132.436018397133  -8376.306700927358  20.78637454928417  66.0303972629544 
  -14335.25081122339  -8214.797653738282 20.781369425250922 66.03031753033822 
 -13816.000938173098 -7937.4954030416575 20.786284745205535  66.0261512321814 
 -12718.331979298056   -8919.72567840092  20.81460619194917 66.02726372104925 
 -14912.489410340711 -10787.483024042049  20.80180891968272 66.04927416959386 
 -16098.952068594306  -9456.439332293528  20.76808986983409 66.04636451086859 
 -17694.919139643764  -11689.30499662503  20.76875348218806  66.0679042797698 
