\ This script generates Case-1 astrometry challenges. The telescope used in this
\ challenge is distortion-free. Sources are retrieved from the Gaia EDR3
\ catalog. A list of source positions on the focal plane and ICRS coordinates is
\ provided. Solve the field center and the position angle.
\pointing_ra=215.5170543109332
\pointing_dec=-61.916644720361425
\position_angle=56.158027321032954
|                  x|                  y|                ra|                dec|
|             double|             double|            double|             double|
|                 um|                 um|               deg|                deg|
|               null|               null|              null|               null|
   19323.93020452809 -20105.604101863733 215.05979413059467  -61.87778453112316 
    20076.6309809586  -17065.69770957457 215.09510661581623  -61.85970264743752 
  -19817.52625352596   2564.370622243263 215.73742627016608  -62.03443930504109 
 -19828.987545541175  1443.5928310558136  215.7219862378693 -62.039436665487095 
 -20279.033151371008   5050.856749524061 215.77622642188123 -62.026512175194775 
   -19633.2693769649   4024.679139494838  215.7559495617338 -62.026824382372304 
 -20125.195003911154   4115.156397708981 215.76181361940914  -62.02962550981318 
   -18986.4429308619 -1428.5883744657795 215.67423422090926  -62.04656089653087 
 -19784.329818555143 -1962.8774623261552  215.6742828335235  -62.05409759810255 
  -19846.50826170607 -1201.6526417885661 215.68543552510292  -62.05116251835178 
  -19459.95666856735 -1577.9011163101816 215.67659268242772  -62.05029765668982 
  -19482.55344221895  -764.4465956309704 215.68809830522179 -62.046875626234915 
 -18832.135684672296  -1214.801292576336   215.675758368474   -62.0446187747472 
  -19875.64317384994 -2358.8984616444527 215.66963736721218 -62.056429064086025 
 -18848.115463716724 -105.74402311185247  215.6913028085664 -62.039856571486396 
  -18632.54380159487    557.267282721064 215.69848589705126 -62.035544019528736 
  -19141.14829972683 -446.87832850857865  215.6893107891657  -62.04326042932955 
 -18172.654870084385   3123.768461546931 215.72977899892243  -62.02128326941604 
  -18638.11929179797  2398.6000343815454 215.72408135948976 -62.027495976781616 
 -18475.317084189224   3838.683003555861 215.74252431510834 -62.020111236299144 
 -17365.269026865648   5114.140283906091 215.74980689719095   -62.0072877524118 
 -17263.037722102476   1898.169593665045 215.70427053062912  -62.02074746684084 
  -16454.15143984452   3660.884002379781 215.72114055427588 -62.007745663640215 
 -15682.438723388565   5229.138882786235  215.7356503235572   -61.9958378481626 
 -20068.155650048437   8947.367424452215 215.82822556577347  -62.00799853197185 
 -19549.065191269325   5598.396339682547  215.7769727672367 -62.019358820303964 
 -19496.827742809972  5746.3384432403445  215.7785332068735   -62.0183686869797 
 -19808.585043480256  6360.6932795738885 215.78996748069753 -62.017693588171895 
 -19682.237653987067   6981.373771341727 215.79738143005235  -62.01414209692668 
 -18875.469973388877    5977.85607107129 215.77591836022708  -62.01331101298344 
 -18543.125925368968   6735.587453819654 215.78330105134972  -62.00781839202626 
  -18306.17309960096   7307.361610143931  215.7889997487035  -62.00376337184423 
 -18509.382451904752   8931.373456497933 215.81338886834124 -61.997939379408464 
 -19221.021354057244   7758.716091653966   215.803823943246 -62.007724439530016 
 -19860.325499138457  10553.409960279649 215.84850556996344  -61.99957649511289 
 -19003.415132073336  10880.573027338147 215.84499491094985   -61.9925686104534 
  -20245.94404420464  11285.078475562716  215.8622473886609   -61.9988585732104 
  -18466.72615809329   9784.559931790705 215.82479744616165  -61.99390707477009 
 -17912.536212356637  12440.194281855429 215.85633686689147  -61.97861260249714 
  -17335.75512630108  12426.367243085482 215.85073833123772 -61.974926622039504 
 -17569.337162713102  7080.4622572490525 215.77895495305532  -61.99997111255264 
 -17243.740076943934   8486.279702688902  215.7953686313049 -61.991671617991855 
 -16579.106809266203   5488.913545638772  215.7476397420785  -62.00052826292992 
 -15277.459859368155  7051.7684970707905 215.75710173138594 -61.985195467935476 
   -15752.7937963821  7407.0227010332355  215.7664682699573  -61.98672476131586 
 -15559.244225909808   8694.848542901509 215.78248151393223 -61.979804072046655 
 -14286.115018799263   8643.526365392047  215.7698570219899  -61.97175254180807 
  -16211.01074554382  11063.980948988534 215.82135962248256  -61.97361725360877 
  -15671.04489676125  10075.905339397876 215.80263609037507  -61.97445608398168 
 -14163.543905188151  10110.593962074436 215.78900486074534  -61.96450454804363 
 -20207.916606337512  13795.387004981085 215.89660902446678  -61.98754792200001 
 -20052.865109683942  14974.417831770372 215.91145094143303  -61.98134196925031 
  -20218.36667633299   19236.81209478885  215.9718774006177 -61.963603964849895 
 -19132.703437242075   17211.88282919487 215.93372276086626 -61.965497917301356 
 -18923.819226358748   18140.02048228135 215.94457722275766   -61.9600460661266 
 -18937.983322921846  19329.118752250568   215.961123991296 -61.954888556738595 
 -18495.865826404068  20196.050775109146 215.96893495739377  -61.94819159149865 
  -18179.53180512415  14157.213775582266 215.88257668864588  -61.97278106477587 
 -18602.139510049157  12989.393778585925 215.87039753060273 -61.980672336158605 
 -18660.818912391438  14998.180738733417 215.89871357871618  -61.97219905293871 
 -18754.364348800795   15376.51709058053 215.90481900380178  -61.97113815056214 
 -16769.326551053848  13783.248549616492 215.86418503485947  -61.96526993964478 
  -17546.31394368427  14846.495261394104 215.88616260412743  -61.96563067351481 
 -16458.351935542512  14170.175973791507  215.8666170448014   -61.9615452748843 
 -17482.296491113288  15149.236675932316 215.88974496058694  -61.96388042409459 
  -17953.15327989823  16944.196670816844  215.9189548163319  -61.95902218997878 
 -18244.077515214783   18041.47658778766 215.93683548552534  -61.95606927297653 
 -17075.932268983324    18695.4675957748 215.93490000234846  -61.94560128758026 
 -17910.014559309322   20265.86142941407 215.96439716017503  -61.94408200779794 
 -17450.831918296386  18894.012936330448  215.9411579897113  -61.94715834897971 
  -17857.47778207326  19876.475336786058 215.95853175411744  -61.94546043189752 
  -16636.40793000543   18221.70961342542 215.92423808842562   -61.9448386815681 
 -15226.148170739456  18888.902806111182 215.92021968263086  -61.93274056059753 
  -15306.80023885818  19669.785969564044 215.93174867377743  -61.92981888865294 
 -15952.071048487735  13646.033069643638 215.85462941988493  -61.96056568151715 
 -16216.123187818483   13802.64579304005  215.8592680877296  -61.96159107058092 
  -15575.44751418238  13110.979837472474 215.84370636338429  -61.96047546471842 
 -14944.928348022186  16040.590436282919 215.87826979844914  -61.94347354690908 
  -14327.87623574732  14063.505516310772   215.845183179615  -61.94817548181884 
  -12325.26230762265  16376.866120272054 215.85837865653698  -61.92497657834856 
 -14070.029056538551  15464.061682770638 215.86211284327376  -61.94033140395188 
 -13729.056185671845  15213.977540500415 215.85546623580578  -61.93921817092781 
 -13597.055973707049  15882.177346976376  215.8634566508679 -61.935417106100694 
 -14707.647905994465  18559.613308440916  215.9108157315244 -61.930826918627275 
 -15235.636410139585  17919.589922731335 215.90693303687368  -61.93707750724212 
 -14506.111406357402   17324.65998385213 215.89188473487116  -61.93496384897195 
 -14903.255017402054  17616.272952844844 215.89963134657614 -61.936256939927176 
 -14768.116381957354    17423.7272493609 215.89570732197325  -61.93622841158267 
 -14084.339557697007   17014.69699056022 215.88365477096588  -61.93359126528443 
 -14032.896255973315   17980.44099498062 215.89650087177634  -61.92899986763292 
 -12915.221234638053  18108.433383915504  215.8877971794176 -61.921177882176764 
 -12441.201194291547  17530.605259023465 215.87538600987827  -61.92064622669831 
 -12065.815366624427   18281.11287056924 215.88222579763553 -61.914900630628146 
  -16587.39075375743  -593.2556328729347 215.66338809814928  -62.02728223787695 
 -16041.436989319902 -1977.0519972086852 215.63907823705205  -62.02979532092841 
 -15156.138898662326   -2191.05602909374 215.62783557486918 -62.024968966726334 
 -13960.845940605694  1119.6601650589023 215.66260075312346  -62.00267356298139 
 -13089.453910890035   98.04125232008712 215.64029494406907   -62.0014801558641 
  -13157.15576838567  1184.6403386152308 215.65599461219855  -61.99715709678194 
 -12769.775059783811  1761.1466534531348 215.66036901503804 -61.992107398253516 
 -14194.629745324562  261.26178056364415 215.65288055438327   -62.0079595377634 
 -15368.426340781829  1629.6073114989367 215.68282640888697  -62.00959779619314 
 -13471.495997472268   5228.730845495302 215.71496922120213 -61.981457681884976 
  -14999.73846502611   4258.234599019238  215.7158138427965  -61.99566110787656 
 -14541.563035611054   5080.938973001166 215.72292638507574  -61.98906781188599 
 -13953.246824326478  4275.3324685543175 215.70626657641364 -61.988777708374485 
 -14019.336687357132  1998.0767468944216 215.67532591922335  -61.99920132446599 
 -13384.392861689568  1759.7261431154946 215.66608976843975  -61.99611423655549 
  -12488.97875526434  2591.6494833445613 215.66925724340805 -61.986637264637196 
 -13206.062408318328 -1051.8289750564857 215.62543367608504  -62.00727884407822 
  -11433.97674528412  193.86017662240778 215.62617145447695  -61.99028119311992 
 -11417.750739744495 -452.50242487690156  215.6170569874789  -61.99300755760027 
  -11671.20394064169 -1456.4999309648324  215.6054956698913  -61.99905615594721 
 -10409.249705989056  -438.8864047851109 215.60783883617674  -61.98638001485139 
 -10862.314743265115  1276.5400958242242 215.63584679554026  -61.98181417663748 
 -11312.694546191586   68.68705255598458 215.62330421002875  -61.99003992259957 
 -10897.502051452046   832.1780265019462 215.63001563685395  -61.98399075618721 
 -10270.911372901022   1851.555045647313  215.6382982920517  -61.97544331364114 
 -10776.209744899219   3565.116902664403 215.66675332977528  -61.97121946420955 
 -10743.896378252311   5578.774656762411 215.69433506124648  -61.96217446367564 
  -9881.335515465076   2482.626885937975 215.64340799393466 -61.970140684224475 
  -9873.392557031917  2385.5289470107537 215.64198868352545 -61.970514610051076 
  -9773.437238605165  1984.5238121504294 215.63550036242242  -61.97162151138149 
  -8979.814614531499  3692.9327983044745 215.65176290262485 -61.958965543505585 
  -9402.043197863262   5738.127842976284 215.68401568887109  -61.95274326421081 
 -13125.828544459982   6647.795712485076  215.7313861353018 -61.972977042376556 
  -13643.66377413402   8495.786475336034 215.76180314853735 -61.968224676730735 
 -13483.985563629898    8180.97758617782 215.75595389568633 -61.968570008431755 
 -13262.357147076722   8873.825363067084  215.7634671737528 -61.964083564218335 
  -12115.65098480897   6237.653316297047  215.7162679894332 -61.968207065549066 
 -12300.782101250761   8069.390103895559 215.74334775312605 -61.961365681901185 
 -12643.300137172624  7864.6063587204035  215.7437159548918 -61.964493065922824 
 -12528.758979930917     13267.900446322 215.81735153371253  -61.93998794567977 
 -12556.482428418814  12122.752911835016 215.80178771248424   -61.9452071265278 
 -12387.756344680525   12390.62400915546 215.80391117797151 -61.942931930121404 
  -11917.77634235609  12877.701194253106 215.80624523215718  -61.93773422278901 
 -11487.103553044124  13084.253431960757  215.8050709765349 -61.934026267252584 
 -11018.218276672867   9693.019906113372 215.75381843286007  -61.94589017715489 
 -11158.675853033203  11366.184538182199 215.77826083252205  -61.93944830229325 
 -10723.166080922265   12016.27148363247 215.78317359052912   -61.9337582789475 
 -11130.542138478853   7097.955077147213 215.71897185785144 -61.958020833158315 
 -10745.617568829164   6871.174550689119 215.71223861802702   -61.9565124522158 
  -10615.22027120375   6616.911377082529 215.70750234285876  -61.95678039247122 
  -10891.13403885877   7301.017561088931 215.71954548443836  -61.95557170463572 
 -10170.779990654566  7903.7333593773465 215.72115640243243  -61.94823886980797 
  -8864.178567397215   6630.023464545686  215.6913388600756  -61.94532939882972 
  -9161.654423513623   7868.793157474379 215.71125177805732  -61.94182739461019 
  -8343.332867543944   8603.683086103112 215.71377736205807  -61.93327697102639 
  -7915.098526128677   8157.194858138469 215.70360766210567  -61.93245103785832 
   -9455.66146739301   11465.36490503142  215.7637179272181 -61.927939568957825 
  -8861.065759519108  12796.200371705678  215.7765486563119 -61.918222750128166 
  -8579.035771648962  13315.256308620921 215.78108253008674   -61.9141067851078 
  -7596.968175090979  10835.377439158134  215.7376588938082  -61.91862054302567 
  -8100.863524993633   9966.219203354665 215.73035058830504  -61.92571603201999 
  -7562.272591662081  10029.273416781494  215.7261958035082 -61.921935705918585 
 -7233.3916485626905   9862.299363054994 215.72081956918453 -61.920529620821725 
   -8852.74558857993  -884.3661223465482 215.58715167122963  -61.97819243837072 
  -9128.580592764203   886.6269381530424 215.61427301816093 -61.972233177561286 
  -8882.535814131694  1809.4117094028709 215.62476630788163  -61.96658794508462 
  -7812.741582693587  1711.9347117745515  215.6134442297968  -61.96004841620375 
  -6835.243340932826  -544.7939823856102 215.57306623702303  -61.96356255529083 
  -7711.708272217284  -479.9329557446804 215.58212791543338  -61.96898872924604 
  -7317.959734150879  -285.1581557985906 215.58116033517595  -61.96557098544292 
  -7336.757746075162  343.77400244527877 215.59005221832626 -61.962940057253356 
  -6689.216430344656   931.1556210356819 215.59216027358138  -61.95615017780497 
  -7042.288848884063  1566.5701503066778 215.60425198402777  -61.95566734911374 
   -7818.17271740449  2702.4306331400685  215.6272149986253  -61.95574406831903 
  -7824.154448596449   4167.269525086946 215.64755427450953 -61.949362528489324 
  -5440.323453498924   3288.489141616388 215.61317748321738  -61.93769173887594 
  -6822.094735204844   2203.396063467291 215.61102183465442 -61.951443903228935 
  -6951.374891595771  2581.2439603296916 215.61745926969317  -61.95063057478144 
 -6624.9106968053065  2226.8490010160895  215.6095098266196  -61.95005697240052 
  -6582.446437977209  3573.8609800085956  215.6277664249931 -61.943878928875186 
 -6439.0684341187025   3364.340132211189   215.623529896217  -61.94386339809182 
 -5685.9205340564995  3064.9488221411775  215.6123697857229 -61.940270436182786 
  -5439.428939032775  3158.5358478406233  215.6113700900165 -61.938255179967875 
  -5023.503664921126    5507.39886716539 215.64000299978665 -61.925254352793665 
  -5087.473882570677    5997.25341420422 215.64737512951203 -61.923523453212724 
  -6464.228546216079 -1355.2387703140628  215.5583773619494 -61.964691543480626 
  -5146.413032601004  -839.8522049805439  215.5532575013431  -61.95384942277168 
  -4680.613907624259  303.56740017761507 215.56476795644744  -61.94581151071697 
  -5122.365506688912  1417.0638127281125  215.5843034899782  -61.94381605817424 
  -5593.659291646022  1634.4216583651641 215.59170118172312   -61.9459345404238 
  -4791.972835568558 -1216.2711063348634 215.54474292650235 -61.953186130111135 
  -4010.465261079884 -1347.2374377143312 215.53565936281612  -61.94866547670048 
 -3863.2910414878697   70.71030577053715  215.5539389520905  -61.94150453648026 
 -3224.3239001748702  -1420.103507918231  215.5273406196517 -61.943860007190565 
 -3968.6915300781343  -827.7565075123525 215.54247023191542  -61.94612142101008 
  -3893.969346463547   551.0387586420937  215.5608782617479  -61.93960298586941 
  -3988.918907299377  1950.2562601401698 215.58113978262776  -61.93409806627395 
  -2664.239428253968  1912.2527744356728 215.56829226111088  -61.92563398908216 
 -4648.7787161706265  2664.5544385331527 215.59717037885065 -61.935269110014865 
 -3911.8650160394172  3843.2026545327503  215.6066264744932  -61.92530750120809 
     -5078.918893436  3317.0708750508084  215.6102080177835 -61.935212854410025 
  -4409.266304706896  3360.8850337044087 215.60458053036837  -61.93065957337129 
  -4311.351804421036   5292.477886797669   215.630398010547  -61.92155948914534 
 -1703.4964630009606   5807.557435508239 215.61325338098393  -61.90232053169055 
   -3148.66547973657    5094.02373314981  215.6168301616764  -61.91485787787013 
 -2792.4921906966106   5534.140135016004 215.61960335143786 -61.910610208044176 
  -6541.587149917307   7674.035314233528 215.68411641670008  -61.92563399100103 
  -6220.972619251141  7593.4904054371455 215.68001366267129 -61.923900875813146 
  -6941.716514143961   9565.660907316336 215.71399881365903 -61.919934705355075 
  -6384.071620241801    8257.53774350566 215.69071574381942  -61.92204850756237 
  -3912.737052326968   9806.957061625164 215.68909640800624 -61.899167399675775 
 -3878.2821513447807   9832.896907397202 215.68913378057312 -61.898829358551275 
  -3807.843480039319    9805.54706808099 215.68809972320554  -61.89849100211177 
  -6277.343382818088  10778.627316339147 215.72456277960725  -61.91028628177813 
 -6425.5895025658265   9929.512733222173 215.71421319388966   -61.9149793676949 
 -5488.2724814301855  10993.494182768012 215.72017219434028 -61.904209678202044 
  -6346.048271010704  12654.904408478582 215.75111806946964  -61.90249042749026 
  -4398.656362011583   10945.47816627044 215.70935123870612  -61.89733186385525 
  -4146.237846307165  11355.672412744889 215.71266373097055  -61.89388872620256 
  -4217.112613099255  11414.800947837013 215.71414081610206  -61.89409020392213 
  -4655.701184594726  12623.223639682747 215.73491449011163  -61.89163607559819 
  -4130.715764660987  12196.303269211005  215.7241263874396  -61.89009639341003 
  -3904.773702164101  13724.485845777437 215.74311367933203  -61.88191394514256 
 -3597.6640845044703   6664.235748636659    215.64272552119  -61.91090033587021 
  -3447.321359130858   7578.859252191457 215.65397075324893  -61.90591172873636 
 -2690.2784542537397   9816.282877320078 215.67783931223465  -61.89117102437311 
 -1387.3500134165542   7125.389295668938  215.6285314392001 -61.894487832595466 
  -943.1220145401023    7516.44020016331 215.62980408068967  -61.88988159960522 
 -2144.6898148493874   8424.146718514372 215.65352695494465  -61.89372557680183 
 -1956.3236907224766   8798.461434991237 215.65694575706607 -61.890858063944655 
 -3421.7127474279164  10753.161356001965 215.69759192879965  -61.89181968881342 
  -2112.406067716412  10953.856644269268 215.68816916488916  -61.88241910496663 
  -1974.094424720392  11824.726458954385  215.6989045648727  -61.87769713095113 
   -2940.03408167664   12602.77617228276 215.71864153966925  -61.88056577362519 
 -2756.2009839291427   12166.74755408976  215.7109102208306  -61.88128434079203 
   -1552.55055872627   13349.54451150026 215.71602284474122  -61.86826044882397 
  -11674.75579425806  15175.708201766038  215.8357099289272  -61.92604041902282 
 -11457.203560609421  15042.123020447314 215.83183035734555   -61.9252149988693 
 -11546.244590049026  14368.302595357582 215.82335920830354  -61.92875981435127 
 -11368.690607749642  16728.642317881553 215.85428141498332  -61.91721309626973 
 -10947.100509043443  13974.092057640702 215.81231185218766  -61.92660116348958 
  -9484.885851282406  14647.047977247674  215.8079340880415 -61.914136739984414 
  -10257.54837238463   16390.53336034653 215.83922154705104 -61.911483398005366 
  -10460.39823435161  15592.536235545294 215.83010539881496 -61.916314843935034 
 -11349.104666724985  17700.405501093453 215.86750623381934   -61.9128048364864 
 -10941.785699143456   17717.89274554908 215.86393594649357  -61.91008209313957 
 -10335.134999176622  18032.030004196036 215.86259339906374 -61.904757574241586 
 -10474.346235286359  18335.213443291646  215.8680773855676  -61.90432602255105 
   -11396.2179799373   19184.07457835025 215.88841119384333   -61.9065720891114 
  -9152.896660842689  17562.453444741714 215.84506009996187  -61.89914586881204 
  -8483.954727050645   20093.95527588255 215.87370790663795  -61.88364858695436 
   -8571.48588299524   20415.62276581571 215.87895937440385  -61.88279949726389 
  -7677.750742352952  15269.827776489095 215.79964566770394 -61.899651029457345 
  -8064.684626202317  15601.564777920936 215.80783775350145  -61.90070639854004 
  -8382.981622574225  16829.040576001596 215.82774695946887 -61.897372633973255 
  -8008.915908195847  16971.771417845302  215.8262202791104  -61.89431363906233 
  -7708.520782023801  16779.430422313286 215.82076055268735  -61.89320821693453 
   -8818.23663151013  15970.541484592874 215.81997024859257  -61.90397990085387 
  -7207.690536338664   14810.57550271861 215.78891816235074  -61.89861566656114 
  -6080.209895856933  14505.224663285724 215.77417925081357 -61.892628569697315 
  -6707.026405117282  19004.688602603022 215.84208719291993 -61.876904137916625 
 -7962.8733405743305  18965.331270756327  215.8532799411538  -61.88523623342083 
 -7537.4721569880385  18449.129744947142   215.842187875786  -61.88474597015599 
   -6577.79180299234  18239.471434274234 215.83033172890268   -61.8794336622216 
  -4479.019159940991  15190.609065657702 215.76869702696237 -61.879204677415416 
  -5130.826709304421  15021.610335243948  215.7724458533081  -61.88418561952458 
  -4881.596580338107   16126.00969365129 215.78535485194314  -61.87770901197082 
 -4024.4703136307076  16324.100050496361 215.78009076546596  -61.87126568517698 
  -4083.111598768113   17574.65504157423  215.7978794586721  -61.86614666440338 
 -3027.3314049517367  15035.242407354452 215.75301808065106  -61.87044796050556 
  -2925.785228010902   14884.15867522478 215.74998762316213  -61.87045152519358 
  -3162.480712150528  17051.692592541593 215.78208350149254 -61.862462226887025 
 -3082.5044273862745  16624.462673962007 215.77544789871226  -61.86382089388921 
  -2181.322990841574  16088.323200850471 215.75965540767345  -61.86031827210993 
  -4041.985882224927  19588.261145329638  215.8252447268301  -61.85701855035996 
 -2378.1224111440783  14711.325868525402 215.74249979695193 -61.867649217850655 
 -2104.5660575765132  15339.982969567734 215.74862119968125  -61.86310788491525 
 -1852.8639940544717  15014.186086800964 215.74178297325807  -61.86290242372599 
  -622.7891223164879  17453.724787668347  215.7639540525075 -61.844182361380085 
  -297.6221759449959  17788.616289327147 215.76553949938156  -61.84059593197301 
   85.50778491109415  14224.625839049615 215.71284358463134  -61.85376152700859 
  1076.5606685882183  15299.014239434891  215.7184345910468  -61.84259664634877 
 -206.85877218252938  14165.328378907974  215.7147471521331 -61.855923932972516 
   890.0727566172434  16497.105164759756 215.73668394105908  -61.83854760317111 
  1183.0881243173353  17943.808528029072 215.75388917159944  -61.83028537068805 
 -246.09872498111915  19692.231555751612 215.79128015262603  -61.83189046797011 
  -881.4288116878065  19510.896299984935 215.79470339234064 -61.836817947502816 
  155.84458697903665   20050.94187690689  215.7924744109796  -61.82769988624351 
   1893.646884819556   19804.81454742943 215.77290184768833  -61.81748474947827 
   974.5618514531182  18819.318805702183 215.76788937856662  -61.82779309494772 
  2107.4993331374403   19691.57911241952 215.76935227628863  -61.81659215195883 
  -20114.61814394816 -13063.305381842943 215.52296131046063  -62.10485942293772 
  -20285.33144614755   -7093.22636351194  215.6076668441478  -62.07984783216872 
 -20016.615631705045  -6471.829704133561 215.61379541054976 -62.075375844190035 
 -20030.321885840363  -8899.215535895588  215.5801559220136  -62.08609461735885 
 -19168.747778816196  -6455.887796003638 215.60608735834515   -62.0697841385157 
 -18297.682044809804   -6627.16225451476 215.59556229795473  -62.06486071951192 
 -19960.007064301073   -7798.83485244183 215.59480881326684   -62.0808190695398 
 -19645.607864673533  -6839.289792912611  215.6052151490173  -62.07456915315757 
 -19953.445912009625  -4908.797835423391 215.63493536956372  -62.06811569955741 
  -20436.64080206067  -4704.810033957467  215.6422923486696  -62.07036753422031 
  -20092.34814705878   -3939.23169220869 215.64971024160948  -62.06476988083765 
 -17703.281256703238   -4597.06259766711 215.61822351278803  -62.05209763973047 
 -18756.595927713763  -4314.962736492532  215.6319922482605  -62.05772034133496 
 -17594.327268068046 -3517.8733415688916 215.63219781856125  -62.04665934237528 
 -17969.905777781445 -2439.7556768909085  215.6506834187916  -62.04437867503417 
 -20223.891662004382  -18524.29186758735  215.4478345617888 -62.129424262748906 
 -20206.127083309817 -18278.781151706025 215.45109467840925   -62.1282369349829 
  -19501.08890812861 -20433.230180465485  215.4144439658933 -62.133035547643104 
  -18130.01056592759 -17907.249153819605 215.43690428954304  -62.11307151887408 
 -18563.797068673757  -17994.78636372337 215.43972984828747  -62.11628355685263 
  -18170.26698126592 -18846.250207563942  215.4241798736981  -62.11743032605525 
  -18256.79034170368 -18466.480630975748 215.43028546251784  -62.11633836846815 
 -18199.100867596226 -20272.208693579432 215.40454854299665  -62.12383653164857 
 -16529.719615352635  -20145.80496260801 215.39075244384549 -62.112389604513446 
 -16570.897546867163  -19351.80680276772 215.40221538840726 -62.109197486526575 
  -16619.65178537419  -18121.22530063535  215.4198360927489  -62.10414998254545 
 -14578.744394902222 -18807.799003186014 215.39124565940645  -62.09382344302452 
 -14421.257281980845 -18332.872841835993 215.39640222895372  -62.09072550065641 
   -14413.5704515557  -18969.29261512904 215.38745527778997  -62.09344907422113 
  -13121.79769673778  -19264.87042925184 215.37130862210068  -62.08630401013257 
 -11438.706732498611  -19632.76719506736 215.35052217397012    -62.076916674074 
 -12285.535631111185  -18121.33984515344  215.3794716793673  -62.07586248842989 
 -11239.550720104575 -18304.613481443324 215.36718726102401  -62.06983210627827 
 -10908.315515313114 -19140.654520949312 215.35245249550712   -62.0713103808536 
  -9552.748525413506  -17659.10911561921  215.3605013682663  -62.05600704602002 
  -9505.412041534679 -17248.439411466847 215.36578322447122  -62.05390930723828 
  -9285.603986046419  -20186.63284865498 215.32278920463548  -62.06526550542242 
   -8475.81239112764  -19684.69405914787  215.3222661151212  -62.05779180851305 
  -7987.138697245972 -19307.951085247798 215.32297981740305  -62.05296042923608 
   -8245.35927198526 -18851.014926889435 215.33174595271143  -62.05265851423221 
  -7590.749409768048  -18443.61262600099 215.33134448412946  -62.04660985021566 
 -18784.498287274146 -15682.198617502689  215.4740397999693  -62.10762898842435 
 -19486.951069936014  -15919.86576633176 215.47728388204666 -62.113248010140914 
  -19916.80402255466 -14746.531425173278 215.49765579854568  -62.11092594967801 
   -19667.6027672247 -15107.058875040373 215.49030271507783   -62.1108760519194 
 -19730.594316444705 -14361.654376425371 215.50128110304786 -62.108030249915814 
 -18995.619885772554 -17183.734062046522 215.45507238216535  -62.11556121390125 
  -18609.09977117337 -17691.341004328773 215.44438541673563  -62.11525505720871 
  -18218.18555380399 -17234.423690181266 215.44711120643274  -62.11071096663733 
  -17921.38409610388 -17390.168373139728 215.44217036197767  -62.10945431557307 
 -18036.179097707074 -14816.485077853895 215.47912242616636  -62.09896825803278 
 -17382.455217843162  -15658.73563810624  215.4612838362714  -62.09838209235042 
 -17526.517796663273  -14999.72265906941 215.47181287453373  -62.09644454827559 
 -18215.981515167914 -12716.044220665222   215.510064971957  -62.09096446416234 
 -19385.645559877812 -12954.541914241465  215.5176661971497  -62.09963204142357 
  -18595.51210391274 -12799.456665592825 215.51244700383802  -62.09380328416001 
  -17950.78086343322 -10189.382993697234 215.54276725341828 -62.078189503049046 
 -19425.467169975545  -11666.63140305013 215.53597707995354  -62.09426094980621 
  -18544.72217567929  -10124.21028105562 215.54922242365987  -62.08177514603877 
  -17134.44251570609  -12431.55415663611   215.503930991361  -62.08267005817872 
 -16300.048278504983 -12623.830620564426 215.49346768964642  -62.07806975031808 
 -16784.903085780235 -11658.758382329639 215.51142885721265 -62.077014085450216 
 -16296.750222709383 -15447.575060737969 215.45410091013548  -62.09037842002071 
  -15301.93689122401 -15485.326674971378 215.44430058243069  -62.08405351812644 
 -15625.124474065675  -14351.08343922407 215.46311634298178  -62.08121122899542 
 -15296.549911050977   -14857.7452276406   215.452994674555 -62.081279561922805 
 -14472.306472886054 -16647.505780198797 215.42037372243936 -62.083710420892196 
  -14066.73257827473 -17183.807760410724  215.4091208735084  -62.08340235635493 
 -13878.349795840157 -16579.695474955173 215.41578657747579  -62.07953878455431 
  -14009.36246493211 -15389.150772181572   215.433596331809  -62.07520089889976 
 -13692.277603366512 -14425.088881891466  215.4440717285368  -62.06892588112767 
 -13750.005928857607 -13976.652337550191  215.4508548570945  -62.06734551712484 
 -15493.516972973792 -11884.629420281843 215.49623578053183 -62.069581453217005 
 -15597.982291424243 -11968.464315149782  215.4960431262427 -62.070628865651514 
 -15812.015459962404 -12855.252079209667 215.48569274670254   -62.0758982912213 
 -14796.216943950933 -11087.893252146003  215.5008216362277  -62.06155390767728 
 -14686.312096963751 -10281.064781146215  215.5110232383876  -62.05731164418083 
 -14430.944465784663  -13201.63621981542 215.46799254502818  -62.06840407624805 
 -14404.266834281776 -13282.337702860228   215.466620188372 -62.068582416752335 
 -13006.519647745583 -12446.082831964062 215.46523716353246 -62.055814836527055 
 -13668.551906056091 -11504.459412623975 215.48451120735027  -62.05602065224508 
 -13174.651672594187  -10054.81647289234 215.50007609542124  -62.04646738291743 
 -17861.874274878624  -9538.388317782306 215.55099634127757  -62.07476268249345 
 -17275.511837551167  -9130.547344654835  215.5511944376665  -62.06915751976058 
  -17151.18455978725  -9126.941923249067 215.55008354442896 -62.068331548893816 
 -17812.588712858545  -6907.916504062362 215.58712498599516  -62.06293012175239 
 -17384.142073965642 -7404.3076343199655 215.57621947436593  -62.06231190496839 
 -17185.866409742255 -7765.4937364592415 215.56934453784402  -62.06260085869468 
  -17967.47008906655  -6660.457542918669 215.59201306499895 -62.062855588109215 
 -16644.288775175508  -8247.841857670826 215.55757839031105  -62.06118262046487 
 -16806.138845491885  -9323.250734935547 215.54413053997908  -62.06694156997794 
 -16629.557062508004  -8329.006585763927 215.55631198938175 -62.061441718683575 
 -15575.886498483958  -9720.943697464909  215.5271146369011 -62.060662219183115 
  -16066.67979778796   -7856.28159586888 215.55763052148825  -62.05570570982437 
 -15743.264818099322  -7274.543824771722  215.5626995534016   -62.0510530486703 
 -15301.568619929905  -7739.120959526798 215.55211746266326  -62.05020739524269 
 -15409.667864572413  -7327.404434389571  215.5588504981891  -62.04911061711287 
  -17419.55346605363  -4878.781269631233 215.61165687323788  -62.05148406285865 
  -17270.05837718419  -5045.259087712999 215.60794633943294  -62.05123966922689 
 -16489.122467138026  -4340.727360208786 215.61043759602882  -62.04306763832659 
 -16785.649657381502  -2658.654493252133  215.6365708717862  -62.03762827402397 
 -16190.846881614218 -3925.0780135569894 215.61342445100325  -62.03930435189274 
 -14986.315079206688 -4809.6031938851065 215.58988757431604  -62.03533269891061 
 -15436.818492803648 -4034.3039081978795 215.60486361907274  -62.03487199807835 
 -14612.069887160827 -2470.4088458403407 215.61887593489277  -62.02265013491482 
 -13977.553577049468 -3164.8125904301423 215.60331132232585  -62.02155955871797 
 -13972.638742389017  -6357.266486447839 215.55892365097887 -62.035502229166035 
 -14162.734519241472  -7134.330773643832 215.54989788207695  -62.04014042022464 
  -13250.81375542503  -6707.931150663404 215.54731722874777 -62.032332460134754 
  -14849.62444996462  -7865.682021503947 215.54614013819366  -62.04781577676812 
  -14471.09093850966  -6901.486107121251  215.5560113595768  -62.04113123534667 
 -11694.615620982879  -7832.421718197844  215.5171819376239 -62.027106111397295 
 -12924.878499819399  -6876.304912674521  215.5419377898933   -62.0309447339373 
 -12691.547208402493  -7233.066454589002  215.5348042471761 -62.030984154311106 
 -12586.538534760675  -6102.045958984517 215.54954062979542 -62.025353265353196 
 -11486.218689589863  -6434.502222334493 215.53466407755653 -62.019636182437246 
  -13095.87458946368  -4692.807004884778  215.5738660609221  -62.02250599624231 
 -13547.720992647772 -2954.0893388202207 215.60222427431344  -62.01783710275846 
 -11591.367744121037  -5021.810184636499 215.55526575480016  -62.01414263552798 
  -12128.10887326645  -3376.016045315121  215.5831210596644 -62.010437386934775 
 -11762.330601433192 -3903.9692154575873 215.57238065763298 -62.010365282216966 
 -11836.948057128671  -2014.591936726905  215.5992989828559  -62.00257987595779 
  -13267.99506812202  -14532.97121988853 215.43861701688442   -62.0666285775017 
 -12414.339960700805 -13779.855699345944 215.44115428176124 -62.057773221686396 
 -12540.282424056857  -14611.33294897226  215.4307488494453  -62.06222249828089 
 -12417.648405552143 -14037.421010836912 215.43759887037194   -62.0589186042292 
 -12428.999213919331 -13610.331318753479 215.44365102405345 -62.057129145091984 
 -11052.511821289481   -16104.1634822558  215.3961099272693  -62.05902299388458 
 -12913.010583870093 -13503.884956665426  215.4496407457452  -62.05982215970883 
 -12893.279038566778 -13280.382984741593 215.45256861281123  -62.05871800572276 
 -12185.496875218108  -12669.86166688459 215.45447501771545 -62.051436318943246 
 -11527.169328137827 -10450.720193545854 215.47921926959765  -62.03745388553261 
 -10559.218472759841 -13318.608315830947  215.4303066486214  -62.04365730999621 
 -10045.568409217354 -12847.206876649805 215.43208772812528 -62.038249470576865 
 -10351.155779044553 -10599.377036682967  215.4662015612132  -62.03043311237232 
  -9334.544754828665  -9893.399296117585 215.46655594010318 -62.020720185178924 
 -10267.046829124898   -16229.9662578034 215.38705201060182 -62.054444257702485 
  -9626.940694582112  -15388.00855371142  215.3928258543822   -62.0465965627771 
  -10002.70156719703 -15037.237733234446 215.40120437870718   -62.0475201869779 
  -7749.982235923177 -17030.858602557582 215.35250414495223  -62.04149953907272 
  -7983.014069361595   -14872.6537839892 215.38472018835483  -62.03361975448302 
  -7725.311303041523  -11879.35486268139 215.42397338941157  -62.01888812742456 
  -7427.484321906237  -10827.75952914246  215.4358274389152 -62.012357569147355 
  -7637.970949604805 -12749.215912082727 215.41106231480111  -62.02211161465917 
  -7268.113040526466 -11121.691901213959 215.43025919634846 -62.012600024162964 
  -7012.661143481542 -10602.591025181837 215.43510150765522 -62.008668714974846 
  -11240.20464097015   -9612.04828379565 215.48820938096821  -62.03191952821271 
 -11074.669416769877   -9492.35007443938 215.48833191291996  -62.03031723923992 
 -10944.071482277668   -9032.20163060896 215.49351286218706 -62.027455557406874 
  -10760.20534353736  -9383.368124142471  215.4869185014006 -62.027790604088715 
 -11136.411237780281  -6658.764385914833  215.5282885773159  -62.01833671304159 
  -9762.986140615149 -5848.4254829105585  215.5267486514306 -62.005841548896264 
 -11252.858607894927 -7287.5036119640945  215.5206380408658   -62.0218444451865 
   -9984.68540551628  -6712.661697158613  215.5168102445424  -62.01106469973557 
   -9646.70803952687  -7378.940689515526 215.50440693612555   -62.0117731543859 
  -9352.451344995843  -6768.088572692404  215.5101526804487  -62.00718528829655 
  -7996.321816183318  -6479.601974333904 215.50153547658377  -61.99708305961248 
  -9210.149499345838 -3865.3099926160467  215.5491299431058  -61.99356607514117 
  -9725.094399151376  -5017.909453021374  215.5379276986843  -62.00196312523086 
  -8779.973246137126 -2306.2055136071945 215.56675475983553   -61.9839417269578 
   -8965.33153295382  -3279.103316369834 215.55498409591468  -61.98940632978994 
  -9970.602549119578  -2895.471104255512 215.56967394994382 -61.994277995175636 
  -9908.248484951006 -2895.8917143573944  215.5690869851222  -61.99387357175475 
  -9677.064780346263  -2625.700679912181 215.57068132107716  -61.99118488125414 
  -9133.462877987982  -3524.055623759514 215.55315132654448 -61.991573547136966 
 -7260.1899488098015 -2487.1795236522426 215.55009083835168 -61.974830328514706 
  -7027.705546016858  -8907.868463815732 215.45879478268253  -62.00137119587518 
  -6007.088891251629  -8551.580812834325  215.4542564227973  -61.99315851291828 
   -6582.78347828168    -9162.7184163763 215.45111709741087  -61.99958126035706 
  -5915.824781750711    -5871.0224372644 215.49063081570927  -61.98085861729254 
  -5321.583773784898  -5913.772240103669 215.48451233051725  -61.97717033065147 
  -5633.155135505451  -5759.100459405679  215.4895559353834 -61.978526482579426 
  -4756.926655865766 -3932.5430017899766 215.50675351669972  -61.96483286056597 
  -5724.867873413253  -5085.113923507168 215.49976278209712  -61.97618002150787 
 -3400.0894505453407 -1849.3035992336474 215.52302584126565 -61.946882103628674 
 -3420.8447499925037 -1668.9452444290196 215.52571861884803  -61.94622891899961 
  -6211.436345099083 -19819.121558554212 215.29937513440558  -62.04358388483128 
  -6263.893137860616  -17228.99700511147  215.3359466514108 -62.032657150111255 
  -5946.242661756018  -20224.15053864076 215.29127010723096  -62.04361248395318 
  -5071.138058799332  -18045.47284292581 215.31350839402174   -62.0284192216958 
  -4986.593377568232  -17172.05206602161  215.3248874239867  -62.02406663897745 
   -4987.02287696881 -16970.164212362586  215.3277024563668  -62.02319087133933 
   -3846.99234912573 -19479.155870846447  215.2821875764415  -62.02665602315705 
   -3276.27744822218  -16933.87035491328 215.31234299973718  -62.01185803115672 
  -2283.884558239669 -19168.370320683716 215.27203388216597  -62.01509007976287 
 -1537.2600705678365 -20196.688503872694 215.25079650390526  -62.01467835877559 
 -1380.2865474238317  -19981.15525274558 215.25234564402172 -62.012715925460164 
 -1018.9820304197434 -17866.555443867648 215.27844594114768  -62.00116516373731 
 -209.76778799547841  -18662.06750113714 215.25988018215085  -61.99933379082715 
  286.44302468025353 -19912.585358491084 215.23787620126208  -62.00152232758488 
  195.14092263861076 -18858.429140120075 215.25339929866564 -61.997540278117555 
 -105.74176628151228 -18355.956651625875 215.26317891313664  -61.99732372995777 
  1154.8318107841126 -18682.153838446935  215.2469747157728  -61.99050114018116 
   2048.604416923491  -19189.54451850837 215.23164657140205 -61.986861631250655 
   715.0011818586479 -20324.829184634797 215.22817087503827   -62.0005105342166 
   1196.218628050433  -17681.18308548906 215.26052332335965 -61.985881899104065 
  1410.0072292603284  -18468.23198213251 215.24759215282464  -61.98790379937374 
  1773.3881947929015 -18309.138672196732  215.2464457142962   -61.9848372758731 
   1997.426526773316  -17563.65226656848 215.25474782954186  -61.98013424660958 
   1337.829036164423 -17547.230734453897  215.2610773012589  -61.98437426006728 
   2660.685077225499  -19876.58660793322  215.2164242668639  -61.98584226177589 
  2756.7898223287903 -19968.153148039688 215.21426130577396  -61.98561126953726 
   2897.527101515481  -18838.12104430263  215.2286906960411   -61.9797852753011 
    3963.52305674181  -20017.67128843231  215.2024232337824  -61.97793454206904 
   3632.264055060323  -18789.18149580873 215.22258200605742  -61.97476871000381 
  4321.0290126511045 -16699.969910820742  215.2452819151556 -61.961193183558876 
   6015.703674786401 -18408.677608483886  215.2058644031052  -61.95753116146045 
    6143.90033043553 -17845.310475425864 215.21251717983628  -61.95424778381532 
   5038.548600223182 -16791.734065903376  215.2373766766605 -61.956900979748696 
   6592.976629571695  -16283.27940759875  215.2300912439217  -61.94453021422858 
   -6389.47762929886 -16157.874207669674 215.35202730865143  -62.02881408606496 
  -5803.838410931027 -16294.266217356919 215.34469215904676  -62.02558354317321 
  -5990.135800545882 -15764.463718247222 215.35379687465547 -62.024493296354585 
 -5291.0697767619895 -16300.537849510305 215.33984619887187  -62.02226210751525 
  -5725.876060573128 -15077.999634035607 215.36089844072887  -62.01977826890857 
  -5837.611593346947 -13256.182174217987 215.38728389808728 -62.012570805270066 
 -5351.6002788215965 -13397.457705443141 215.38080594701884  -62.01001379382457 
  -4517.046777658585 -15576.417941710952  215.3427437008222 -62.014054831230084 
  -3366.800199743548 -14334.034823066682  215.3493599575221  -62.00113413325086 
   -4920.03696192849  -14923.73381301309  215.3555657802163 -62.013844606712404 
  -4710.710221354497 -14532.082370489652 215.35907275187648  -62.01077215741588 
  -5873.119104808993 -12235.415352213891 215.40181055839716  -62.00835338944997 
  -5833.142288584615 -12031.296971702397 215.40427763034756  -62.00720261729667 
  -5513.200925351551 -11647.788269911971 215.40663832132225  -62.00344252277348 
  -4568.601763151385 -13001.414189090212 215.37904561722272  -62.00317659926489 
  -4268.393328870063 -11892.757914745584 215.39167433602773  -61.99638565301312 
  -5533.015151582291 -11211.386430125474 215.41288934230462 -62.001669035286405 
  -5037.766693910768    -9929.1147768946 215.42611073068716  -61.99284506113092 
  -4574.180588911341  -9997.440243985115 215.42085562093507  -61.99011804806495 
  -4565.536569965564  -9786.114398323185  215.4237116322132  -61.98913995326601 
  -3882.308289292832 -12844.870557519236 215.37485328340188  -61.99801416877656 
 -3126.0884449654927 -11568.844683140847 215.38557571087787 -61.987517504640955 
  -2422.700562606786 -11523.270362498979 215.37968368009965  -61.98272719657951 
 -2432.3674186307535  -9175.711779776178 215.41238773580312 -61.972557695908094 
 -1872.9311352147008  -9531.462901974479 215.40225627810685  -61.97045768041022 
 -2862.7123230095813 -16387.080589210127   215.316120077542  -62.00677753065311 
 -2250.8932408144624 -16706.438111880347 215.30600502533213  -62.00416992978373 
 -1045.6763761853886  -12949.49302747191 215.34709269484625  -61.97994816708908 
 -2177.4003480801352 -13243.188220270253  215.3535006577977 -61.988617333236384 
 -1582.9765059492472 -13567.025122420437 215.34348737874285 -61.986145569621605 
  -777.8904108435855 -15133.484894575446  215.3142430432345  -61.98770439222884 
 -1239.8379545806215 -12367.614007767392 215.35698041751462 -61.978682320975025 
     -1580.408438482 -11718.272197463122 215.36916231755058  -61.97807780027948 
 -1056.9515393946444 -12584.599114152285 215.35226929457386 -61.978432989902885 
  -1590.723848763504 -10843.295337169064 215.38141594229586  -61.97433309942671 
  -895.0088743504828  -9305.993885258467  215.3963171138625  -61.96309203538058 
    -221.06325373636  -11685.65374104905 215.35701519357596  -61.96906013519483 
   400.9747849564973 -12419.505617530871 215.34105482496423 -61.968193328713525 
 -397.44916700723405 -12814.700406136144  215.3429593444748 -61.975128056541834 
   842.7249621521738 -11499.480886555984 215.34974593775655   -61.9613029355382 
  -4215.864826010816  -8839.730835385471  215.4336113113691  -61.98273015132248 
  -4697.599151758234  -7956.667753090481 215.45035055593323  -61.98201979891712 
  -4484.713668723931  -7775.948368104797 215.45088233616298  -61.97984233727019 
  -4253.656114975472  -7496.530911062644 215.45261562951407 -61.977115567424825 
  -3152.962447661892  -7771.007247968499 215.43858229475336 -61.971132648313684 
 -3050.5951913220515 -7091.5913470323885  215.4470637295261  -61.96750015467398 
  -3116.233263379984  -7990.989053191077 215.43518699417558 -61.971852779977105 
 -2959.8170324809444  -8204.719258784045 215.43076721026532 -61.971764629362674 
 -2581.6832667910194  -6668.396499929577 215.44858373135068  -61.96259430908592 
  -2497.114811992875  -6065.036172382383 215.45617153285727    -61.959409278901 
 -1370.1787456247052  -5965.095840377124 215.44709695099223  -61.95162166987877 
 -1196.4949372874594  -5744.566501260584 215.44854450751842  -61.94952622213837 
 -3485.1982143000196  -4967.917349326309 215.48057090302441  -61.96106367365672 
 -2001.4937556705502 -2700.9670983040164 215.49822483369113  -61.94148615148206 
 -1173.3829990617057   -4103.54096974865 215.47108992484993 -61.942211989693575 
 -1405.5073780990483  -3411.905323462988 215.48283442705394  -61.94070547906269 
  -837.0886122716595  -2727.575631704652 215.48704304107574   -61.9340097476788 
  -638.8236316455568 -2438.5510418952317  215.4892080806435   -61.9314543915121 
 -1308.6072778693313  -8982.773905974807 215.40464122702951  -61.96438250863058 
 -1261.8206442976182  -7535.731891336392 215.42429608245195  -61.95776709346055 
  -684.4291265183994  -8073.419568473118 215.41147678387637 -61.956344113696126 
   66.58011790457583   -6549.08614185781  215.4256653937724 -61.944795563175255 
  -644.0413788378776  -5825.143038377112 215.44230036155733   -61.9462737486823 
   268.9372706226025  -6426.509038103239 215.42548932498704  -61.94294049986353 
   36.90729684682315  -5151.138611304429 215.44533152040023 -61.938890195767314 
  1249.8988233519613 -4061.0438024065065 215.44919528382323 -61.926219881610926 
   573.3929870756922 -1941.1700125065227 215.48484876348556  -61.92137697890174 
 -105.20193596257553  -2939.137312218771 215.47731722033356  -61.93016087144614 
   779.6176307039639  -1593.485777095516 215.48775184690206 -61.918513525927835 
  1809.6012851851433  -3822.114655505269 215.44731719866888 -61.921525897164635 
  1651.5924762598406    -4754.8385853344  215.4358526671421  -61.92662661605443 
  2635.3874982929406 -2749.1526371225023 215.45452974526532  -61.91145615738845 
  2199.7131425157468 -1573.5755980478016 215.47485400141827  -61.90916558314398 
  1313.1532002422214 -14960.782554806196 215.29728328699255  -61.97329206954736 
   241.4531351495663 -15330.960564734312 215.30205618938933  -61.98190404022445 
   978.5624186814769 -15622.670378024477  215.2911754724067   -61.9783565317798 
  1485.8788013127973  -15876.70141815768 215.28294750745042  -61.97614601005484 
    1312.04667519197 -14735.558707074922 215.30042515815273   -61.9723197907173 
  190.52177078441468 -15246.732496424625 215.30369921797555 -61.981870447130014 
   894.6784944766289 -13568.573411656665 215.32051248101413  -61.96996975458354 
  1108.7961347867943 -13343.030306236695 215.32166490851176  -61.96758970791517 
   881.5062598303431 -14450.703919087278 215.30837114013156  -61.97389361277245 
  1258.2903970551292 -14248.037390064745 215.30770081969055  -61.97055048730306 
   2804.101553184685 -16178.635822033084 215.26655445046526  -61.96884351320261 
   2157.338191994122 -14588.092565498953  215.2946529883863  -61.96615558638202 
   3132.257244080197 -14305.784995726573 215.28955844733815  -61.95855781923391 
  3896.1200083319864 -13199.456776654528 215.29786795063202  -61.94875586360377 
  2421.5192529219958 -10584.781975672546 215.34782971083348  -61.94701030249454 
  2736.4363855494357 -10192.602285155352 215.35035959295817 -61.943246219286166 
   3313.508294474404  -9256.233689322673  215.3580156740574  -61.93540045551684 
  3382.1368093286715  -8920.719124145775 215.36203678107645 -61.933491106775776 
  3647.3341549771167 -12385.825431347073 215.31147222013988 -61.946842237309724 
   2790.199959988959 -11544.087829705652  215.3310947081973  -61.94877847800864 
   4273.151522292403 -11522.182908271383 215.31767841486857  -61.93899664856042 
  4188.7182246988405 -10904.658912154744 215.32703392816657 -61.936861064004255 
   3441.533459093819  -9104.793447714728 215.35893238091225  -61.93390496806659 
   4353.440009701556  -9373.533877170936  215.3467635447083 -61.929120441789046 
   4734.004564149321  -9552.935250148701  215.3407530127767 -61.927416159522174 
  3499.1439698863664 -16259.164417347287 215.25900826812224  -61.96465062428739 
   3611.329124375331 -16117.027787099845  215.2599477556109 -61.963299758783954 
   3645.588967723515 -14994.558630508845 215.27523723380588   -61.9581977087207 
   4488.248375808471 -16333.933804747177 215.24882682565178 -61.958510058313266 
   4249.003489796604 -14997.820658417091  215.2696134631427  -61.95426833948937 
   4208.565672394017 -12688.360089665131  215.3020789096595 -61.944491642049094 
   4595.591870968572 -13540.222850455051  215.2866658963405  -61.94566725585378 
   4774.655801706064 -13931.054140396576 215.27958022706022  -61.94619625855786 
   5339.939359605083 -13548.795302194962  215.2796666894303 -61.940840460298325 
   5333.199098086358 -12469.146363405953 215.29472592442792  -61.93619031907378 
   5838.292260499684 -13752.537129478775  215.2722311369725  -61.93846926325163 
   6646.815777468637 -13314.227448989704 215.27085052295212 -61.931280174728286 
  6956.1172620508305  -13160.18955378725  215.2701331299867  -61.92858925073863 
   6256.671462250489 -10901.062390010147 215.30796250721198  -61.92333677727063 
   5957.384218052935 -10350.492805354055 215.31837080295736  -61.92289666674102 
   7354.069597546118 -11078.843512215084  215.2953547989732 -61.916940234102974 
   7844.089471667229 -10842.412127265112  215.2941098447751  -61.91271034073803 
   7057.639988791385 -11080.092850592904 215.29807598664073  -61.91888246729795 
   7755.757396338159  -8898.649084467215 215.32189383589528  -61.90483208014843 
  2438.9447699764983   -8411.26632213315 215.37784002066374  -61.93742979205614 
   3149.193120733493  -8310.133664836423 215.37266625407545  -61.93235232423342 
  2973.0951497978867   -7589.77071961528  215.3842914734629 -61.930363271087515 
   3306.878000417359  -7840.496302085641 215.37772225311207  -61.92927678997014 
   3366.270119983633  -5632.210577804576  215.4077991552161 -61.919264289982635 
   4237.269209297966  -5181.426864636807 215.40598192105503 -61.911614433615924 
   4752.752089756398  -7909.963501146489 215.36337523583146  -61.92013955887446 
   4137.342415591932  -8429.162857866762  215.3618674793882  -61.92641914373741 
   5507.646228598398  -6804.894919112433   215.371716159025 -61.910397193052624 
   4708.925607831501  -4929.992936767999 215.40509982678708  -61.90743998198149 
   5563.682795690695  -5143.580960241623 215.39422754657664  -61.90279217108004 
  2857.2433723686354  -4782.568652071061 215.42429384462338 -61.918880920235445 
   4101.096412602985 -1718.0693547890382 215.45522720913948  -61.89739468393365 
  3785.3716688712398 -2497.8793471040435  215.4473525004763 -61.902857678048555 
   5587.101067924808 -3267.7319943952325 215.42000146872564 -61.894460723205064 
   6350.290383093018 -4094.1739043263497  215.4014893491172 -61.893083607289824 
  5532.5712202082805 -1334.7438006817565 215.44727427172205  -61.88638361916903 
   6513.392199540952 -2104.8664333855772  215.4275311402865  -61.88334446189842 
   6798.686275579128  -8213.199065735054 215.34024638821143 -61.908099865478675 
   5600.602624449215  -7846.768971762111 215.35640773487398  -61.91432826693255 
   7843.996928832289  -4798.394093165295  215.3779167729845  -61.88640252693732 
   7660.816331755134  -7806.066255245482  215.3379234149032  -61.90069706587599 
   8370.588901169685  -8387.413785951134 215.32330363381712  -61.89859136855834 
  6695.4942290943045 -3311.6526270462373 215.40913449867574  -61.88741902627553 
   7520.467846545329 -3161.8696284445873  215.4035764674089 -61.881381872828555 
   7590.734050601029  -3053.241675705355  215.4044307600517  -61.88044969679782 
    8046.67161384866 -2149.0697963271487  215.4127320200388 -61.873531849116944 
    8902.63602303193  -2965.051647954649 215.39351998006407  -61.87150260435513 
   9744.898398676936  -1858.363983609089 215.40105287272237  -61.86118113146981 
   9768.536354569484 -1904.7119262077906 215.40019294791392 -61.861228896054484 
   6767.329300852205 -20190.032668545547 215.17414334848587  -61.96034251948587 
   7700.676923933792  -20233.44157657729 215.16493097455538 -61.954424544169306 
   6184.200128649198  -19691.98986416389 215.18645436399575    -61.961997019524 
   6225.241895528701 -19375.645203479926 215.19047751638988  -61.96035628703961 
   7721.438042581261   -17428.1508782882 215.20375989328747  -61.94212075724838 
   9235.029169543077 -18101.004027616604 215.18044581105056 -61.935139776603705 
  11821.812192405723 -20394.859960476937 215.12471781111518 -61.928155764698666 
   11887.51751282497  -20387.25532677534 215.12421879895714 -61.927692767574726 
  11476.711761608216 -20430.458771555495  215.1273993971558   -61.9305686984064 
  11499.585229831177 -19898.191901646846 215.13459184645615  -61.92811314229683 
  10094.434799440784 -19522.747370358415 215.15275463107088  -61.93568145221356 
   9586.644047144775 -19291.783790788653  215.1606457641005  -61.93800281703008 
  10166.064535055579 -18906.156522376587 215.16066963723185  -61.93254001612266 
   10719.28706392059 -18531.661022868964  215.1607800699854 -61.927296881651706 
  10125.286673570086   -17460.5935136434  215.1811429913643 -61.926538593257696 
  10480.369953502162 -16360.771522380408 215.19315535784173 -61.919445154330155 
  11948.885685965959  -19037.91554617939 215.14241779171414 -61.921445288986774 
  12261.930613389999 -18498.182443231137  215.1470391834147  -61.91705780600284 
  12922.646068011389  -16474.37750278175   215.169079361053  -61.90396179654778 
  13776.069726054344 -19769.397332259487  215.1154338173127 -61.912655187749195 
  12996.149112614567 -19090.996719253693 215.13204053551672  -61.91482156714119 
  12620.366261220346 -19693.839068947385  215.1271171757917  -61.91989254425044 
  13129.225904704552 -19171.186673825883 215.12970120207152  -61.91429799661065 
  13750.945105206996 -18260.985119914127 215.13663210644285  -61.90628572648707 
  14833.998941955597 -16574.291687026816   215.150101388449  -61.89188912600944 
  15416.493794001462 -16792.282757449324  215.1417160993257  -61.88902208610836 
  15558.375567640083  -16512.88615836256  215.1442915504032  -61.88688288395587 
  15729.883614564698 -15939.401399539513 215.15067771198773  -61.88327520825229 
  18182.221148958954 -20095.483665619915 215.07041312795747  -61.88521801508345 
  16446.725679401407  -19097.80479836894 215.10021664310625  -61.89226426812009 
  17656.330203194095 -19327.341129496323 215.08591574421948  -61.88533809903569 
    17328.7688632881 -15638.416177385177  215.1401564588971  -61.87150800333546 
  18044.670835340006 -16119.372486753298 215.12690170023345 -61.868906390660506 
   16790.03434910951  -17160.08801160393 215.12398034345279  -61.88162615806642 
  17917.354363892922  -17157.97456157487 215.11365161143618  -61.87423800578287 
  17543.688244428315 -16023.557118877736 215.13283498506678  -61.87177018211536 
   19244.40916610942 -17998.896605322596 215.08978825164434  -61.86919063811817 
  18847.654602746887 -16701.817724932826   215.111440585564  -61.86617294293105 
  19901.808180869644 -16765.743014356867 215.10087500251447   -61.8595487572454 
   19952.42095218567 -16400.805048606708  215.1054758644426 -61.857637468130854 
   6777.204865315943 -16258.608417242413 215.22873344089155 -61.943218559360936 
   8160.079276874763 -15241.578710870383 215.23010460889847  -61.92976096460521 
   6755.549687516249 -16064.117715982115 215.23163689749276 -61.942515640402036 
   7345.460111982892 -14567.217110129715 215.24699303102395  -61.93215791776182 
   7806.309155714715  -13254.32467083493 215.26097498272205  -61.92344161237251 
   7862.596022062536 -12971.406673427873 215.26438414745724  -61.92184432310982 
   8811.463099590757 -13018.874200922337  215.2549663000898  -61.91584855583328 
   9318.693893842754 -14711.948381352162 215.22677339181786  -61.91988593222558 
    9407.09126473246  -15428.98723604972  215.2159969791106  -61.92242076910252 
   9953.165087051717 -13015.701149115079 215.24447636694973  -61.90837158052393 
  10275.376518449966  -12431.65392826389  215.2496116932214 -61.903728249141025 
   8461.860709137827 -10806.221026284935 215.28890692606456  -61.90851638659453 
   8663.222521168385 -10930.491668124312 215.28532320251315  -61.90774092162433 
   9315.498693356738  -9182.605163447055 215.30354892722468  -61.89587811751613 
   8325.621512563954  -9908.215225532014 215.30262494767783  -61.90550134592185 
   9344.485639556315  -9853.102332626975 215.29398138162395 -61.898604756376784 
   9924.300677817408 -11096.932963328949 215.27137358661673  -61.90022331372705 
  10693.714395401588 -10883.441664687209  215.2672368221253  -61.89426689022348 
  10935.159015976198 -10774.741502099969 215.26651759082094  -61.89221647459346 
  10722.427458856368  -9863.973281433491 215.28111325069546  -61.88964804230761 
  11685.269315924605  -9731.197370876593 215.27407266688857  -61.88277867303396 
  12245.252105942263 -14351.045359724096  215.2048068995242 -61.899182119712876 
  10767.795139878577  -14537.33046824413  215.2158361099387 -61.909652493913974 
  11771.131304981285 -15553.842410920852  215.1924715724772  -61.90750191269503 
  12138.259830792605 -14372.305695565065 215.20549745619837 -61.899974097233326 
  11259.893815488884 -14058.876988430242 215.21794385222253  -61.90435774265972 
  11287.769468963512 -12260.857544924833 215.24264571450763  -61.89636820042835 
  12066.389197598497 -13412.948769030974 215.21947826037947 -61.896280127431716 
   11520.64115089489 -12908.543298755236 215.23150968601882  -61.89765854322086 
  11518.521942286477 -12841.050469006012  215.2324660064971 -61.897379322646024 
   13850.42514592726 -14352.042632089839   215.190009596599  -61.88868799669534 
  12539.110049956776 -14893.537374419953  215.1945672724116  -61.89961413312109 
  12666.937067757273 -14156.404164910595 215.20362450407814  -61.89557967696888 
  13361.679051862617 -14798.138596541803 215.18831649430453  -61.89382002401922 
  13453.449877350486 -13340.298020022488  215.2077081342495 -61.886894374979434 
  13595.093492353124 -12010.330900063078 215.22485764174226  -61.88019509435889 
  13025.186203493466 -12188.238766656912 215.22763972137153 -61.884693841891654 
  12032.461427148408 -10466.863124697737 215.26066856176894  -61.88370665144711 
  13039.274273425495 -10137.835658002195  215.2559500661538  -61.87569618331679 
  12208.303563375055   -8525.27251093356 215.28596811186685  -61.87411835307338 
  13736.179681614856 -11589.225797901092  215.2293995583061  -61.87744424394425 
   14365.72428038261  -9529.212145418362  215.2521651487788  -61.86438151217005 
  14758.141200582495  -9698.330963833087 215.24620597559124   -61.8625509770968 
  15101.680549834082  -8336.714256039773  215.2619121046137 -61.854389776072956 
    9489.23327765517   -5289.78831391436 215.35590296379425  -61.87780115641585 
  10750.557567300179  -6255.303829322935 215.33087744792707  -61.87376733168978 
  11580.786710468929  -7410.108788390571 215.30721296991493  -61.87336873026549 
  11165.854046418326  -5647.717903513567 215.33546058595718  -61.86841037186619 
  11923.897137760401   -6105.24937171162 215.32212614522777 -61.865450347971866 
  12652.871593442014   -5231.63524561456 215.32749940429701 -61.856887095490464 
  12891.431867619249  -5078.803043445643 215.32741471999816  -61.85466377671107 
   12754.45068913147  -4514.694248508468  215.3364891583537  -61.85310322866747 
  12351.465808015932 -2013.6292094020791 215.37482420879857  -61.84484305063728 
  13524.689131158091  -2318.990977867012 215.35977004296473   -61.8385131957791 
  13206.541938126338  -6625.922185206631 215.30308112600565  -61.85933639505741 
  13594.021080077127  -7090.875917636226 215.29306720449182  -61.85882681857517 
   14433.02836328269  -7703.858396943156 215.27684122831204 -61.856009344168505 
   14289.04514105395  -7868.320747023157 215.27588948540435  -61.85766517517386 
  15887.884789630854 -6562.9727151740435  215.2792394593312  -61.84154247374947 
  15840.376745608095  -6315.229452162514 215.28310767362908 -61.840775916723956 
  15319.455168182403  -5186.529770306857 215.30353445427627  -61.83927143701218 
  15512.457293271293  -4532.045110152653 215.31081496037606 -61.835163601071955 
  15991.338575893198  -5714.285040165027 215.29003735281484  -61.83717666415017 
  14542.964458911318 -1746.9298254127718 215.35828839423814  -61.82937290409133 
  14203.088054581069 -1292.9586541914653 215.36770267177133  -61.82961478018123 
  14295.322284119606  -549.6505324475238 215.37713027963702  -61.82577441892105 
  14853.054401432335 -1577.3956470547264 215.35777275041897  -61.82660980659055 
  15790.494677765042  -428.3268557635181 215.36501476450962 -61.815484278392965 
  16553.253951469705 -3546.0116878246918 215.31486813782283 -61.824074722183866 
  16570.964992195648 -2208.6742994865494 215.33320321920382  -61.81813947865776 
  16362.184978681818 -1494.7879929548735 215.34499940944409 -61.816395370321516 
  16372.059702483968 -1164.1253046857812 215.34948026513425  -61.81489120217233 
  15247.565188222874 -14548.994211757232  215.1744167246664  -61.88040299347322 
  14628.351176563256  -13354.01244619609  215.1966997392501  -61.87926995888121 
  14542.963768227917  -12335.63285999233  215.2116154022619  -61.87540909773393 
  15061.652482747651   -12902.0873907332 215.19898183246252  -61.87447516157878 
  16127.223303468783 -12407.330034562334 215.19603905896352  -61.86535925018135 
   17577.40296793401  -12543.71919784946  215.1808086346065  -61.85646531457231 
   16447.59278521417 -13452.852742803309 215.17858827752113  -61.86779900262889 
   16664.83727612681 -13366.867653551291 215.17778305375074 -61.866004953792334 
  15723.913824305753 -11776.624368522256 215.20849792722794   -61.8652600674319 
  16215.911560642591 -10831.479428003951 215.21707542049103  -61.85794041369906 
  16168.867887470396 -10767.021789135184 215.21840201404765  -61.85796822883586 
  16263.960021187424 -10566.648666326511 215.22030466110147  -61.85647659747256 
   16433.15087459602 -10872.557576379519 215.21450670823506  -61.85669816209574 
   17494.80767489006 -11573.892653580717 215.19501633776042  -61.85279856301893 
   17991.29046099158 -15264.179562895648 215.13926222910555  -61.86555073682283 
   18180.03990330647 -15074.151671277723 215.14016504334757 -61.863492121784695 
  18461.584151102667  -12240.85624213312 215.17687966083582 -61.849367837571315 
   19431.95535163308 -12310.886400170804 215.16699084919458  -61.84332327862929 
  19414.456306613847  -14138.78092290613 215.14180240620942 -61.851360825125376 
  20067.197420818455 -12639.810192052679 215.15659474063492  -61.84059302965207 
  20048.209409642634  -11807.39883452251 215.16830888212965 -61.837108481517355 
  20404.871099886666 -11687.453404976848  215.1666951391062  -61.83425501033878 
  18518.309246309964 -10743.153069486227 215.19712045594753  -61.84250004917639 
  20032.199597808678   -9048.89617304079 215.20667782504376  -61.82524721052422 
  20165.867058141514  -8003.651859094019  215.2199242074339  -61.81983628133034 
  20314.272875575884 -11100.684837061297  215.1756595538177 -61.832303359904614 
   17161.79267981987  -6219.390510101464 215.27226477145746  -61.83172384801095 
  16555.828905085993  -7845.149507324184 215.25533042449186 -61.842749188951025 
  16569.653161166734  -7736.106093358491 215.25671355371801 -61.842185060127804 
   17429.67649608407  -7246.327897318283 215.25557962346898 -61.834435590199135 
  16996.252478305705 -6082.7417354696845 215.27568079076542 -61.832211742471486 
  17602.958175552158 -4068.2511014943175 215.29797363133923  -61.81948857153278 
  18585.815589038997  -7277.307114178778 215.24451170050668  -61.82701266136509 
   17439.23881115986  -2685.412478222999 215.31860976032405 -61.814542772247705 
   17638.90181490868 -3974.9495469590256 215.29893344606222  -61.81884795879865 
  17176.919479859742 -2581.7106034775034  215.3224605771949  -61.81580504474777 
    18108.5044206016 -3098.9953779765674 215.30672569705052   -61.8119699625713 
  18667.746971901262 -124.60436428466755  215.3426937478296 -61.795373519666846 
  17351.648073148735  -1328.349738517508 215.33818139911807 -61.809208893148416 
  18670.247638516714 -3502.7889884105716  215.2959688274597   -61.8100560881061 
   19218.83091950472  -2946.655207336305 215.29861017477054  -61.80405324388893 
  19769.337192623552 -2738.8342158443943   215.296417127931 -61.799552621351424 
  20251.239834144646 -2748.1979741664404 215.29185332656957  -61.79644464257724 
   20413.27465175372 -17.767690152986734 215.32809709456725  -61.78350822724718 
  20076.674079362576 -5141.1855181245155  215.2603631213892  -61.80798723193934 
 -2540.4522398452746  -587.4208610382883 215.53252225381408  -61.93576172913714 
 -2295.1693828749962  153.14867095862243 215.54050140278287 -61.930924585337266 
  -1976.324575281488  1089.8159945478253 215.55050970609705  -61.92474981134868 
  -1783.425086162557  2043.1453761809419 215.56191529602006  -61.91932206837168 
 -1232.1198829807126  1484.8342310008495  215.5490626237551  -61.91817207733842 
 -1200.4792291451163  -585.9188250988398 215.52009268091996  -61.92702074281672 
  -682.9297121863138   -899.650351065027  215.5109399719957  -61.92501806564898 
 -254.64740771725084  1211.8119938067307  215.5362020610899 -61.912995718576006 
   821.9420354937225  1023.1760358667036  215.5235938295308  -61.90680315624018 
 -1304.7667862397338  3025.4261247629984  215.5710611527083 -61.911904882487114 
  -98.74333235518823   4061.509131710428 215.57418708606684 -61.899512866323455 
  -924.6767412147025   5073.562056311004 215.59586104799064  -61.90046274756039 
 -480.24062215385175   4650.834259578655  215.5858834650794   -61.8994185598004 
 -31.200016944249487   4979.262814744043 215.58625205934587  -61.89505552867912 
   1166.271227484759   5580.442503545099   215.583437876845  -61.88462286854194 
    805.560945156019   5572.525333891515 215.58667949364437  -61.88700733803681 
  1859.3569665532832  5361.5078820898125  215.5739740359188  -61.88106585264708 
   2073.648553168479    5827.99132914913 215.57843205376233  -61.87762798114666 
   1920.429025638822 -1065.3443154723407 215.48448317872172   -61.9087673639758 
  1521.0788725974971  1424.7772122894817 215.52266277704828 -61.900490143152794 
  1876.0088991280895  1983.3408640705472 215.52709825948895  -61.89573463203808 
  2415.3523643758917  1609.0109085573235 215.51691371162832  -61.89385522399427 
  2457.2798310713224 -364.10428298471084 215.48921394909087 -61.902203564691064 
  4032.4946770436227   723.5340312632853  215.4896627412055  -61.88718080337686 
  3561.4031562353966  2305.6075311218574  215.5159200934027  -61.88333932169089 
   3879.615692601371   1742.147790516045 215.50517429010924   -61.8837272732248 
  2307.4661633949295   5591.664328507827 215.57299445335698  -61.87713902764065 
   3471.967408927015   5970.270546813421 215.56741686858823 -61.867894938115434 
   3167.706898088781  2786.4238406727086 215.52622280067936   -61.8838038731004 
  3987.0950473573594  3283.9967278528707 215.52550376780601  -61.87628746015771 
  5336.9508685485425   6124.131574419628 215.55224047271602   -61.8550693475009 
 -20.094892721110853   7188.065698772748 215.61668299886867 -61.885309832758296 
   -466.837352165045   8446.390042722289 215.63822379421396  -61.88270475463749 
  1129.4909566646488    9056.27191339404  215.6318054480277  -61.86963801933807 
 -120.52450558158763   9110.232420031318  215.6441730087226  -61.87754013429486 
  -72.22895938566788  10171.906531766672  215.6583854037589  -61.87257087798227 
  272.19072731683633   9519.929580623419  215.6461791215164 -61.873187379399646 
   795.3998981860966  10280.649923055276  215.6518177476329  -61.86644608126756 
  1340.9768625609154   7697.807046455084  215.6110758295528  -61.87421289366743 
   1544.467736098452   7657.211328273958 215.60862420341073  -61.87306543535645 
  1994.5479019466168   10093.62098381545  215.6380884962779  -61.85945910519112 
   684.8763105775457  10592.936668661041 215.65715674324423 -61.865796252712116 
   878.8366430609384  11280.578889983184  215.6648447524323  -61.86151811319768 
  125.48225810306604  11365.622547956666 215.67302574143952 -61.866048475502105 
  1158.9282325628433  11304.213292716144 215.66256630676452  -61.85959132001508 
  -92.11003635271685  10668.604389708486 215.66542813546923 -61.870522013428555 
  2184.9214316856883  11552.575613295661 215.65645517353434  -61.85182361743043 
  2012.0659487463197   10455.80756055246 215.64292531516293  -61.85775745506883 
   2539.775918901438  11031.896957043044 215.64597212281043  -61.85179642266142 
  3463.2909108912927  12456.610392207436 215.65704690822324  -61.83953782184613 
   2340.383545085016  13246.086292413158   215.678372291593  -61.84338390632917 
  2526.8027189824734  13115.775120025462 215.67484198548402 -61.842742323017376 
     3627.8085158754  14080.435237459184 215.67791021722624 -61.831344813434534 
   3256.385430109662   8701.180978008613 215.60714151721933   -61.8573432746156 
   4331.519760407594   9320.903094544981  215.6057152678237  -61.84762662631624 
    4409.86511268392   7630.246713685307   215.581644675842  -61.85451912968175 
   5447.013728216272   6833.195385991148  215.5610144165885  -61.85125001952182 
   5288.403762066779   8096.833888824132 215.57993614311997 -61.846753303552916 
   5971.081193018804   9404.488407464596 215.59165410773397  -61.83658135745654 
  3797.2268602189524    11176.9581418935 215.63629152314206  -61.84297378816327 
   4185.707298947372  13393.991863590893 215.66326217791033  -61.83072465883177 
   4657.428694264423  12908.168392968353  215.6521815533574   -61.8297843712319 
   4862.932707189243  13246.213382197831 215.65493411411987  -61.82696437518006 
   6101.702102436334  11255.018560369526 215.61597458794952 -61.827625873173076 
  6712.5141595700625  12122.444354938876  215.6222700923861  -61.81984783473922 
   5514.336238275229  11166.447075083637  215.6202036895189  -61.83183893423357 
   5886.531116805462  11599.228365764926 215.62271904373245  -61.82751901761192 
   6481.093374174695   11930.59514871609  215.6217717580048 -61.822195409327094 
   6716.602515769944  11713.153279644881 215.61658804750897  -61.82161441466931 
   4315.445762866753  -959.3450420983675 215.46374655365952 -61.892684521529624 
   5123.960089698939  -198.8655514062239 215.46678224775772  -61.88409092301916 
    6123.81465389131   2729.000040074252 215.49802209429018  -61.86478307119627 
   6337.995950181127  -351.0763412961681 215.45343136143367 -61.876836447139866 
   7271.566323807808  -128.3906764696493 215.44787005442225  -61.86977448611115 
   7454.161972790326   739.4839287613948 215.45818665949847  -61.86479546938388 
   6394.078854107587   1112.674513988078  215.4731645160705 -61.870080496134754 
   7418.637519537734   2467.234998102034  215.4824094443049  -61.85748328775211 
   5563.275425662078   4153.676257928847  215.5229127973896  -61.86221115418516 
  5559.7425437683105   4454.704428136422 215.52710631775437   -61.8609181514905 
   5813.524419976732   5932.654363407482 215.54517604191315  -61.85280114664405 
   7164.974054562637   4722.896878486621  215.5159363341125  -61.84928179011003 
   6851.329760125832  3047.4773542957696   215.495685566867  -61.85864801628326 
   6682.015515791929  3586.3071910225294 215.50470272284542  -61.85739765465448 
   7262.067935437911   3417.609872656215  215.4969977258174 -61.854352777675025 
   8043.175715780182   3142.310844766234 215.48595922633288  -61.85046203875166 
  7690.2128880369755   5808.950709903611  215.5260742788882   -61.8411103559547 
    8390.99575268439   6117.484211714332  215.5238442049437   -61.8351935085406 
   8611.339550174902  335.88074915245835 215.44189499143056 -61.859008080184296 
   8368.868124843308   987.2491318743043  215.4531478634849 -61.857747298763385 
   8787.651505565673   6.904535327175378  215.4357131872717  -61.85929314832416 
   8868.506794553585  -129.0973599708767 215.43308385072305  -61.85935894047641 
   8771.443177216152   380.5296071929855 215.44103142222608  -61.85776873505131 
   8923.820741400754  387.45211997072926 215.43971757058185  -61.85674440004509 
    7572.41667911642   53.11147370673506  215.4475967422473  -61.86701976760946 
    8999.23493514528   2290.167697107675 215.46533067047037  -61.84794802390462 
   8608.092203260148  1477.4308025839816 215.45771302970138   -61.8540472658887 
   9779.301109428603  1035.3207231262488  215.4407649348136   -61.8483363023572 
  11401.050111286782  2826.8922084467026   215.450534610142  -61.82993829838279 
   8479.811979528364   3329.841714107215  215.4845089838304  -61.84679558984108 
   9760.274298389613  3312.9962913276227 215.47242622678596 -61.838518542365044 
   9848.142731179956   4281.242419214681  215.4849914682373  -61.83371703941727 
  11295.551248043177  3888.7016897107906 215.46618020601858  -61.82599155868289 
  10716.653057279556   5531.635643578829 215.49422588044817 -61.822591644250636 
  11263.596167177033   5657.635545662911  215.4909060490398  -61.81847480987415 
   7386.494933703477   8134.570758942002 215.56100121163078  -61.83291831141421 
   7535.213507857416   7917.723557520071 215.55662941765272  -61.83289798229246 
   6902.751447018095   9876.298324128582 215.58952336708367  -61.82844669258347 
   8798.276278725456   9207.583107846142  215.5627262259683 -61.819024279340844 
    7079.56802535992  11361.640371296768  215.6083732436248  -61.82079040825552 
   7387.617048257441  12230.929322985072  215.6175030942654  -61.81497623841134 
   9062.213232736927  14183.534432444849 215.62888482386285  -61.79551603119635 
   7461.095124744971  13032.514760151313  215.6278721808038  -61.81098556096547 
   7845.105349392145  14227.211297163187 215.64077477283672  -61.80324921756689 
   8737.493530769996  13188.540865522338  215.6181850952896 -61.801990243735034 
      8880.996017526  11292.713081171793 215.59072017305638 -61.809358829752426 
   9017.268296226199  11272.078707758978 215.58917268305706  -61.80856148866135 
    9809.07452877019  11957.260558046633  215.5912817828713  -61.80040370081249 
  10357.675226609272  12105.509461834876   215.588242650081  -61.79618101198924 
   9012.940315217224   11850.78011797868 215.59719175350716  -61.80605577322626 
  10480.259047922285  13803.792211038695 215.61050920143208  -61.78794541403689 
   9492.874344856622   7528.902193179251 215.53312662392779 -61.821840346275586 
  10081.972217379853   7612.857994412897 215.52883112579767  -61.81763350624636 
   10535.26119353162   8365.156766800337 215.53501637039543 -61.811389582816254 
  10756.324825547674   10540.99569844149  215.5629818459628  -61.80043144074603 
  12482.686343136686   9746.778955195123  215.5360517728132  -61.79265523302268 
   12444.80974469665   10551.79852236718  215.5475015955826 -61.789381371134745 
  13238.687465484938  10077.480186327039 215.53361819138146 -61.786281730696274 
  12031.870346327747   9884.345407003666  215.5421199392692  -61.79499180792529 
  11147.812527546766  11883.734879750746  215.5778676347656  -61.79200449517207 
  10964.350470949114   12774.34249635656 215.59184056156525   -61.7893007636716 
  11173.020469823037  11934.729093164617 215.57833705008653  -61.79161706309196 
  13078.368533427136  11783.160612234147  215.5586115647023 -61.779866079171235 
  13361.390596841635   12289.04431842342 215.56296355250944 -61.775808488559356 
  13013.965176401485  13980.629971148237 215.58948000603033  -61.77066805511073 
  13728.390142665217  13030.855050956681 215.56978730438516  -61.77017116221056 
  13759.879957872668  13792.253741374314 215.57998256808253   -61.7666335451293 
  1119.5083611968787   14726.13749326548  215.7101368803053 -61.844832599752856 
  1644.5274575943913  17195.687109725088 215.73928805289108 -61.830571636389465 
   2009.341369112622   17283.88032235944 215.73710828807603  -61.82781142680648 
   2326.649858843849  17571.185285051673  215.7381136623238  -61.82448547504504 
   3548.048416708911  15563.918084141313 215.69909916047806  -61.82535408297317 
  4026.9686323525953  14522.590960483203 215.68029603816558  -61.82680722925067 
  3550.5179970001127  17423.447647175468 215.72469487403845 -61.817173754548485 
   4797.105399867237   17438.24320758878 215.71330966518258   -61.8089993127375 
    4981.85430959981  20095.284903688153   215.748168744444  -61.79612688473586 
   5571.085309215046  19911.206189707984 215.74015808854173  -61.79310353374436 
  6057.8069037661435  17553.637782386726  215.7031845575769  -61.80029051385644 
   6622.231737083929  17384.546123093438 215.69561395856843 -61.797360177905986 
   6889.212430290481  14793.696776411556  215.6574502686359  -61.80698854440919 
   6878.881405608032  15383.387816963585 215.66567045709522  -61.80446972770444 
   6763.507674201266  15898.006824378544  215.6738304476962  -61.80296339655406 
   7205.266000407549   18069.91853542318  215.6996351156126  -61.79055836502523 
   7361.482454070111  17759.523538067955  215.6939119116497  -61.79090420543535 
   8315.852079419603  17860.473831357052 215.68644232754843  -61.78425085655794 
   6340.847165788408  19321.935079560913 215.72489583019717  -61.79068508397879 
   6772.206263419526  19009.108016427872 215.71658351742656 -61.789252740206656 
   8252.673748035277  20265.956671775162  215.7201266141193  -61.77410277203417 
   7285.180418321501   19414.80070950941 215.71740156337913  -61.78413421209615 
   8634.515056060829   17457.93740488732 215.67794440676195   -61.7839431892039 
   8972.950396750002  16911.747096155992 215.66728562557148  -61.78413638739428 
    9726.37932956892   15142.35256166648  215.6359345386558  -61.78698947699001 
  10643.333081405019  17592.901790010845  215.6611697497595  -61.77027647824816 
     9133.2361344511  18741.514463613574 215.69098152535602  -61.77506568714684 
  11370.257390083307  19794.158091404814 215.68471141624022 -61.755889371179855 
  11561.094164021228  19415.589369020225 215.67773597358564  -61.75630836214896 
  12290.256234789815  19166.986933716493 215.66755840656208  -61.75265315470579 
  12436.726978260762  20010.915723342016  215.6778056278701  -61.74799793152182 
   11116.83570193184  19642.135972798813  215.6849706238733  -61.75820558060612 
  12689.127368765045  16565.091680913472 215.62806786041818 -61.761463308202636 
  14380.322022689372    15801.2278953617  215.6018986449827  -61.75379599024578 
  14255.948203821397  18167.676073005838  215.6356072051836   -61.7442381741097 
  14658.681806405955  18497.572044118602 215.63641572449137 -61.740170121821066 
   14761.08548101486   18736.65022354586 215.63875530253594 -61.738455506782856 
  14763.798979320469  19867.201128254757  215.6542731087806    -61.733481604031 
  11927.028070049197 -392.17407629138836 215.40117331494017  -61.84054727275333 
  11883.444256745639   532.9363777859842 215.41436858941026  -61.83679821708833 
  12864.300206620823   3191.229072897187 215.44204494312098  -61.81880254830345 
  11827.833527084591  3176.8193179668933 215.45142438875283 -61.825627012908335 
  12750.168814583643 -241.57846807250655 215.39565351315667  -61.83451823200261 
   12725.21078977099   75.17007761187604  215.4002638240327  -61.83330041552609 
  13042.445020610267  -361.3580848526436 215.39129841003017  -61.83313253807618 
  13528.379372884478    2352.41447419985  215.4243218611697  -61.81812908655744 
  14610.862303395259  2061.3979351608014 215.41030636262437  -61.81233429162353 
  12477.340090501275   3914.513620799153  215.4556117207297 -61.818170386583866 
  12341.939628582362   4540.926179043671 215.46551464751462  -61.81631908301151 
  12297.282661786987   5615.291974624487  215.4807621920391 -61.811919032552396 
   13921.04750433312   4749.854330063485 215.45380736409243 -61.805106841826145 
  14723.539324336749  3678.8425471792248 215.43160746900045  -61.80454480829902 
  14637.506254638134   3915.335830442059 215.43566759365157 -61.804074408173285 
  14320.760278686508  3779.7311425616817 215.43671989934109  -61.80673260551566 
  15644.208989532544   5787.430803338082 215.45221521615946  -61.78933767036265 
  14543.243773580676  356.65657773429285 215.38737195184385  -61.82020679669443 
  15248.661933727133  1364.7411989641967 215.39479453589436  -61.81120866835897 
  15424.280161840732   1115.065255001162 215.38972414629663  -61.81115055119201 
  15710.299920520476   797.2983514104477 215.38269440090167 -61.810668268947445 
  15440.764843345438  2821.9381314098428  215.4131525221844  -61.80360205967827 
  16230.553344895527   2090.101528334852 215.39575698800073 -61.801638068757505 
  15512.455876911692  2375.4507499612705 215.40632384155387  -61.80508097099019 
   17816.60290638416   997.7588936367184 215.36604314925142  -61.79604387754686 
  16788.619736492343  2116.8214721403374  215.3909787960213  -61.79787896838849 
  18246.606339401525   3423.052623655979 215.39557246153328  -61.78266904434906 
  15444.641658351304  3969.1775972795904  215.4289594376946 -61.798573255168925 
  16195.608988081229   6166.165323149081 215.45235065975547  -61.78408774815024 
   16622.76360663615   5720.462543423855 215.44225827018204  -61.78324618650569 
  17734.759628675896   4102.754294055527 215.40967431726085  -61.78304652189024 
  17993.269050042185   5090.140369056068 215.42091698926774  -61.77705379361779 
  18529.349737789875   5267.616860811512 215.41842229738748  -61.77278160230791 
   17482.11769377806   4978.095270185743 215.42408537659804  -61.78087788611903 
   17903.57616367204   6370.642593257693  215.4394103311908  -61.77205314561654 
  14338.380616820186   8641.294552893056 215.50364750347848 -61.785390763356816 
  13595.464326700598   7328.563503458232  215.4924066845383   -61.7959701530951 
  14124.116274153552   7624.890165473849 215.49160871817293  -61.79122851663552 
  13620.260102909857   8918.225810628139 215.51410498177876 -61.788862314392595 
  14363.733700378072   8715.620345278647 215.50443816265238  -61.78490068689328 
  14339.603641802105   8952.173405100208 215.50792321917118   -61.7840242982595 
  13994.969926958818  11015.439502152556 215.53955288005685   -61.7772509335364 
  15093.865871256752  10835.933904563275  215.5269193329695 -61.770873399016445 
  16130.881585629118   9947.366575955108 215.50509099074546 -61.767996891599815 
  16581.446327142898  10308.253967728002 215.50590270330827  -61.76348233251723 
   14964.93795368868  12296.763778165965 215.54823855536196  -61.76532545187778 
  14685.945052233468  14989.706948234607 215.58790123091768 -61.755358710951015 
  15526.047589565149  11474.537153862477 215.53172421338272  -61.76526429330878 
  16875.987451109915  12847.161420461885 215.53815584439275  -61.75046360779998 
   16539.74267165564  14225.922355567478 215.56024534896338  -61.74662388858233 
   17315.46510799832  14095.795634062253  215.5512855419516   -61.7421383184471 
  18007.057728279906  14766.247905441136  215.5541232020925   -61.7346986327567 
   17464.22785777745  10429.091217401523 215.49941549117105  -61.75719868722907 
   17095.56083864336  10599.779279969776 215.50517159373425 -61.758856548388515 
  18735.833841356438   8549.352771406799 215.46177457799055 -61.757115457742664 
   18563.94798992601   7867.749231340175 215.45396407022739 -61.761211870338826 
  18962.926307124813    9504.34663216758 215.47284109955737  -61.75146482380811 
  19234.625569750737   9346.944866021742 215.46816566649886  -61.75038004959723 
  19429.895492806947   9225.758333724762 215.46469454632324  -61.74963552229617 
  18601.268370095608  10215.994450981454  215.4859836986894  -61.75071546134356 
  18566.927473557444   9613.035761590354 215.47799256312086 -61.753572795783896 
  19814.499949999456   10136.24871733279 215.47369189962086  -61.74315173555045 
   20193.91652048254  11008.432097137933  215.4822057520373  -61.73686850058383 
  18203.434784142704  14170.211198268387 215.54410675682664 -61.736026052815696 
  18018.066617925924  14015.383241605925 215.54368798551036  -61.73791127942616 
  18342.893571330023  13995.921590756187 215.54041999709432 -61.735879420966235 
   19335.98343148915  13419.916337792885 215.52332291287314  -61.73192509001447 
   20142.66252063144   14295.08717748784 215.52792111719148  -61.72284081178475 
  20134.931511814844  14843.732356948316 215.53554076208388 -61.720492297728256 
   18690.09122629925  1078.5519131579736 215.35911019485044  -61.78998871046009 
   18821.72321147787   1047.836991211546  215.3574732145826 -61.789262971684934 
   18937.20624802952  2290.9497602834826 215.37357732259267  -61.78309426393016 
   18518.14895096542  2222.6889370853005 215.37649633186007   -61.7861274603715 
  19363.744080456112  3385.6067562033436 215.38475944912457  -61.77554017706477 
  19344.484148683154   3522.943338629853 215.38683254965372  -61.77506741587878 
   20422.27427268877  1177.3757504932564 215.34452195347967  -61.77824719638082 
  19341.645083833348   4652.888742881416  215.4024523552377  -61.77016086997624 
   20301.03846809836   5418.585874088017 215.40417482168826  -61.76056122897416 
   19572.90763458301   4377.151421061201 215.39651633471436  -61.76985344615659 
  19279.923912382663   5232.229363972646  215.4110144373732 -61.768037816802256 
  19605.599832238382   4881.916949256555  215.4031797310027 -61.767439693194376 
   20477.08592342207   7487.691713218804 215.43108422150334  -61.75038906784136 
  14870.427420744072  15100.308089579268 215.58771696987327 -61.753672745063284 
  15127.723433984294  15655.281036274933  215.5929749481614 -61.749566882134616 
  16326.237079298473    17356.9316371955 215.60529957430256 -61.734308662151776 
   15703.45826562566   17047.65079002915  215.6068061225084  -61.73971938301991 
  15890.709509107523   17433.35109207252 215.61037906782389  -61.73681044771898 
    15825.9828999852  18195.429658243425 215.62145812120045  -61.73389341105216 
   17380.95304866505   16261.29553966429   215.580477942601 -61.732235734693724 
  17778.887033905452   16639.57795536911 215.58200329347557 -61.727987472044056 
   17798.28779745889  17135.353985409452 215.58864226909859  -61.72569068882295 
  16276.410301093592  20464.547077911942 215.64848151146433  -61.72101570926364 
   17122.13280619043   20278.00617842419 215.63809362773998  -61.71632743097562 
  18297.804953855477  20267.507995176507 215.62707685696205  -61.70871849553325 
   18598.61240462825  16983.739245015862 215.57916163130582  -61.72114076215477 
  19031.658986081213  16963.536146970255 215.57488318691188  -61.71840794838772 
  19814.799687371647   17401.04456927042  215.5736651559487  -61.71139091690625 
  19532.521629789695  18490.415689921003 215.59124648618806 -61.708461107819026 
