\ This script generates Case-1 astrometry challenges. The telescope used in this
\ challenge is distortion-free. Sources are retrieved from the Gaia EDR3
\ catalog. A list of source positions on the focal plane and ICRS coordinates is
\ provided. Solve the field center and the position angle.
\pointing_ra=299.6793506881518
\pointing_dec=-51.77896007791029
\position_angle=65.45698819455622
|                  x|                  y|                ra|                dec|
|             double|             double|            double|             double|
|                 um|                 um|               deg|                deg|
|               null|               null|              null|               null|
  18623.191765446823  -9650.671260979088  299.6926148816971  -51.94338783694294 
  15557.819070660993 -17933.856225824777  299.8047761979787  -51.94844103103754 
  16103.596030771998  -18595.96944159084  299.8095763690045  -51.95449101933866 
  15403.557473947769  -17931.77572459626 299.80556492004564  -51.94733205028289 
   5334.576950647189   -17589.0276710732  299.8545665479404 -51.874263877044164 
   4641.861471941386 -15765.568938520697  299.8370996534651  -51.86339802988924 
   4690.610460269483 -15752.359875820275  299.8366906452835  -51.86370356018597 
  20223.240890495035   11658.91345116203  299.4376597651452   -51.8850920124093 
  20136.213500078597  -7052.830118982509 299.65452362193884  -51.94571889718557 
  19591.786794130476   -8838.95133344621  299.6780908573665  -51.94765756956484 
  18780.314641024048  -8676.926594346756 299.68050599573957 -51.941335806217296 
   18398.90189809352  -8778.934947298947 299.68370425114125  -51.93894518108248 
  19161.313414396474 -3605.3677784482284  299.6197735907339  -51.92750686789812 
   20241.36328412919  -3586.776414757662 299.61383715981657  -51.93515418327559 
  15284.379309872176  -6141.484850516135  299.6696372778117  -51.90811005056823 
  19541.472634224905  3814.9569449863084  299.5319229868009  -51.90595253493071 
   17285.31281855851   2070.255203314455  299.5640620354683  -51.89556831154691 
  16579.543252539366    2865.73448591166  299.5586077581789   -51.8879305638741 
    17131.2042002374 -1862.7488394846023  299.6103616068975  -51.90732643668571 
   17333.31175751866  -1711.549190661445  299.6075422815454 -51.908274779600966 
  18956.217491176383 -1070.9712523320052 299.59153405331824  -51.91776240434198 
  13689.471944750354 -3063.1329851462183 299.64245787511055  -51.88668179411251 
   17746.61522456145   835.9766475404181  299.5758882440222  -51.90289672856639 
   15273.76874180225   361.1357628971421  299.5944796004614  -51.88680455506796 
  14726.876589968866    517.985916151102  299.5955621853791  -51.88238939133243 
  13295.576414211528    -8632.2377395299 299.70896835358417  -51.90202780289229 
  12243.524281398208  -8436.446376273168 299.71225570738414  -51.89387741928676 
   9800.403838247448 -10120.135103468838 299.74462400612697 -51.881910214712235 
  13374.627837738853  -7151.992267108246 299.69142115248627 -51.897769452271476 
  13473.414679963395   -7047.77621551836  299.6896935110752 -51.898135150481075 
  10615.047365241804  -8600.658683167192  299.7227478668438  -51.88278275215923 
   9281.487318223299   -8851.88037625497 299.73268657491366  -51.87407664377578 
   5935.549642755466   -8832.47630109002 299.75009295841625  -51.85011561505068 
  3929.3304473270664  -9114.401965671972 299.76391458969607 -51.836702051907565 
   4761.913955341142  -9238.169955202584  299.7609633103819  -51.84305194551998 
  11332.312609774826 -3572.8689925126655  299.6608110222179  -51.87151880460433 
   6301.334901116718  -5268.843998822372  299.7069685866884  -51.84112709095741 
    8468.78929739084 -2121.0687068014927  299.6591546263391 -51.846341038733556 
  6121.3195312314065 -2910.3363610443894  299.6806640991354  -51.83215593196124 
   532.4642864757908 -2607.4019912323784   299.706624272113 -51.791262981537514 
   692.6388325525528  -7568.310506627571 299.76307530517363  -51.80855343861418 
  1583.3308142125572  -5559.219199804816 299.73517896984384 -51.808379136404696 
 -115.49318058643132 -7024.6529755147885  299.7610450481874 -51.801012701508974 
  -3225.232683893833 -6656.0187305224745  299.7731348955046 -51.777599584527046 
  -5083.571672838278  -7069.401975832712 299.78766852656054  -51.76566702443159 
   18263.72245659465   5138.048597759867 299.52341038577833  -51.89250549810419 
  17331.107435150414  3398.8016441318837 299.54846099488515 -51.891547706642825 
  15989.361225544875   4179.046463181129 299.54655834617125  -51.87942234440582 
  19817.614785378173    8543.14934583813  299.4758088946378  -51.89242591819928 
  17642.748286023525   7938.584853765085  299.4943477759102  -51.87889978206224 
   20392.05221905887   9327.753884091158  299.4636900697177 -51.893947689434405 
  15718.037852924706      7530.859939244 299.50927469041153 -51.866509856767976 
  16081.673392101238   6753.547890420589  299.5163236178343  -51.87165019025733 
  13785.872076341639  6817.5733561760935  299.5277615471369  -51.85506562451076 
  15180.264743372481   3031.207742434796  299.5641118065022  -51.87740633472837 
   8854.196834409195  2035.3332945112245   299.609102054493  -51.83552290072896 
  10859.630354324576   6044.210385070124   299.552198468051  -51.83672361598789 
  11845.800074950499   7677.285763323578  299.5281201813351 -51.838411938058364 
  14769.785995487262   10645.49596035254  299.4783449694582 -51.849536805843776 
  16099.845170176173  12548.320079725105 299.44931633420174   -51.8527763089332 
  12286.382605881647  10566.611451555997  299.4924357063638 -51.832086644096556 
   12681.65831306305  12457.817099677884 299.46851647971596  -51.82870274662405 
   12374.42548642295  12453.929461436892 299.47019222436904  -51.82652488340052 
   8126.876577993924   7363.079792248742  299.5514456418849 -51.812912281309465 
  8015.0338994667145   8529.608816292703 299.53857827324845  -51.80829601395094 
  5068.8340639548305   7605.611189567857   299.564828479123 -51.790302132538535 
   2414.908874557938  10206.121427910224  299.5488792848603 -51.762859447851234 
   4830.658398149121   907.7495481929329 299.64337874620634  -51.81048801570976 
    3444.37678745003  1704.0199861792503 299.64150407362996  -51.79799394885371 
  1961.7791628142509  -522.4074059795114 299.67502336373514  -51.79467333996608 
  109.97525747195948  -993.7706860269436 299.69022319750525 -51.782988505491375 
  3031.3571474079463   4871.383153638407   299.607136682409  -51.78470293962554 
   2051.579915518994  3355.2796304530316  299.6298001105636  -51.78266219417865 
  -900.6617254493208  1000.5548919422098 299.67253517183025 -51.769271407005604 
 -2273.5867398648134  -2836.961022589568  299.7240452475141  -51.77197198097346 
  -7769.519339755849  -2165.379375613276 299.74519204671293  -51.73053382716569 
  -9269.027063275194 -1764.5019619014593   299.748445682949 -51.718519153779965 
   -8467.46154293078  -60.08701020593113 299.72458552851555  -51.71869689135215 
  -7859.789989298763   58.44304737944526 299.72002529610126  -51.72265065349633 
 -11031.080916805526  -334.0014986800615 299.74120915536275  -51.70127914924175 
    1971.08522485202    7106.20887044994 299.58696228518323  -51.76983300005386 
  -2204.716354752943   6463.423397929205 299.61641661758154 -51.742134445691526 
 -3447.0914907847077   6143.999275179871 299.62665007966973  -51.73431078656252 
  -424.0934855969033   8324.271664121541 299.58557145821413 -51.748760174472146 
 -1366.1068405299798   7343.818862930583  299.6018446464469  -51.74524285274497 
 -4417.7941309388025   6703.943574164854  299.6253153232395  -51.72555423927796 
  -6535.296268857739   5384.457616037675   299.651675299328  -51.71474702998205 
  -4869.247462819918    8257.71833267513  299.6097952293581  -51.71725732611008 
 -10877.948844626757   1669.930794319863 299.71731395199987  -51.69584940831899 
 -11019.235864195594   2942.839691955891  299.7033923134711  -51.69069444027063 
 -14841.633689053062   3481.921786532214  299.7172617551223  -51.66164298532185 
 -13704.679236937573   4262.699211239434 299.70230241934127   -51.6672187563185 
  15044.678166967864  17277.413533786977   299.400366507452  -51.82971948727364 
  19756.808946211146  17538.918113530766 299.37226433111067  -51.86243990398403 
  14806.585069621784  16897.809467581807  299.4060107141396  -51.82927039148278 
  15153.071988509982   19542.08284406931  299.3736768908636  -51.82304397008435 
   14009.90827076579  19574.016432119945 299.37939262931224 -51.814792783193816 
  14984.885957011398  19178.556178720417 299.37876311364647   -51.8230414257356 
  12689.580003172145  19112.613420340604 299.39173455507705  -51.80690115233634 
  13512.970643552138  19959.311368095885   299.377595738565 -51.809984117444735 
  10935.781378750446   14636.92684707186 299.45265088847714  -51.80910413512401 
   8777.439290486325   14805.37991924412 299.46216328665037  -51.79316312770893 
  -544.7075313381764  12560.046488983338 299.53740584417346 -51.734041478963924 
  3607.0734860392063  15792.929721266799 299.47819591337316 -51.753057579421686 
  1576.5422419960903  15541.604703024588 299.49184477516184  -51.73940225436669 
  -919.7864157332651  14649.054059162123  299.5153322741541  -51.72452436699897 
   4548.173177873491  19208.396695502655 299.43387323445137  -51.74855762682888 
  1738.4017810136388  19828.492935568815 299.44163438757437  -51.72649123357091 
 -2654.1615200942683  19289.738789944735  299.4710998468352  -51.69694227766345 
 -1392.3769613092663  19580.226778724682  299.4610781258046 -51.704985728347054 
  -2268.762964652101  19757.127801780734 299.46368315393266  -51.69815675195145 
 -1491.0163722597852   17218.69528069029   299.488774177171  -51.71202855679495 
   -4197.47409682142   18525.62675746186  299.4880550703194  -51.68844354641217 
  -5093.329616546986  19813.162209386268 299.47798545401844 -51.677833129607166 
  -6555.819376652459   8769.753566165222  299.6127898725623  -51.70354829625775 
  -6618.246859054916   9932.038668083918 299.59973566870156 -51.699305239298724 
  -8870.623007822884   8717.090079862015 299.62559336374756    -51.687199785517 
  -6766.756323617715  10960.802388620186  299.5886749783065  -51.69488300026052 
   -9576.62139383411   9826.521821554086 299.61654148470217  -51.67853783684529 
 -10854.478101269851  11388.468122382186  299.6052989688521  -51.66431574068937 
 -11700.426930720956   9736.250762910217  299.6287638890366  -51.66367494729528 
 -15055.158439745155   6151.843944794145 299.68765180961077  -51.65141993674937 
  -15973.48791314828   5358.240949141554  299.7016074460559  -51.64744892753522 
 -16204.850300553146    8201.57805163734 299.67010926648857  -51.63652910837132 
 -15517.874664162167   8304.445675722714  299.6653159420863  -51.64109797250162 
  -17995.15748519763   8636.018364373758  299.6745174388087  -51.62233103617052 
  -13633.28404279765  15955.507124678848  299.5674217167566   -51.6295570716827 
 -17465.224719909143  10941.233570925626 299.64522791280484  -51.61859431339521 
  -8286.187513770106  16988.318073337243  299.5273428167532 -51.664320976572114 
 -14219.333045669115  14671.580114473894 299.58526691399214 -51.629574360522675 
 -13936.116252902197   15843.25810117664 299.57030757150164   -51.6277636422452 
 -10721.636929800725  18068.517731850123 299.52778014555474   -51.6434118415441 
 -19985.036543567607  14726.057341616844 299.61498078929816  -51.58825228721354 
 -13561.847442716871   19432.81658713543  299.5270882959776  -51.61868526519724 
 -15925.857991992427  19837.211367964093  299.5349091029313  -51.60049877499892 
 -16383.723423281976    19149.4011922546 299.54522116673775 -51.599484394971725 
 -18868.445021656098  18108.107412669724 299.57026547864393  -51.58516529929312 
 -357.88586120814716 -20249.474996057772  299.9152238295773  -51.84218980954622 
  -7427.298461282927  -19037.23707188367  299.9382063461413  -51.78771660183689 
  -1161.637875933656  -14851.58133635671 299.85699584186983  -51.81895531496471 
 -4074.6157558963305 -16682.253950552084  299.8934326729056  -51.80406559172848 
  -6180.311815485159 -12068.424915634609 299.85114836220066  -51.77405902051107 
  -7530.775808053547 -12669.992563630578 299.86517321641935 -51.766357179274266 
 -10325.629282717515 -16181.368238426037  299.9203594130966   -51.7577508096007 
 -15121.684540567341  -15687.74241096891  299.9397193235411  -51.72185833006313 
 -17538.656355587034  -16230.38017914596  299.9585972437321 -51.706327957555224 
   -6192.39366863313  -8974.185812493226   299.815478654325  -51.76393157348132 
  -7625.408728797037   -8203.39591258741  299.8140975166311  -51.75118908522027 
 -11840.514846337821  -7223.788884520151 299.82489024460307  -51.71788837575146 
  -13227.40667432918 -13358.844695796335 299.90293905423636  -51.72786564072188 
 -15082.927880262649 -12670.347308430497  299.9046921342613  -51.71236998341749 
 -14065.357585689057 -11202.778515902897  299.8824389714325   -51.7148909564033 
  -15672.31534935597 -12028.959588567192 299.90037198749326  -51.70607913586129 
  -16790.38693408679 -13719.630395233682  299.9257187477605   -51.7035581565437 
  -20469.94782666519 -13798.043283386809 299.94582526531207  -51.67749942958389 
   -19295.6735358173  -12402.92800799455  299.9236092581013  -51.68138312082258 
   -12408.5217514404  -5525.978070250554 299.80828615286487  -51.70831721445395 
 -12989.729481104167 -3652.7151854244667 299.78973582263046  -51.69807930691344 
  -15108.22987191527  -4750.501080385326  299.8134902829823  -51.68650840123797 
 -14982.376251398495 -1732.7340137961294  299.7780559961206 -51.677603532619145 
 -15167.324728044685  -3606.705433091664  299.8006178371899 -51.682371474769376 
 -15313.332415547538  -3084.603196861329  299.7953664902083  -51.67963218790158 
  -18297.80965186059 -2412.2617328094707 299.80325241774824 -51.656124301178444 
 -19822.665241385468  -6207.065675495416  299.8549433568669  -51.65754344009224 
 -15878.830781178842    -648.86754989952  299.7702697499939 -51.667675905717395 
  -15192.38072615398    1260.47705921196  299.7446804354893 -51.666369060962936 
 -16109.660477763613  1308.9476429456747  299.7489336765409  -51.65965961661607 
 -19038.622233781014  167.96545857321996 299.77742152895917 -51.642447604417114 
 -17020.559834907206  1840.0574273512375 299.74759580990275  -51.65142546541107 
  -18138.41330514327  4566.4031367174675  299.7220810942188  -51.63456818032065 
 -19799.018065716304  1013.1130442615423 299.77167624364506 -51.634268041260746 
  -17858.22474409656   5913.455677413928  299.7051129633219 -51.632181933850184 
   -19224.6914653312   4479.417728302813 299.72877932402497 -51.627093603145816 
 -20396.038293693906   4079.486755406441  299.7395211754138 -51.620029551298785 
  -20368.26266664247    9277.31950499784 299.67960413283583  -51.60329751431861 
