\ This script generates Case-1 astrometry challenges. The telescope used in this
\ challenge is distortion-free. Sources are retrieved from the Gaia EDR3
\ catalog. A list of source positions on the focal plane and ICRS coordinates is
\ provided. Solve the field center and the position angle.
\pointing_ra=134.8344427850505
\pointing_dec=81.12857515378491
\position_angle=263.51781905210584
|                  x|                  y|                ra|              dec|
|             double|             double|            double|           double|
|                 um|                 um|               deg|              deg|
|               null|               null|              null|             null|
  -5202.904640622179   19899.41146339052  135.8044829478373  81.0691152036967 
    495.490097270409  16544.799761938786 135.67292078813443 81.11685018756997 
  1694.9334732456684  19065.857221006274 135.80787694446155  81.1236456471004 
  2877.0569924973356  19008.574043194705 135.81278299048367 81.13290381220888 
  1859.3042103679895  15316.286749231036 135.61973710127336 81.12869056420485 
  1940.1878680290542  15198.952379856319  135.6143329229781  81.1294366202669 
  3964.2559497034467  14991.475649629101 135.61686785704876 81.14540142897364 
   5695.712509832283  16771.474106907157 135.71818507775794 81.15710435534314 
   4961.023441544712  10406.287126885063   135.391051026307 81.15763948234742 
   6762.286809854806   13697.46589110887 135.56931001514127  81.1684662057132 
    8543.46937733717  13618.388352922611 135.57673652403335 81.18241351620341 
   8541.927113266514   9750.990683165397 135.38019306959532 81.18616309854532 
   11694.81525322131  17142.208057036318 135.77647305633135 81.20342508178967 
  14984.762505902208  14010.171484267372 135.63840776394906 81.23217769660826 
    9821.87848919244   8901.533726915995 135.34497888587936 81.19694710384626 
  10502.355880473064   6548.925657996364  135.2293659793289 81.20447675511177 
   11875.07947080063   9096.025127695286 135.36772845759617 81.21275606517817 
  13234.882571900403   9326.306024772088 135.38802020902398 81.22312790479542 
  13339.306283898875   5749.024996825787  135.2059667088018 81.22733371084293 
  -18247.63532391743 -18992.767874896243 133.78407445525977  81.0016187454465 
 -17214.247492610266 -19655.248785738455  133.7558738854811 81.01018516386604 
 -18485.769198594444  -17759.14217004106  133.8445475775512 80.99883449950806 
  -9728.505601504288  -19671.39054001843 133.79078452213875 81.06868634906797 
  -4264.045946275997  -15713.94881762572  134.0171894787817  81.1083623583593 
  -4726.844639684434  -9385.998245588864 134.33431300353746  81.0997025593506 
  -4680.786714326836  -9203.289453901192  134.3437752204901 81.09991236335576 
  -5262.497032551141 -10777.526398274453 134.26129595869529 81.09665356621545 
  -533.0006895477223   -8526.45490386338 134.40010927959221 81.13172976810083 
  2172.5343748002506 -10323.395486822788 134.32346510036214 81.15432582121706 
  -4267.202651896004 -17768.409518064957 133.91334365568568 81.10991778189995 
  -4332.761774424431 -18698.913955813026 133.86598453243542 81.11011181032303 
 -3347.3639136255692 -19209.701009235472 133.84496269953445 81.11819540100849 
 -3445.9915296201593 -16357.714590162232 133.98874560147826 81.11525011204088 
  -599.1303539440509 -17248.761526878323 133.95783964175888 81.13817274104312 
   -592.736740440952 -16964.540893737383  133.9722822977647 81.13800409841788 
  1781.6991395960713  -19326.84347514376 133.86413200819447  81.1583539952154 
 -1334.8636119847788  -14870.26705962513   134.074670793032 81.13058085474847 
 -1313.1071306816007 -14840.336123551857 134.07629744411682  81.1307272974706 
  1351.3328994813241 -14239.185311267382  134.1203961184042 81.15106123436526 
   2581.647441064947 -14578.172071558398 134.10949429453134 81.16093622692749 
   5084.453282180201   -16516.6454226904 134.02362119221627  81.1819994029652 
  1320.6314408783364  -6039.500736870033 134.53615870983194 81.14411444436318 
   5118.422194391845 -3488.0718975751984  134.6868112063652 81.17156023604147 
   5580.413327010329  -8693.093968081781  134.4246244072327 81.17958190986785 
   9155.869379463331 -3978.1209828731908   134.684683040758 81.20347996322288 
  10866.601779205654 -2805.4923566486495 134.75428301008327 81.21580326467955 
  12969.272175507842   -1612.63509123932 134.82738615657547  81.2311524578614 
  10508.613070538388  -4131.130609435401 134.68453760432791 81.21416495081297 
  14562.303813420936  -1555.790326213089  134.8395603979199 81.24352542837364 
   9118.727876784022  -8555.342224308542  134.4508911207564 81.20708171672048 
    9225.51838869459 -14232.843848589999  134.1614382353321  81.2125424149581 
  11188.714292615214 -12705.927886670657 134.24984492577826 81.22664669491597 
  11388.298586823903 -14629.598951413724 134.15240406013373 81.22974552983914 
  13820.454818049231 -13613.258500388129 134.21725611726396 81.24792402647513 
   15238.21412563462 -12251.980479236887 134.29467504616994 81.25789223387913 
  13787.235624123996 -12076.444557126919 134.29592363148663 81.24642248804912 
  15708.050218132976 -12531.640632287834 134.28282038008746 81.26178727011666 
  12459.385814374747  -6786.530550135019 134.55973362227397 81.23166139447943 
   13650.45026322611  -8666.924098707077 134.47000939581315 81.24254093037288 
   9145.258539016724 -19458.022171542896 133.89384907238815 81.21597798331413 
  10018.031920089417  -20001.31196016402 133.87037861025374 81.22320783976629 
  16817.076181729037 -18796.937009092697 133.96630683743527 81.27540018674793 
  19215.461932286456 -15845.038995784464 134.13078220802163 81.29182783334821 
   18072.62907271336 -18851.572422796326 133.96986458470045 81.28524916771943 
  18828.876163125224 -11341.148819202335 134.36088002535772 81.28517582494626 
  19374.771913022174 -11593.600491046327 134.35083252632379 81.28964426541646 
   17554.49130135659  2042.1721334019715 135.04176125264442 81.26361573970496 
   19296.78060807897 -3859.4607735860504  134.7487287947212 81.28247897259007 
  19568.801711119802  -4772.190565748133  134.7033118675576 81.28539620463117 
 -15137.128715415593 -11921.349833580238 134.15290493115938 81.02047270584143 
 -14976.952704011723 -13816.157308235672  134.0588988413631 81.02321674446613 
  -19749.74650437951   10567.11932534956 135.24782889332465 80.96496836275233 
  -20382.14869404863   778.5342495720631 134.75812260235026 80.96893334748829 
 -15530.488839620257   8089.980043675424 135.14983794358204 81.00016436371122 
 -17080.809504218316  1791.6356062191321  134.8270706490172  80.9937889959197 
  -16849.18663925238  12128.364501939519 135.34290852561162 80.98608718443325 
 -11536.057710440233  -3939.197769589494 134.57156135245347 81.04201516681836 
 -11185.091374592976  14481.308530409735 135.49511127525656 81.02793625224882 
  -12824.11847108381   13764.72754531915 135.44914266843494 81.01586733825116 
 -12245.480513583288  17180.303067994584  135.6231098586833 81.01702490174877 
 -13164.082819891684   17263.55237808738 135.62142593535754 81.00979031177206 
 -12417.899093392065  17593.363196478047  135.6426072462683 81.01527222132881 
  -10416.23526074155  17794.026714345997 135.66539810779315 81.03065571523464 
  -9329.703551785735   18487.51812771123 135.70701594454835 81.03842017151707 
 -10981.963329642409  16089.869318113178 135.57670883806446 81.02794116369641 
 -7871.2366201946525  15817.174626871549  135.5827736490034 81.05243175867551 
 -14478.690099437375   9998.044528175695 135.25121433651597 81.00657624029373 
 -12802.002123050692   8599.250567879975 135.19150036488494 81.02095389969885 
 -10934.768054055989  11312.709460115651 135.33835654357765 81.03294160877272 
 -11517.833649819118  10470.539020020318 135.29271396979846 81.02919966592503 
 -10049.226771201456   7845.766361562081 135.17030099642906 81.04310928938892 
 -8099.2779754613175   9818.214845598377 135.28086041360655 81.05645262684787 
 -6100.5031932685815  14202.865987136776 135.51306942658024  81.0678056902365 
  -6140.958856756203  14117.934008850028 135.50855498676705 81.06757360951939 
   -5318.32875055693  15452.324649414108 135.58069802200887 81.07266981556508 
  -5710.837428757733  15156.123990101201 135.56334619134034 81.06990530215357 
  -3321.476030903385  15101.949224966516  135.5758010019662 81.08856385217416 
  -1846.132605078537  15176.647814801907  135.5889603143936 81.09997786768687 
  -3307.261224656532  13180.536723526842 135.47928851063548 81.09055601399506 
 -1324.2852951427299   14569.79097133569 135.56173482504937 81.10463941402104 
 -388.83112116379374  12292.296285450844 135.45288193836743 81.11414846003856 
 -19119.830019127403  -3230.321401459511 134.56568782540708  80.9822399791699 
  -19775.95017668208  -748.9580523607353 134.68555691448825  80.9749921643155 
  -17445.64128976335   81.85329338056786 134.73984211724468 80.99244683626982 
 -18834.324024450398  -6003.257240458645 134.42913054633462 80.98679927891595 
 -17972.550823067737  -4417.480763944808 134.51275409084522 80.99219688603509 
 -14560.314299444572 -2836.5769631436438 134.61018480218277 81.01747846230191 
 -11366.049614998488  1645.9683497632482 134.85224885702158 81.03848443970756 
 -13484.686833856076 -1889.5308761697868 134.66344940851687 81.02505599078252 
 -13337.067421619187  -2728.849436833486 134.62228627939885 81.02692970832035 
  -9280.158153476954  -443.7042237471888  134.7593457187953 81.05659583171376 
 -18404.974234727037  -8236.109600450824  134.3201117659431  80.9919908626623 
  -12374.64350152049  -5402.991008589068 134.49367628830808 81.03670925596317 
  -8904.557363545015  -8381.981753188362  134.3627536245298 81.06626859044927 
   -8032.71359042595 -5911.4064018864465  134.4916194272545   81.071019189268 
    -7179.4459602144 -4687.6314530770005 134.55780742622326 81.07664400749655 
    -8582.3807777892  -5022.924260986009 134.53329254948432  81.0659811607483 
  -5270.163324524533   5929.167895503362 135.10265607443068 81.08213255130208 
  -3077.466830382363    5699.64781340568 135.10416202327505 81.09943489129316 
  -7197.919448874356  2813.4970370177402 134.93475930897503    81.06994223793 
   -7453.29414972938   876.9588588926953 134.83601145018952 81.06968006868199 
  -5210.040164743081   903.2530955056817 134.85016750301216 81.08715058037485 
  -1276.303010996088   6895.783651689492  135.1752596674419 81.11236382033036 
   6246.845635885528   6938.607257620004 135.22311074404132 81.17095038035619 
 -3959.5773260995725 -1385.0881339025732 134.74201344193187 81.09891896534201 
  -3588.119852133223   -582.373199298654 134.78458643970376 81.10111261259289 
    540.580361167228  -414.9632284721727 134.81661183788637  81.1331650814528 
  -708.8233897159274  -4487.804256846058 134.60352590943606 81.12695988866417 
  1980.5435017305747 -4045.8988036843093 134.64087206471785 81.14756271037035 
  2893.0693595616985  -2915.793968346243  134.7033055711627 81.15370465339593 
   5110.467846329039 -1963.4874655384551 134.76424474274472 81.17016962757509 
  2739.2029497911462  1526.5804769951033  134.9276429895128 81.14857971146597 
  3387.3834427720394  2884.0202348715693 135.00024446367738 81.15240685558875 
   8752.702524759621  449.25431748270574 134.90806566296527 81.19643528287047 
