\ The attitudes of the telescope.
|field|block|plate|                ra|                dec|                pa|
| long| long| long|            double|             double|            double|
|     |     |     |               deg|                deg|               deg|
| null| null| null|              null|               null|              null|
     0     0     0 266.35454156227087 -28.753339757816516   303.004733745875 
     0     1     1  266.3532972137038  -28.75305619848297 300.96270257789865 
     0     2     2 266.35720479814023 -28.753991413425485  299.6993204403012 
     0     3     3  266.3531570367512 -28.753865495840813    300.51816539018 
     1     0     4  266.4351403595846 -28.637519551691494 301.45403429534684 
     1     1     5  266.4330288691718  -28.63965918835943 300.23653100756775 
     1     2     6 266.43352641052485  -28.64001712597192  300.7855796817552 
     1     3     7  266.4350451725363 -28.639875083650107 302.20910137324364 
     2     0     8 266.22754624594444 -28.684486277248876  300.1583556822333 
     2     1     9 266.22510714520587 -28.682313118515236 301.37206073484293 
     2     2    10 266.22447707573826  -28.68558536109443  301.0273869760888 
     2     3    11  266.2273922068713  -28.68418403817304 301.81069877413427 
     3     0    12  266.3026405109307 -28.569948528549496 302.48095022749675 
     3     1    13 266.30374900931906 -28.570808147864074 301.78068506041166 
     3     2    14 266.30387939366045 -28.570292018011024  300.3430219755578 
     3     3    15  266.3028649645737  -28.56764421273791 301.37782356925356 
